YY,MM,DD,WDIR,WSPD,ATMP
2012.0,6.0,1.0,1.0,1.64,12.0
2012.0,6.0,2.0,7.0,4.45,15.95
2012.0,6.0,3.0,6.0,3.92,20.4
2012.0,6.0,4.0,1.0,1.95,13.1
2012.0,6.0,5.0,1.0,1.94,11.8
2012.0,6.0,6.0,1.0,2.57,11.95
2012.0,6.0,7.0,1.0,1.5,12.9
2012.0,6.0,8.0,1.0,2.8,16.4
2012.0,6.0,9.0,1.0,2.36,14.55
2012.0,6.0,10.0,1.0,3.44,13.05
2012.0,6.0,11.0,5.0,6.77,21.15
2012.0,6.0,12.0,6.0,5.25,13.35
2012.0,6.0,13.0,5.0,2.86,14.9
2012.0,6.0,14.0,1.0,3.32,12.2
2012.0,6.0,15.0,1.0,1.93,13.5
2012.0,6.0,16.0,1.0,1.87,14.9
2012.0,6.0,17.0,5.0,4.84,18.3
2012.0,6.0,18.0,1.0,2.58,15.4
2012.0,6.0,19.0,6.0,2.98,18.25
2012.0,6.0,20.0,1.0,4.56,16.7
2012.0,6.0,21.0,6.0,4.99,18.8
2012.0,6.0,22.0,6.0,3.4,19.3
2012.0,6.0,23.0,5.0,1.41,17.2
2012.0,6.0,24.0,1.0,2.64,17.2
2012.0,6.0,25.0,1.0,1.58,15.7
2012.0,6.0,26.0,1.0,1.76,18.1
2012.0,6.0,27.0,1.0,2.54,18.3
2012.0,6.0,28.0,6.0,4.12,22.5
2012.0,6.0,29.0,6.0,5.51,24.75
2012.0,6.0,30.0,7.0,3.71,25.4
2012.0,7.0,1.0,1.0,1.35,22.7
2012.0,7.0,2.0,1.0,3.03,20.3
2012.0,7.0,3.0,5.0,4.44,22.7
2012.0,7.0,4.0,1.0,2.93,22.2
2012.0,7.0,5.0,7.0,4.07,25.8
2012.0,7.0,6.0,1.0,2.86,21.8
2012.0,7.0,7.0,1.0,2.05,19.85
2012.0,7.0,8.0,7.0,2.77,25.6
2012.0,7.0,9.0,7.0,2.35,24.95
2012.0,7.0,10.0,1.0,1.42,21.8
2012.0,7.0,11.0,5.0,3.92,25.5
2012.0,7.0,12.0,5.0,3.45,25.8
2012.0,7.0,13.0,5.0,3.68,24.6
2012.0,7.0,14.0,5.0,2.71,23.75
2012.0,7.0,15.0,1.0,2.22,25.45
2012.0,7.0,16.0,1.0,3.36,23.85
2012.0,7.0,17.0,1.0,3.0,20.65
2012.0,7.0,18.0,1.0,5.58,20.1
2012.0,7.0,19.0,1.0,5.41,19.7
2012.0,7.0,20.0,5.0,3.93,20.1
2012.0,7.0,21.0,5.0,2.92,25.1
2012.0,7.0,22.0,1.0,1.48,23.85
2012.0,7.0,23.0,6.0,3.48,25.0
2012.0,7.0,24.0,1.0,3.41,23.3
2012.0,7.0,25.0,1.0,3.59,21.8
2012.0,7.0,26.0,1.0,3.0,21.1
2012.0,7.0,27.0,1.0,3.2,19.85
2012.0,7.0,28.0,5.0,2.02,21.0
2012.0,7.0,29.0,1.0,2.34,23.9
2012.0,7.0,30.0,5.0,4.64,25.4
2012.0,7.0,31.0,7.0,2.39,24.4
2012.0,8.0,1.0,5.0,4.32,24.05
2012.0,8.0,2.0,7.0,4.1,25.6
2012.0,8.0,3.0,1.0,4.28,20.8
2012.0,8.0,4.0,5.0,5.78,20.5
2012.0,8.0,5.0,6.0,5.45,18.6
2012.0,8.0,6.0,5.0,5.18,21.3
2012.0,8.0,7.0,7.0,3.42,24.6
2012.0,8.0,8.0,1.0,1.46,19.6
2012.0,8.0,9.0,1.0,4.18,18.1
2012.0,8.0,10.0,1.0,2.95,17.55
2012.0,8.0,11.0,1.0,1.76,18.4
2012.0,8.0,12.0,5.0,1.54,19.8
2012.0,8.0,13.0,7.0,3.44,21.55
2012.0,8.0,14.0,7.0,1.76,21.2
2012.0,8.0,15.0,1.0,2.24,19.9
2012.0,8.0,16.0,6.0,6.17,18.7
2012.0,8.0,17.0,6.0,2.97,16.0
2012.0,8.0,18.0,6.0,4.01,18.5
2012.0,8.0,19.0,0.0,1.86,17.1
2012.0,8.0,20.0,7.0,2.69,18.6
2012.0,8.0,21.0,5.0,4.36,21.35
2012.0,8.0,22.0,5.0,4.04,21.55
2012.0,8.0,23.0,1.0,2.67,19.4
2012.0,8.0,24.0,1.0,2.65,20.1
2012.0,8.0,25.0,5.0,2.42,20.8
2012.0,8.0,26.0,5.0,4.86,23.7
2012.0,8.0,27.0,7.0,2.7,23.05
2012.0,8.0,28.0,1.0,1.98,20.6
2012.0,8.0,29.0,1.0,2.52,19.9
2012.0,8.0,30.0,5.0,2.65,20.5
2012.0,8.0,31.0,3.0,2.54,23.0
2012.0,9.0,1.0,1.0,2.1,21.1
2012.0,9.0,2.0,1.0,2.87,20.15
2012.0,9.0,3.0,5.0,1.8,20.9
2012.0,9.0,4.0,1.0,1.77,22.75
2012.0,9.0,5.0,6.0,3.54,21.0
2012.0,9.0,6.0,6.0,5.1,19.1
2012.0,9.0,7.0,7.0,5.03,15.6
2012.0,9.0,8.0,7.0,4.97,15.1
2012.0,9.0,9.0,7.0,4.08,15.1
2012.0,9.0,10.0,5.0,2.65,16.75
2012.0,9.0,11.0,5.0,2.63,19.7
2012.0,9.0,12.0,5.0,4.03,18.0
2012.0,9.0,13.0,6.0,5.94,15.55
2012.0,9.0,14.0,7.0,2.62,14.9
2012.0,9.0,15.0,1.0,2.43,13.3
2012.0,9.0,16.0,1.0,1.6,13.4
2012.0,9.0,17.0,7.0,5.49,13.3
2012.0,9.0,18.0,7.0,3.88,9.7
2012.0,9.0,19.0,5.0,4.17,11.15
2012.0,9.0,20.0,6.0,5.52,11.9
2012.0,9.0,21.0,6.0,4.56,10.9
2012.0,9.0,22.0,7.0,5.6,7.7
2012.0,9.0,23.0,6.0,2.82,8.35
2012.0,9.0,24.0,5.0,5.93,10.0
2012.0,9.0,25.0,0.0,1.72,10.85
2012.0,9.0,26.0,7.0,1.88,10.5
2012.0,9.0,27.0,5.0,1.21,9.75
2012.0,9.0,28.0,5.0,1.79,11.6
2012.0,9.0,29.0,1.0,1.33,12.6
2012.0,9.0,30.0,1.0,1.74,10.2
2012.0,10.0,1.0,0.0,2.09,10.2
2012.0,10.0,2.0,1.0,2.34,12.7
2012.0,10.0,3.0,1.0,1.34,11.3
2012.0,10.0,4.0,1.0,6.44,11.7
2012.0,10.0,5.0,6.0,9.3,4.8
2012.0,10.0,6.0,7.0,4.42,3.85
2012.0,10.0,7.0,5.0,5.58,4.8
2012.0,10.0,8.0,5.0,2.58,5.8
2012.0,10.0,9.0,5.0,5.24,7.1
2012.0,10.0,10.0,5.0,4.82,3.8
2012.0,10.0,11.0,7.0,4.74,3.8
2012.0,10.0,12.0,1.0,2.38,2.8
2012.0,10.0,13.0,1.0,1.76,5.7
2012.0,10.0,14.0,1.0,1.72,6.3
2012.0,10.0,15.0,1.0,1.46,6.5
2012.0,10.0,16.0,1.0,2.2,6.5
2012.0,10.0,17.0,1.0,3.94,7.5
2012.0,10.0,18.0,5.0,2.14,8.4
2012.0,10.0,19.0,1.0,2.89,7.9
2012.0,10.0,20.0,1.0,1.05,6.4
2012.0,10.0,21.0,1.0,1.65,6.8
2012.0,10.0,22.0,1.0,2.77,7.9
2012.0,10.0,23.0,1.0,8.49,7.3
2012.0,10.0,24.0,1.0,2.12,7.7
2012.0,10.0,25.0,7.0,8.16,6.35
2012.0,10.0,26.0,6.0,6.26,3.2
2012.0,10.0,27.0,6.0,3.78,2.2
2012.0,10.0,28.0,5.0,1.73,1.8
2012.0,10.0,29.0,1.0,2.67,4.0
2012.0,10.0,30.0,1.0,4.33,3.8
2012.0,10.0,31.0,0.0,2.57,2.2
2013.0,6.0,1.0,1.0,1.81,7.7
2013.0,6.0,2.0,1.0,3.08,9.3
2013.0,6.0,3.0,1.0,1.85,9.1
2013.0,6.0,4.0,1.0,2.91,8.6
2013.0,6.0,5.0,1.0,5.43,6.9
2013.0,6.0,6.0,1.0,5.62,6.85
2013.0,6.0,7.0,1.0,1.51,8.8
2013.0,6.0,8.0,1.0,1.8,11.6
2013.0,6.0,9.0,1.0,3.61,8.5
2013.0,6.0,10.0,1.0,2.0,7.9
2013.0,6.0,11.0,1.0,1.96,10.0
2013.0,6.0,12.0,1.0,1.58,15.0
2013.0,6.0,13.0,1.0,2.31,17.6
2013.0,6.0,14.0,1.0,2.54,11.5
2013.0,6.0,15.0,1.0,2.64,9.35
2013.0,6.0,16.0,6.0,4.8,18.6
2013.0,6.0,17.0,1.0,4.86,9.3
2013.0,6.0,18.0,1.0,1.93,10.2
2013.0,6.0,19.0,1.0,1.56,12.05
2013.0,6.0,20.0,1.0,2.39,12.1
2013.0,6.0,21.0,1.0,3.07,10.8
2013.0,6.0,22.0,1.0,3.54,10.5
2013.0,6.0,23.0,1.0,2.94,9.25
2013.0,6.0,24.0,5.0,2.63,17.25
2013.0,6.0,25.0,1.0,2.01,20.6
2013.0,6.0,26.0,1.0,2.03,14.5
2013.0,6.0,27.0,6.0,3.88,18.9
2013.0,6.0,28.0,6.0,3.71,19.3
2013.0,6.0,29.0,1.0,1.34,16.35
2013.0,6.0,30.0,2.0,1.33,19.4
2013.0,7.0,1.0,1.0,2.7,16.8
2013.0,7.0,2.0,1.0,1.74,13.5
2013.0,7.0,3.0,1.0,1.64,14.5
2013.0,7.0,4.0,1.0,1.65,15.5
2013.0,7.0,5.0,1.0,2.05,17.65
2013.0,7.0,6.0,5.0,2.99,23.7
2013.0,7.0,7.0,1.0,3.49,15.35
2013.0,7.0,8.0,1.0,3.44,12.6
2013.0,7.0,9.0,1.0,1.94,12.0
2013.0,7.0,10.0,7.0,4.26,19.4
2013.0,7.0,11.0,1.0,2.16,20.4
2013.0,7.0,12.0,1.0,2.02,17.1
2013.0,7.0,13.0,5.0,2.36,20.5
2013.0,7.0,14.0,1.0,1.59,17.55
2013.0,7.0,15.0,1.0,1.41,19.0
2013.0,7.0,16.0,1.0,2.67,16.95
2013.0,7.0,17.0,5.0,3.99,27.9
2013.0,7.0,18.0,1.0,2.75,18.9
2013.0,7.0,19.0,6.0,5.94,25.2
2013.0,7.0,20.0,1.0,3.07,17.9
2013.0,7.0,21.0,1.0,4.39,15.3
2013.0,7.0,22.0,1.0,4.67,15.55
2013.0,7.0,23.0,1.0,2.65,18.1
2013.0,7.0,24.0,5.0,2.48,17.7
2013.0,7.0,25.0,5.0,3.48,21.05
2013.0,7.0,26.0,1.0,3.11,13.9
2013.0,7.0,27.0,7.0,3.33,12.1
2013.0,7.0,28.0,7.0,3.64,13.0
2013.0,7.0,29.0,5.0,2.09,17.9
2013.0,7.0,30.0,1.0,1.85,18.1
2013.0,7.0,31.0,6.0,5.21,21.45
2013.0,8.0,1.0,6.0,5.35,20.2
2013.0,8.0,2.0,7.0,3.01,19.7
2013.0,8.0,3.0,7.0,3.61,19.65
2013.0,8.0,4.0,0.0,1.54,17.8
2013.0,8.0,5.0,1.0,1.94,16.9
2013.0,8.0,6.0,5.0,2.29,16.9
2013.0,8.0,7.0,7.0,3.06,19.5
2013.0,8.0,8.0,5.0,2.43,17.55
2013.0,8.0,9.0,6.0,4.67,19.2
2013.0,8.0,10.0,5.0,1.7,18.05
2013.0,8.0,11.0,5.0,2.56,20.35
2013.0,8.0,12.0,1.0,2.88,19.2
2013.0,8.0,13.0,1.0,1.52,16.1
2013.0,8.0,14.0,2.0,1.32,15.9
2013.0,8.0,15.0,5.0,1.87,19.4
2013.0,8.0,16.0,5.0,1.71,20.45
2013.0,8.0,17.0,5.0,4.36,22.3
2013.0,8.0,18.0,5.0,4.78,21.7
2013.0,8.0,19.0,5.0,4.41,22.15
2013.0,8.0,20.0,5.0,3.59,24.8
2013.0,8.0,21.0,5.0,3.79,26.1
2013.0,8.0,22.0,2.0,1.94,22.15
2013.0,8.0,23.0,1.0,1.19,19.0
2013.0,8.0,24.0,1.0,2.43,19.1
2013.0,8.0,25.0,5.0,5.3,26.35
2013.0,8.0,26.0,1.0,2.01,23.2
2013.0,8.0,27.0,1.0,2.12,21.1
2013.0,8.0,28.0,1.0,1.2,19.9
2013.0,8.0,29.0,1.0,1.26,21.1
2013.0,8.0,30.0,1.0,2.17,23.0
2013.0,8.0,31.0,5.0,2.55,20.6
2013.0,9.0,1.0,7.0,5.31,20.75
2013.0,9.0,2.0,0.0,2.21,14.7
2013.0,9.0,3.0,5.0,3.32,16.8
2013.0,9.0,4.0,1.0,3.99,16.7
2013.0,9.0,5.0,1.0,1.44,15.1
2013.0,9.0,6.0,5.0,1.91,17.3
2013.0,9.0,7.0,1.0,2.29,19.7
2013.0,9.0,8.0,1.0,3.39,16.0
2013.0,9.0,9.0,1.0,2.79,15.4
2013.0,9.0,10.0,5.0,2.86,19.75
2013.0,9.0,11.0,7.0,4.33,20.95
2013.0,9.0,12.0,0.0,2.94,15.9
2013.0,9.0,13.0,0.0,1.44,14.2
2013.0,9.0,14.0,5.0,4.49,15.55
2013.0,9.0,15.0,1.0,3.94,14.2
2013.0,9.0,16.0,5.0,1.39,10.7
2013.0,9.0,17.0,1.0,1.92,12.85
2013.0,9.0,18.0,1.0,2.23,15.3
2013.0,9.0,19.0,1.0,2.09,15.7
2013.0,9.0,20.0,7.0,3.56,16.0
2013.0,9.0,21.0,7.0,2.66,11.7
2013.0,9.0,22.0,1.0,3.22,11.85
2013.0,9.0,23.0,1.0,3.12,13.4
2013.0,9.0,24.0,1.0,1.58,14.2
2013.0,9.0,25.0,1.0,2.05,12.7
2013.0,9.0,26.0,1.0,4.69,12.7
2013.0,9.0,27.0,1.0,2.31,15.1
2013.0,9.0,28.0,5.0,3.13,18.6
2013.0,9.0,29.0,5.0,4.18,12.25
2013.0,9.0,30.0,5.0,3.2,16.3
2013.0,10.0,1.0,5.0,4.3,18.8
2013.0,10.0,2.0,5.0,3.72,15.05
2013.0,10.0,3.0,1.0,3.98,13.0
2013.0,10.0,4.0,1.0,6.83,12.4
2013.0,10.0,5.0,1.0,11.48,10.0
2013.0,10.0,6.0,1.0,5.49,10.15
2013.0,10.0,7.0,7.0,4.38,10.1
2013.0,10.0,8.0,1.0,1.95,12.7
2013.0,10.0,9.0,5.0,3.44,18.0
2013.0,10.0,10.0,1.0,1.96,13.8
2013.0,10.0,11.0,1.0,3.84,13.65
2013.0,10.0,12.0,5.0,6.53,13.9
2013.0,10.0,13.0,5.0,3.53,10.2
2013.0,10.0,14.0,1.0,2.18,9.6
2013.0,10.0,15.0,1.0,8.86,9.7
2013.0,10.0,16.0,0.0,2.93,7.7
2013.0,10.0,17.0,5.0,2.04,7.9
2013.0,10.0,18.0,7.0,3.32,7.3
2013.0,10.0,19.0,5.0,2.72,5.8
2013.0,10.0,20.0,7.0,2.13,3.8
2013.0,10.0,21.0,6.0,6.07,2.1
2013.0,10.0,22.0,7.0,3.16,2.9
2013.0,10.0,23.0,7.0,4.71,2.1
2013.0,10.0,24.0,6.0,3.25,1.9
2013.0,10.0,25.0,5.0,5.15,3.0
2013.0,10.0,26.0,7.0,4.45,6.7
2013.0,10.0,27.0,5.0,3.87,4.9
2013.0,10.0,28.0,1.0,3.5,2.0
2013.0,10.0,29.0,6.0,1.28,1.2
2013.0,10.0,30.0,1.0,1.89,4.45
2013.0,10.0,31.0,1.0,1.03,7.2
2014.0,6.0,1.0,1.0,2.02,8.0
2014.0,6.0,2.0,1.0,2.02,8.0
2014.0,6.0,3.0,6.0,6.65,17.15
2014.0,6.0,4.0,1.0,1.68,12.9
2014.0,6.0,5.0,1.0,2.15,8.9
2014.0,6.0,6.0,2.0,1.85,11.65
2014.0,6.0,7.0,1.0,2.18,13.3
2014.0,6.0,8.0,2.0,1.44,14.05
2014.0,6.0,9.0,2.0,1.82,10.45
2014.0,6.0,10.0,1.0,2.23,9.75
2014.0,6.0,11.0,2.0,2.06,10.6
2014.0,6.0,12.0,6.0,6.2,11.45
2014.0,6.0,13.0,7.0,4.09,14.0
2014.0,6.0,14.0,1.0,5.04,7.65
2014.0,6.0,15.0,1.0,7.22,8.3
2014.0,6.0,16.0,5.0,4.17,18.85
2014.0,6.0,17.0,1.0,1.57,13.9
2014.0,6.0,18.0,1.0,6.7,11.5
2014.0,6.0,19.0,1.0,6.13,9.4
2014.0,6.0,20.0,1.0,3.31,7.6
2014.0,6.0,21.0,1.0,3.77,7.2
2014.0,6.0,22.0,1.0,2.55,8.6
2014.0,6.0,23.0,2.0,1.29,10.0
2014.0,6.0,24.0,2.0,3.46,10.5
2014.0,6.0,25.0,1.0,5.61,9.3
2014.0,6.0,26.0,1.0,2.54,9.5
2014.0,6.0,27.0,1.0,3.09,9.3
2014.0,6.0,28.0,1.0,2.87,10.25
2014.0,6.0,29.0,1.0,3.53,13.5
2014.0,6.0,30.0,5.0,7.86,23.65
2014.0,7.0,1.0,6.0,6.68,20.4
2014.0,7.0,2.0,0.0,3.8,16.35
2014.0,7.0,3.0,7.0,2.8,19.3
2014.0,7.0,4.0,1.0,2.45,16.1
2014.0,7.0,5.0,5.0,3.8,16.75
2014.0,7.0,6.0,5.0,4.27,21.05
2014.0,7.0,7.0,6.0,5.21,23.15
2014.0,7.0,8.0,1.0,2.18,12.7
2014.0,7.0,9.0,7.0,3.07,17.25
2014.0,7.0,10.0,1.0,1.7,15.5
2014.0,7.0,11.0,2.0,1.61,13.5
2014.0,7.0,12.0,5.0,2.12,20.8
2014.0,7.0,13.0,6.0,5.69,19.65
2014.0,7.0,14.0,6.0,4.05,14.1
2014.0,7.0,15.0,0.0,3.97,15.4
2014.0,7.0,16.0,1.0,1.88,15.5
2014.0,7.0,17.0,5.0,3.37,20.5
2014.0,7.0,18.0,1.0,2.06,15.9
2014.0,7.0,19.0,1.0,3.01,13.9
2014.0,7.0,20.0,1.0,2.23,15.4
2014.0,7.0,21.0,5.0,2.89,23.7
2014.0,7.0,22.0,1.0,5.18,21.9
2014.0,7.0,23.0,1.0,2.14,19.4
2014.0,7.0,24.0,2.0,1.3,16.0
2014.0,7.0,25.0,1.0,1.5,15.9
2014.0,7.0,26.0,5.0,3.37,21.7
2014.0,7.0,27.0,1.0,3.17,15.6
2014.0,7.0,28.0,7.0,3.76,17.9
2014.0,7.0,29.0,7.0,4.74,20.1
2014.0,7.0,30.0,5.0,2.65,16.6
2014.0,7.0,31.0,7.0,2.82,22.4
2014.0,8.0,1.0,2.0,1.58,18.0
2014.0,8.0,2.0,2.0,1.33,16.4
2014.0,8.0,3.0,1.0,1.24,19.55
2014.0,8.0,4.0,1.0,2.48,17.95
2014.0,8.0,5.0,2.0,1.42,17.4
2014.0,8.0,6.0,1.0,2.13,20.5
2014.0,8.0,7.0,1.0,2.28,17.5
2014.0,8.0,8.0,1.0,1.86,18.4
2014.0,8.0,9.0,1.0,1.41,19.1
2014.0,8.0,10.0,1.0,1.48,20.7
2014.0,8.0,11.0,1.0,2.9,19.3
2014.0,8.0,12.0,0.0,2.91,17.8
2014.0,8.0,13.0,1.0,2.31,20.2
2014.0,8.0,14.0,1.0,1.88,18.5
2014.0,8.0,15.0,5.0,1.96,19.2
2014.0,8.0,16.0,5.0,4.03,22.9
2014.0,8.0,17.0,2.0,6.2,16.3
2014.0,8.0,18.0,2.0,4.22,15.4
2014.0,8.0,19.0,1.0,2.05,16.2
2014.0,8.0,20.0,1.0,1.44,17.9
2014.0,8.0,21.0,1.0,5.72,17.5
2014.0,8.0,22.0,2.0,4.01,17.2
2014.0,8.0,23.0,1.0,3.83,17.7
2014.0,8.0,24.0,1.0,5.53,17.7
2014.0,8.0,25.0,5.0,3.84,18.6
2014.0,8.0,26.0,6.0,5.01,17.1
2014.0,8.0,27.0,3.0,1.91,16.45
2014.0,8.0,28.0,1.0,1.67,18.0
2014.0,8.0,29.0,1.0,2.55,17.0
2014.0,8.0,30.0,1.0,1.39,17.15
2014.0,8.0,31.0,1.0,3.26,17.1
2014.0,9.0,1.0,6.0,3.97,18.9
2014.0,9.0,2.0,5.0,4.49,18.8
2014.0,9.0,3.0,5.0,3.14,17.8
2014.0,9.0,4.0,1.0,3.16,17.8
2014.0,9.0,5.0,7.0,4.34,17.4
2014.0,9.0,6.0,6.0,5.41,15.7
2014.0,9.0,7.0,5.0,5.07,18.55
2014.0,9.0,8.0,5.0,3.72,19.75
2014.0,9.0,9.0,5.0,2.5,19.1
2014.0,9.0,10.0,1.0,5.85,9.9
2014.0,9.0,11.0,0.0,2.84,9.6
2014.0,9.0,12.0,7.0,2.94,9.4
2014.0,9.0,13.0,5.0,3.21,9.5
2014.0,9.0,14.0,6.0,5.17,12.6
2014.0,9.0,15.0,7.0,4.11,11.9
2014.0,9.0,16.0,6.0,6.59,12.6
2014.0,9.0,17.0,5.0,4.1,12.35
2014.0,9.0,18.0,2.0,4.69,9.1
2014.0,9.0,19.0,5.0,3.96,11.6
2014.0,9.0,20.0,6.0,4.48,17.7
2014.0,9.0,21.0,0.0,3.46,13.7
2014.0,9.0,22.0,7.0,4.68,14.65
2014.0,9.0,23.0,5.0,2.37,16.1
2014.0,9.0,24.0,1.0,1.65,15.2
2014.0,9.0,25.0,1.0,1.63,15.0
2014.0,9.0,26.0,1.0,1.44,14.2
2014.0,9.0,27.0,1.0,1.39,15.2
2014.0,9.0,28.0,5.0,2.24,16.2
2014.0,9.0,29.0,2.0,5.69,9.0
2014.0,9.0,30.0,2.0,4.95,8.6
2014.0,10.0,1.0,2.0,3.3,10.0
2014.0,10.0,2.0,5.0,1.63,13.0
2014.0,10.0,3.0,7.0,6.48,10.2
2014.0,10.0,4.0,7.0,7.68,6.2
2014.0,10.0,5.0,6.0,5.67,5.6
2014.0,10.0,6.0,5.0,6.11,6.75
2014.0,10.0,7.0,6.0,5.02,8.35
2014.0,10.0,8.0,6.0,5.0,6.8
2014.0,10.0,9.0,7.0,5.27,6.6
2014.0,10.0,10.0,5.0,3.23,7.0
2014.0,10.0,11.0,5.0,2.91,7.1
2014.0,10.0,12.0,5.0,3.05,8.7
2014.0,10.0,13.0,1.0,1.48,10.1
2014.0,10.0,14.0,1.0,2.54,10.8
2014.0,10.0,15.0,1.0,1.49,10.9
2014.0,10.0,16.0,1.0,3.63,8.5
2014.0,10.0,17.0,0.0,3.31,8.75
2014.0,10.0,18.0,0.0,2.3,6.3
2014.0,10.0,19.0,5.0,2.6,6.5
2014.0,10.0,20.0,7.0,3.12,10.4
2014.0,10.0,21.0,2.0,4.5,7.9
2014.0,10.0,22.0,1.0,2.21,7.1
2014.0,10.0,23.0,5.0,2.19,10.6
2014.0,10.0,24.0,5.0,2.8,9.8
2014.0,10.0,25.0,6.0,6.89,14.4
2014.0,10.0,26.0,6.0,3.3,9.0
2014.0,10.0,27.0,1.0,5.18,8.6
2014.0,10.0,28.0,6.0,4.72,7.8
2014.0,10.0,29.0,6.0,4.35,4.3
2014.0,10.0,30.0,6.0,3.57,4.6
2014.0,10.0,31.0,0.0,3.57,0.1
2015.0,6.0,1.0,1.0,3.93,6.5
2015.0,6.0,2.0,1.0,2.27,8.4
2015.0,6.0,3.0,1.0,2.14,9.9
2015.0,6.0,4.0,1.0,1.75,9.4
2015.0,6.0,5.0,1.0,2.49,9.7
2015.0,6.0,6.0,1.0,3.5,7.6
2015.0,6.0,7.0,1.0,3.16,9.6
2015.0,6.0,8.0,7.0,4.38,19.7
2015.0,6.0,9.0,1.0,1.78,17.45
2015.0,6.0,10.0,7.0,4.73,20.65
2015.0,6.0,11.0,1.0,1.28,16.1
2015.0,6.0,12.0,1.0,1.63,13.7
2015.0,6.0,13.0,1.0,2.65,12.0
2015.0,6.0,14.0,1.0,1.43,12.0
2015.0,6.0,15.0,7.0,3.62,18.9
2015.0,6.0,16.0,7.0,2.22,15.3
2015.0,6.0,17.0,1.0,1.51,12.9
2015.0,6.0,18.0,1.0,1.62,16.3
2015.0,6.0,19.0,1.0,1.85,13.9
2015.0,6.0,20.0,1.0,2.14,12.5
2015.0,6.0,21.0,1.0,1.48,12.4
2015.0,6.0,22.0,1.0,2.59,15.0
2015.0,6.0,23.0,7.0,5.31,18.75
2015.0,6.0,24.0,1.0,2.83,18.1
2015.0,6.0,25.0,1.0,1.82,14.55
2015.0,6.0,26.0,1.0,1.85,15.0
2015.0,6.0,27.0,5.0,2.15,18.5
2015.0,6.0,28.0,5.0,2.51,20.7
2015.0,6.0,29.0,5.0,1.74,18.6
2015.0,6.0,30.0,1.0,2.75,16.5
2015.0,7.0,1.0,1.0,1.8,14.3
2015.0,7.0,2.0,5.0,2.25,17.2
2015.0,7.0,3.0,5.0,3.84,21.8
2015.0,7.0,4.0,1.0,1.97,19.4
2015.0,7.0,5.0,1.0,2.15,17.25
2015.0,7.0,6.0,1.0,2.27,19.3
2015.0,7.0,7.0,0.0,2.81,16.4
2015.0,7.0,8.0,5.0,3.13,19.2
2015.0,7.0,9.0,5.0,2.31,21.15
2015.0,7.0,10.0,5.0,3.32,24.15
2015.0,7.0,11.0,5.0,1.96,24.3
2015.0,7.0,12.0,1.0,2.02,22.1
2015.0,7.0,13.0,5.0,3.16,21.2
2015.0,7.0,14.0,1.0,3.75,20.9
2015.0,7.0,15.0,1.0,2.56,17.4
2015.0,7.0,16.0,1.0,2.52,17.7
2015.0,7.0,17.0,5.0,3.0,19.4
2015.0,7.0,18.0,5.0,3.45,23.1
2015.0,7.0,19.0,6.0,6.55,22.55
2015.0,7.0,20.0,7.0,5.85,22.9
2015.0,7.0,21.0,7.0,4.82,20.8
2015.0,7.0,22.0,1.0,1.58,20.3
2015.0,7.0,23.0,5.0,2.07,19.5
2015.0,7.0,24.0,5.0,3.72,24.7
2015.0,7.0,25.0,5.0,2.24,24.8
2015.0,7.0,26.0,5.0,2.2,24.3
2015.0,7.0,27.0,1.0,1.7,24.9
2015.0,7.0,28.0,1.0,3.91,23.5
2015.0,7.0,29.0,5.0,7.06,22.4
2015.0,7.0,30.0,6.0,6.8,25.4
2015.0,7.0,31.0,6.0,6.48,22.5
2015.0,8.0,1.0,6.0,5.37,22.0
2015.0,8.0,2.0,5.0,3.73,22.4
2015.0,8.0,3.0,6.0,5.68,19.3
2015.0,8.0,4.0,7.0,3.85,17.4
2015.0,8.0,5.0,1.0,1.35,15.0
2015.0,8.0,6.0,1.0,1.95,13.9
2015.0,8.0,7.0,1.0,3.02,13.0
2015.0,8.0,8.0,1.0,1.15,13.0
2015.0,8.0,9.0,1.0,1.29,15.1
2015.0,8.0,10.0,7.0,2.5,21.7
2015.0,8.0,11.0,0.0,2.29,19.9
2015.0,8.0,12.0,5.0,3.1,18.0
2015.0,8.0,13.0,5.0,3.18,24.9
2015.0,8.0,14.0,4.0,2.82,26.4
2015.0,8.0,15.0,1.0,1.26,20.35
2015.0,8.0,16.0,5.0,4.2,23.6
2015.0,8.0,17.0,7.0,3.01,20.0
2015.0,8.0,18.0,1.0,3.55,17.1
2015.0,8.0,19.0,1.0,5.63,14.7
2015.0,8.0,20.0,7.0,4.58,14.05
2015.0,8.0,21.0,1.0,1.44,15.35
2015.0,8.0,22.0,1.0,2.71,15.25
2015.0,8.0,23.0,5.0,6.95,16.2
2015.0,8.0,24.0,6.0,6.76,14.1
2015.0,8.0,25.0,7.0,2.78,13.45
2015.0,8.0,26.0,2.0,1.49,14.35
2015.0,8.0,27.0,1.0,1.1,15.0
2015.0,8.0,28.0,5.0,2.82,14.5
2015.0,8.0,29.0,5.0,3.99,20.2
2015.0,8.0,30.0,5.0,3.74,20.7
2015.0,8.0,31.0,5.0,3.87,21.9
2015.0,9.0,1.0,5.0,1.96,23.3
2015.0,9.0,2.0,1.0,1.81,19.2
2015.0,9.0,3.0,1.0,2.6,16.1
2015.0,9.0,4.0,1.0,2.97,17.25
2015.0,9.0,5.0,1.0,1.77,17.6
2015.0,9.0,6.0,5.0,2.31,20.1
2015.0,9.0,7.0,7.0,3.21,21.6
2015.0,9.0,8.0,6.0,2.87,19.4
2015.0,9.0,9.0,6.0,4.96,18.0
2015.0,9.0,10.0,7.0,3.7,17.25
2015.0,9.0,11.0,7.0,3.14,12.7
2015.0,9.0,12.0,7.0,1.77,13.6
2015.0,9.0,13.0,5.0,5.08,15.9
2015.0,9.0,14.0,5.0,3.3,18.4
2015.0,9.0,15.0,1.0,2.14,17.6
2015.0,9.0,16.0,5.0,5.03,24.0
2015.0,9.0,17.0,5.0,3.75,21.05
2015.0,9.0,18.0,7.0,2.8,16.75
2015.0,9.0,19.0,7.0,4.94,15.6
2015.0,9.0,20.0,5.0,4.68,16.7
2015.0,9.0,21.0,5.0,3.38,17.55
2015.0,9.0,22.0,5.0,3.62,20.2
2015.0,9.0,23.0,1.0,3.92,13.1
2015.0,9.0,24.0,1.0,5.47,12.6
2015.0,9.0,25.0,1.0,3.09,13.0
2015.0,9.0,26.0,1.0,3.16,12.7
2015.0,9.0,27.0,1.0,1.4,12.8
2015.0,9.0,28.0,6.0,1.94,18.9
2015.0,9.0,29.0,0.0,2.02,12.25
2015.0,9.0,30.0,5.0,1.69,11.6
2015.0,10.0,1.0,1.0,3.43,11.5
2015.0,10.0,2.0,1.0,5.03,11.2
2015.0,10.0,3.0,1.0,5.51,10.9
2015.0,10.0,4.0,1.0,3.04,10.3
2015.0,10.0,5.0,5.0,1.92,10.7
2015.0,10.0,6.0,5.0,3.91,14.2
2015.0,10.0,7.0,1.0,1.93,10.3
2015.0,10.0,8.0,1.0,2.12,10.6
2015.0,10.0,9.0,7.0,3.19,10.7
2015.0,10.0,10.0,5.0,5.24,10.2
2015.0,10.0,11.0,5.0,4.83,17.4
2015.0,10.0,12.0,5.0,6.29,14.7
2015.0,10.0,13.0,7.0,5.26,8.7
2015.0,10.0,14.0,5.0,4.42,9.15
2015.0,10.0,15.0,6.0,6.35,11.5
2015.0,10.0,16.0,7.0,4.57,5.6
2015.0,10.0,17.0,6.0,2.16,5.2
2015.0,10.0,18.0,1.0,1.82,6.95
2015.0,10.0,19.0,5.0,3.73,12.5
2015.0,10.0,20.0,1.0,6.16,10.6
2015.0,10.0,21.0,1.0,6.11,9.6
2015.0,10.0,22.0,5.0,3.11,8.2
2015.0,10.0,23.0,1.0,3.86,8.7
2015.0,10.0,24.0,7.0,2.96,9.7
2015.0,10.0,25.0,6.0,2.63,8.5
2015.0,10.0,26.0,1.0,2.47,8.15
2015.0,10.0,27.0,1.0,4.66,9.0
2015.0,10.0,28.0,1.0,4.36,8.5
2015.0,10.0,29.0,7.0,4.47,5.4
2015.0,10.0,30.0,5.0,3.61,6.6
2015.0,10.0,31.0,5.0,3.03,8.2
2016.0,6.0,1.0,1.0,3.38,6.6
2016.0,6.0,2.0,6.0,4.24,13.9
2016.0,6.0,3.0,1.0,1.91,9.5
2016.0,6.0,4.0,1.0,2.51,7.7
2016.0,6.0,5.0,7.0,2.99,13.05
2016.0,6.0,6.0,7.0,5.25,14.5
2016.0,6.0,7.0,0.0,2.76,13.7
2016.0,6.0,8.0,1.0,1.51,11.0
2016.0,6.0,9.0,1.0,1.71,10.9
2016.0,6.0,10.0,1.0,2.5,9.7
2016.0,6.0,11.0,7.0,4.29,22.7
2016.0,6.0,12.0,1.0,3.7,13.05
2016.0,6.0,13.0,1.0,2.83,9.15
2016.0,6.0,14.0,1.0,4.04,9.3
2016.0,6.0,15.0,1.0,3.21,9.6
2016.0,6.0,16.0,1.0,1.24,10.8
2016.0,6.0,17.0,1.0,1.13,14.5
2016.0,6.0,18.0,1.0,1.22,18.25
2016.0,6.0,19.0,1.0,2.68,17.55
2016.0,6.0,20.0,6.0,6.97,22.0
2016.0,6.0,21.0,6.0,6.15,19.3
2016.0,6.0,22.0,1.0,2.75,14.1
2016.0,6.0,23.0,1.0,1.71,15.2
2016.0,6.0,24.0,5.0,2.44,21.5
2016.0,6.0,25.0,1.0,2.04,16.8
2016.0,6.0,26.0,5.0,5.79,20.0
2016.0,6.0,27.0,7.0,4.56,18.5
2016.0,6.0,28.0,2.0,1.57,16.7
2016.0,6.0,29.0,5.0,3.57,20.0
2016.0,6.0,30.0,5.0,1.92,18.5
2016.0,7.0,1.0,0.0,2.27,15.0
2016.0,7.0,2.0,5.0,2.21,19.6
2016.0,7.0,3.0,1.0,1.02,19.9
2016.0,7.0,4.0,5.0,2.72,20.45
2016.0,7.0,5.0,5.0,3.25,23.2
2016.0,7.0,6.0,7.0,2.09,21.3
2016.0,7.0,7.0,1.0,2.03,17.0
2016.0,7.0,8.0,1.0,3.11,16.1
2016.0,7.0,9.0,1.0,1.59,16.1
2016.0,7.0,10.0,1.0,3.66,16.55
2016.0,7.0,11.0,1.0,2.23,16.7
2016.0,7.0,12.0,5.0,5.56,20.7
2016.0,7.0,13.0,5.0,6.48,22.7
2016.0,7.0,14.0,6.0,4.79,18.9
2016.0,7.0,15.0,1.0,1.31,16.8
2016.0,7.0,16.0,1.0,1.23,15.3
2016.0,7.0,17.0,1.0,4.3,19.3
2016.0,7.0,18.0,7.0,3.74,22.05
2016.0,7.0,19.0,1.0,1.48,19.5
2016.0,7.0,20.0,1.0,1.3,18.35
2016.0,7.0,21.0,6.0,3.92,21.2
2016.0,7.0,22.0,6.0,3.32,25.5
2016.0,7.0,23.0,1.0,2.71,21.6
2016.0,7.0,24.0,6.0,3.92,18.8
2016.0,7.0,25.0,6.0,4.08,23.4
2016.0,7.0,26.0,5.0,3.41,25.2
2016.0,7.0,27.0,1.0,3.22,20.2
2016.0,7.0,28.0,1.0,2.36,18.6
2016.0,7.0,29.0,1.0,1.29,17.8
2016.0,7.0,30.0,1.0,1.45,18.4
2016.0,7.0,31.0,1.0,1.87,19.6
2016.0,8.0,1.0,1.0,2.0,20.3
2016.0,8.0,2.0,1.0,1.81,20.6
2016.0,8.0,3.0,1.0,1.37,23.6
2016.0,8.0,4.0,5.0,3.49,23.2
2016.0,8.0,5.0,6.0,5.09,20.7
2016.0,8.0,6.0,7.0,3.38,20.85
2016.0,8.0,7.0,0.0,1.62,21.8
2016.0,8.0,8.0,1.0,1.22,21.05
2016.0,8.0,9.0,5.0,3.6,22.1
2016.0,8.0,10.0,1.0,3.83,20.2
2016.0,8.0,11.0,1.0,3.05,18.6
2016.0,8.0,12.0,1.0,2.2,18.6
2016.0,8.0,13.0,7.0,2.33,17.4
2016.0,8.0,14.0,7.0,2.54,21.95
2016.0,8.0,15.0,5.0,1.99,22.4
2016.0,8.0,16.0,1.0,1.65,22.1
2016.0,8.0,17.0,5.0,2.02,23.0
2016.0,8.0,18.0,5.0,2.67,24.4
2016.0,8.0,19.0,7.0,2.01,23.0
2016.0,8.0,20.0,7.0,2.66,20.1
2016.0,8.0,21.0,7.0,3.64,17.3
2016.0,8.0,22.0,5.0,3.96,18.6
2016.0,8.0,23.0,5.0,3.65,23.9
2016.0,8.0,24.0,5.0,3.06,23.8
2016.0,8.0,25.0,6.0,5.81,20.4
2016.0,8.0,26.0,7.0,4.23,18.15
2016.0,8.0,27.0,1.0,1.67,18.1
2016.0,8.0,28.0,6.0,1.58,17.05
2016.0,8.0,29.0,1.0,2.36,19.1
2016.0,8.0,30.0,0.0,2.85,21.4
2016.0,8.0,31.0,0.0,1.87,20.0
2016.0,9.0,1.0,1.0,2.53,18.7
2016.0,9.0,2.0,1.0,1.67,17.45
2016.0,9.0,3.0,5.0,2.7,18.6
2016.0,9.0,4.0,4.0,2.78,19.8
2016.0,9.0,5.0,5.0,3.29,22.0
2016.0,9.0,6.0,5.0,1.86,22.25
2016.0,9.0,7.0,1.0,2.5,19.2
2016.0,9.0,8.0,6.0,4.6,18.2
2016.0,9.0,9.0,5.0,2.43,19.0
2016.0,9.0,10.0,7.0,3.5,18.6
2016.0,9.0,11.0,5.0,4.12,17.0
2016.0,9.0,12.0,5.0,3.7,20.0
2016.0,9.0,13.0,7.0,3.0,15.1
2016.0,9.0,14.0,7.0,2.87,12.35
2016.0,9.0,15.0,1.0,1.77,14.5
2016.0,9.0,16.0,1.0,1.95,17.65
2016.0,9.0,17.0,6.0,3.67,18.05
2016.0,9.0,18.0,1.0,1.95,16.0
2016.0,9.0,19.0,6.0,4.77,18.1
2016.0,9.0,20.0,5.0,3.34,17.15
2016.0,9.0,21.0,1.0,2.48,16.4
2016.0,9.0,22.0,1.0,2.79,15.0
2016.0,9.0,23.0,1.0,4.5,14.45
2016.0,9.0,24.0,1.0,4.37,14.7
2016.0,9.0,25.0,1.0,3.1,15.4
2016.0,9.0,26.0,6.0,7.24,12.6
2016.0,9.0,27.0,6.0,4.54,11.8
2016.0,9.0,28.0,0.0,2.97,12.5
2016.0,9.0,29.0,1.0,1.86,13.7
2016.0,9.0,30.0,1.0,3.32,12.6
2016.0,10.0,1.0,1.0,2.1,12.4
2016.0,10.0,2.0,1.0,0.98,13.6
2016.0,10.0,3.0,1.0,2.03,13.0
2016.0,10.0,4.0,1.0,2.27,13.3
2016.0,10.0,5.0,5.0,4.11,16.7
2016.0,10.0,6.0,5.0,3.85,13.0
2016.0,10.0,7.0,7.0,6.44,7.0
2016.0,10.0,8.0,6.0,4.54,6.3
2016.0,10.0,9.0,7.0,1.77,9.1
2016.0,10.0,10.0,5.0,3.07,11.0
2016.0,10.0,11.0,5.0,3.05,16.1
2016.0,10.0,12.0,7.0,3.76,7.6
2016.0,10.0,13.0,6.0,3.85,5.5
2016.0,10.0,14.0,5.0,3.02,9.7
2016.0,10.0,15.0,5.0,5.4,17.2
2016.0,10.0,16.0,1.0,2.49,11.6
2016.0,10.0,17.0,1.0,4.29,9.8
2016.0,10.0,18.0,5.0,2.65,11.9
2016.0,10.0,19.0,6.0,4.26,8.6
2016.0,10.0,20.0,7.0,2.65,7.1
2016.0,10.0,21.0,1.0,1.56,6.7
2016.0,10.0,22.0,4.0,1.64,9.4
2016.0,10.0,23.0,1.0,3.95,9.45
2016.0,10.0,24.0,7.0,2.67,6.1
2016.0,10.0,25.0,1.0,3.34,7.4
2016.0,10.0,26.0,2.0,3.42,7.0
2016.0,10.0,27.0,5.0,2.72,6.3
2016.0,10.0,28.0,4.0,2.56,7.9
2016.0,10.0,29.0,7.0,3.0,11.4
2016.0,10.0,30.0,7.0,2.68,6.8
2016.0,10.0,31.0,4.0,2.7,6.4
2017.0,6.0,1.0,5.0,2.58,17.45
2017.0,6.0,2.0,1.0,2.1,13.25
2017.0,6.0,3.0,1.0,1.76,9.8
2017.0,6.0,4.0,1.0,4.16,11.5
2017.0,6.0,5.0,1.0,1.81,9.2
2017.0,6.0,6.0,1.0,1.26,13.4
2017.0,6.0,7.0,1.0,1.28,13.8
2017.0,6.0,8.0,1.0,1.42,16.8
2017.0,6.0,9.0,1.0,1.85,13.4
2017.0,6.0,10.0,1.0,4.56,15.0
2017.0,6.0,11.0,6.0,2.59,17.85
2017.0,6.0,12.0,2.0,2.19,17.95
2017.0,6.0,13.0,1.0,4.02,14.1
2017.0,6.0,14.0,1.0,4.01,10.75
2017.0,6.0,15.0,1.0,3.27,9.7
2017.0,6.0,16.0,6.0,4.93,22.65
2017.0,6.0,17.0,1.0,2.08,18.4
2017.0,6.0,18.0,7.0,3.68,17.2
2017.0,6.0,19.0,7.0,4.18,16.4
2017.0,6.0,20.0,7.0,2.57,17.6
2017.0,6.0,21.0,1.0,1.29,15.9
2017.0,6.0,22.0,5.0,2.83,15.9
2017.0,6.0,23.0,6.0,5.62,18.45
2017.0,6.0,24.0,7.0,5.28,15.6
2017.0,6.0,25.0,7.0,4.24,14.9
2017.0,6.0,26.0,7.0,3.71,14.2
2017.0,6.0,27.0,5.0,4.1,17.15
2017.0,6.0,28.0,1.0,3.08,12.55
2017.0,6.0,29.0,7.0,2.88,16.3
2017.0,6.0,30.0,7.0,1.79,17.3
2017.0,7.0,1.0,6.0,2.57,16.3
2017.0,7.0,2.0,7.0,3.02,20.3
2017.0,7.0,3.0,1.0,1.22,17.7
2017.0,7.0,4.0,1.0,1.72,15.1
2017.0,7.0,5.0,5.0,3.19,17.4
2017.0,7.0,6.0,5.0,4.53,25.0
2017.0,7.0,7.0,7.0,2.61,19.4
2017.0,7.0,8.0,6.0,3.77,20.5
2017.0,7.0,9.0,5.0,2.5,18.2
2017.0,7.0,10.0,1.0,1.77,18.6
2017.0,7.0,11.0,1.0,1.99,20.3
2017.0,7.0,12.0,1.0,6.14,13.7
2017.0,7.0,13.0,1.0,3.46,12.1
2017.0,7.0,14.0,4.0,1.95,14.5
2017.0,7.0,15.0,5.0,3.88,22.3
2017.0,7.0,16.0,1.0,3.93,16.6
2017.0,7.0,17.0,1.0,2.16,15.3
2017.0,7.0,18.0,5.0,2.39,20.8
2017.0,7.0,19.0,7.0,1.57,21.95
2017.0,7.0,20.0,6.0,2.17,21.1
2017.0,7.0,21.0,1.0,2.08,21.0
2017.0,7.0,22.0,1.0,1.8,17.8
2017.0,7.0,23.0,1.0,1.41,15.3
2017.0,7.0,24.0,1.0,1.33,16.1
2017.0,7.0,25.0,1.0,1.95,17.9
2017.0,7.0,26.0,6.0,2.38,22.2
2017.0,7.0,27.0,0.0,1.74,22.6
2017.0,7.0,28.0,,,
2017.0,7.0,29.0,,,
2017.0,7.0,30.0,5.0,4.06,29.45
2017.0,7.0,31.0,5.0,3.2,25.1
2017.0,8.0,1.0,5.0,3.35,25.25
2017.0,8.0,2.0,1.0,3.32,19.4
2017.0,8.0,3.0,1.0,3.55,14.5
2017.0,8.0,4.0,7.0,3.56,14.3
2017.0,8.0,5.0,5.0,2.68,18.2
2017.0,8.0,6.0,1.0,1.87,19.5
2017.0,8.0,7.0,6.0,2.45,18.3
2017.0,8.0,8.0,6.0,5.33,22.6
2017.0,8.0,9.0,1.0,1.9,19.1
2017.0,8.0,10.0,1.0,2.15,17.2
2017.0,8.0,11.0,1.0,1.19,17.3
2017.0,8.0,12.0,5.0,2.0,20.05
2017.0,8.0,13.0,5.0,2.29,20.2
2017.0,8.0,14.0,1.0,1.42,18.1
2017.0,8.0,15.0,1.0,2.0,18.7
2017.0,8.0,16.0,1.0,3.96,17.1
2017.0,8.0,17.0,1.0,4.95,17.3
2017.0,8.0,18.0,5.0,2.62,18.8
2017.0,8.0,19.0,5.0,3.79,20.8
2017.0,8.0,20.0,5.0,2.86,21.9
2017.0,8.0,21.0,7.0,2.22,19.7
2017.0,8.0,22.0,7.0,3.99,16.7
2017.0,8.0,23.0,7.0,3.27,17.05
2017.0,8.0,24.0,1.0,2.25,16.7
2017.0,8.0,25.0,1.0,2.07,16.1
2017.0,8.0,26.0,2.0,2.01,15.9
2017.0,8.0,27.0,2.0,2.34,17.0
2017.0,8.0,28.0,7.0,1.55,17.6
2017.0,8.0,29.0,1.0,1.11,17.0
2017.0,8.0,30.0,1.0,3.08,20.6
2017.0,8.0,31.0,2.0,3.35,16.75
2017.0,9.0,1.0,5.0,2.84,15.2
2017.0,9.0,2.0,5.0,3.81,18.8
2017.0,9.0,3.0,5.0,4.13,19.9
2017.0,9.0,4.0,7.0,4.59,17.6
2017.0,9.0,5.0,7.0,5.3,13.7
2017.0,9.0,6.0,7.0,2.0,12.9
2017.0,9.0,7.0,6.0,1.59,13.3
2017.0,9.0,8.0,1.0,2.19,14.2
2017.0,9.0,9.0,1.0,2.56,14.1
2017.0,9.0,10.0,1.0,1.9,15.9
2017.0,9.0,11.0,5.0,3.33,18.3
2017.0,9.0,12.0,5.0,2.48,21.2
2017.0,9.0,13.0,1.0,1.01,19.5
2017.0,9.0,14.0,1.0,2.0,18.4
2017.0,9.0,15.0,1.0,4.51,17.5
2017.0,9.0,16.0,1.0,3.6,15.5
2017.0,9.0,17.0,6.0,4.22,16.1
2017.0,9.0,18.0,5.0,1.59,13.6
2017.0,9.0,19.0,1.0,2.67,15.55
2017.0,9.0,20.0,1.0,3.75,17.9
2017.0,9.0,21.0,1.0,2.65,16.5
2017.0,9.0,22.0,1.0,2.81,16.8
2017.0,9.0,23.0,5.0,1.97,18.7
2017.0,9.0,24.0,1.0,1.62,19.1
2017.0,9.0,25.0,5.0,2.25,16.1
2017.0,9.0,26.0,1.0,3.33,14.1
2017.0,9.0,27.0,6.0,3.93,12.5
2017.0,9.0,28.0,5.0,3.55,14.2
2017.0,9.0,29.0,7.0,2.5,13.1
2017.0,9.0,30.0,5.0,1.82,11.7
2017.0,10.0,1.0,4.0,1.79,15.5
2017.0,10.0,2.0,3.0,1.65,16.3
2017.0,10.0,3.0,1.0,2.33,16.2
2017.0,10.0,4.0,6.0,4.82,11.9
2017.0,10.0,5.0,5.0,3.56,10.6
2017.0,10.0,6.0,1.0,2.32,12.9
2017.0,10.0,7.0,1.0,1.82,12.2
2017.0,10.0,8.0,5.0,3.28,14.75
2017.0,10.0,9.0,7.0,2.83,10.3
2017.0,10.0,10.0,7.0,2.74,7.3
2017.0,10.0,11.0,1.0,1.78,8.5
2017.0,10.0,12.0,4.0,2.05,13.2
2017.0,10.0,13.0,6.0,3.66,13.7
2017.0,10.0,14.0,1.0,3.16,11.3
2017.0,10.0,15.0,6.0,3.74,8.6
2017.0,10.0,16.0,5.0,4.98,7.85
2017.0,10.0,17.0,5.0,3.69,13.5
2017.0,10.0,18.0,5.0,4.51,15.8
2017.0,10.0,19.0,5.0,4.09,12.45
2017.0,10.0,20.0,1.0,1.05,13.2
2017.0,10.0,21.0,5.0,1.89,16.6
2017.0,10.0,22.0,5.0,5.21,13.4
2017.0,10.0,23.0,5.0,3.94,12.8
2017.0,10.0,24.0,7.0,7.1,7.6
2017.0,10.0,25.0,1.0,3.03,5.8
2017.0,10.0,26.0,2.0,2.54,8.45
2017.0,10.0,27.0,0.0,5.49,1.8
2017.0,10.0,28.0,7.0,4.27,0.7
2017.0,10.0,29.0,5.0,3.73,0.35
2017.0,10.0,30.0,6.0,5.87,2.5
2017.0,10.0,31.0,6.0,4.9,-0.5
2018.0,6.0,1.0,1.0,5.61,7.6
2018.0,6.0,2.0,1.0,6.55,6.1
2018.0,6.0,3.0,6.0,4.23,8.6
2018.0,6.0,4.0,6.0,6.0,17.0
2018.0,6.0,5.0,1.0,2.25,11.5
2018.0,6.0,6.0,1.0,3.29,10.9
2018.0,6.0,7.0,1.0,1.9,16.5
2018.0,6.0,8.0,1.0,1.86,12.0
2018.0,6.0,9.0,1.0,2.8,10.3
2018.0,6.0,10.0,1.0,2.99,10.15
2018.0,6.0,11.0,1.0,2.21,10.8
2018.0,6.0,12.0,1.0,1.05,12.7
2018.0,6.0,13.0,6.0,5.22,20.55
2018.0,6.0,14.0,1.0,2.04,15.6
2018.0,6.0,15.0,1.0,2.57,12.7
2018.0,6.0,16.0,1.0,2.27,10.2
2018.0,6.0,17.0,1.0,1.59,16.7
2018.0,6.0,18.0,1.0,1.65,20.1
2018.0,6.0,19.0,1.0,1.4,15.4
2018.0,6.0,20.0,2.0,1.13,15.95
2018.0,6.0,21.0,1.0,2.59,12.8
2018.0,6.0,22.0,1.0,1.19,14.0
2018.0,6.0,23.0,1.0,1.74,14.5
2018.0,6.0,24.0,1.0,6.12,11.25
2018.0,6.0,25.0,1.0,4.12,11.9
2018.0,6.0,26.0,1.0,3.32,11.4
2018.0,6.0,27.0,1.0,1.72,12.9
2018.0,6.0,28.0,5.0,2.18,21.0
2018.0,6.0,29.0,1.0,1.73,17.1
2018.0,6.0,30.0,1.0,1.37,16.3
2018.0,7.0,1.0,7.0,2.2,17.7
2018.0,7.0,2.0,5.0,3.53,19.2
2018.0,7.0,3.0,1.0,1.51,18.5
2018.0,7.0,4.0,1.0,1.8,15.2
2018.0,7.0,5.0,7.0,3.87,23.0
2018.0,7.0,6.0,2.0,1.73,21.8
2018.0,7.0,7.0,5.0,4.36,23.8
2018.0,7.0,8.0,5.0,5.56,25.5
2018.0,7.0,9.0,2.0,2.1,22.65
2018.0,7.0,10.0,7.0,2.13,24.3
2018.0,7.0,11.0,1.0,2.5,17.7
2018.0,7.0,12.0,5.0,4.22,21.55
2018.0,7.0,13.0,5.0,3.39,25.5
2018.0,7.0,14.0,5.0,1.95,26.9
2018.0,7.0,15.0,5.0,3.48,26.8
2018.0,7.0,16.0,6.0,5.25,23.1
2018.0,7.0,17.0,1.0,2.02,18.8
2018.0,7.0,18.0,2.0,1.59,18.2
2018.0,7.0,19.0,1.0,1.97,19.95
2018.0,7.0,20.0,1.0,1.47,18.3
2018.0,7.0,21.0,1.0,1.54,20.25
2018.0,7.0,22.0,1.0,2.46,18.9
2018.0,7.0,23.0,1.0,1.78,18.75
2018.0,7.0,24.0,7.0,5.39,22.8
2018.0,7.0,25.0,6.0,3.32,21.35
2018.0,7.0,26.0,7.0,4.09,18.3
2018.0,7.0,27.0,7.0,2.65,19.1
2018.0,7.0,28.0,5.0,1.75,21.4
2018.0,7.0,29.0,7.0,1.8,21.5
2018.0,7.0,30.0,3.0,1.72,22.8
2018.0,7.0,31.0,5.0,3.05,23.1
2018.0,8.0,1.0,1.0,3.17,16.2
2018.0,8.0,2.0,1.0,1.5,12.7
2018.0,8.0,3.0,1.0,1.87,14.5
2018.0,8.0,4.0,,,
2018.0,8.0,5.0,,,
2018.0,8.0,6.0,7.0,2.78,21.9
2018.0,8.0,7.0,1.0,1.34,17.1
2018.0,8.0,8.0,5.0,2.56,17.55
2018.0,8.0,9.0,7.0,2.01,24.8
2018.0,8.0,10.0,0.0,1.69,25.0
2018.0,8.0,11.0,5.0,2.22,24.3
2018.0,8.0,12.0,1.0,1.11,20.5
2018.0,8.0,13.0,5.0,2.72,23.0
2018.0,8.0,14.0,5.0,2.42,25.2
2018.0,8.0,15.0,1.0,2.27,18.9
2018.0,8.0,16.0,1.0,1.34,17.5
2018.0,8.0,17.0,1.0,1.8,20.3
2018.0,8.0,18.0,1.0,1.87,18.6
2018.0,8.0,19.0,1.0,1.0,18.3
2018.0,8.0,20.0,1.0,1.86,20.4
2018.0,8.0,21.0,1.0,2.19,17.9
2018.0,8.0,22.0,6.0,5.75,19.85
2018.0,8.0,23.0,5.0,4.48,21.8
2018.0,8.0,24.0,1.0,1.65,18.8
2018.0,8.0,25.0,1.0,1.15,18.4
2018.0,8.0,26.0,5.0,1.65,19.3
2018.0,8.0,27.0,1.0,1.76,20.2
2018.0,8.0,28.0,1.0,2.23,15.2
2018.0,8.0,29.0,0.0,1.88,13.5
2018.0,8.0,30.0,6.0,1.72,17.15
2018.0,8.0,31.0,5.0,1.77,19.9
2018.0,9.0,1.0,5.0,2.4,19.7
2018.0,9.0,2.0,6.0,2.34,21.1
2018.0,9.0,3.0,1.0,3.23,19.8
2018.0,9.0,4.0,1.0,1.97,18.3
2018.0,9.0,5.0,0.0,2.08,18.7
2018.0,9.0,6.0,7.0,1.66,16.9
2018.0,9.0,7.0,1.0,1.44,17.8
2018.0,9.0,8.0,1.0,4.18,16.7
2018.0,9.0,9.0,1.0,2.59,15.8
2018.0,9.0,10.0,5.0,1.78,16.2
2018.0,9.0,11.0,1.0,2.09,18.4
2018.0,9.0,12.0,5.0,3.46,22.4
2018.0,9.0,13.0,4.0,2.51,20.0
2018.0,9.0,14.0,5.0,1.72,23.4
2018.0,9.0,15.0,1.0,3.6,18.4
2018.0,9.0,16.0,1.0,3.46,17.5
2018.0,9.0,17.0,7.0,2.28,17.5
2018.0,9.0,18.0,1.0,3.31,14.9
2018.0,9.0,19.0,2.0,2.77,14.3
2018.0,9.0,20.0,1.0,3.85,14.3
2018.0,9.0,21.0,7.0,5.61,13.9
2018.0,9.0,22.0,5.0,4.46,11.8
2018.0,9.0,23.0,1.0,5.49,10.9
2018.0,9.0,24.0,1.0,3.67,14.5
2018.0,9.0,25.0,7.0,3.01,11.1
2018.0,9.0,26.0,6.0,4.77,9.4
2018.0,9.0,27.0,5.0,4.11,11.2
2018.0,9.0,28.0,6.0,5.04,8.5
2018.0,9.0,29.0,5.0,2.99,5.15
2018.0,9.0,30.0,5.0,3.53,6.9
2018.0,10.0,1.0,1.0,2.76,9.2
2018.0,10.0,2.0,5.0,1.87,9.9
2018.0,10.0,3.0,3.0,1.62,12.3
2018.0,10.0,4.0,6.0,4.22,5.6
2018.0,10.0,5.0,2.0,2.85,7.0
2018.0,10.0,6.0,7.0,3.23,8.0
2018.0,10.0,7.0,2.0,3.33,7.7
2018.0,10.0,8.0,1.0,3.09,8.6
2018.0,10.0,9.0,1.0,3.13,7.3
2018.0,10.0,10.0,1.0,9.76,6.9
2018.0,10.0,11.0,6.0,5.96,3.1
2018.0,10.0,12.0,6.0,4.37,0.8
2018.0,10.0,13.0,5.0,3.95,2.8
2018.0,10.0,14.0,6.0,3.15,2.8
2018.0,10.0,15.0,6.0,5.16,2.4
2018.0,10.0,16.0,5.0,6.3,5.9
2018.0,10.0,17.0,7.0,4.59,2.9
2018.0,10.0,18.0,5.0,4.17,3.55
2018.0,10.0,19.0,5.0,6.69,14.0
2018.0,10.0,20.0,7.0,5.98,3.1
2018.0,10.0,21.0,5.0,3.35,1.4
2018.0,10.0,22.0,5.0,4.98,6.75
2018.0,10.0,23.0,7.0,3.54,6.1
2018.0,10.0,24.0,5.0,1.03,4.1
2018.0,10.0,25.0,5.0,1.41,7.4
2018.0,10.0,26.0,1.0,2.02,7.8
2018.0,10.0,27.0,3.0,1.6,7.5
2018.0,10.0,28.0,7.0,3.24,7.6
2018.0,10.0,29.0,7.0,1.98,5.8
2018.0,10.0,30.0,2.0,3.1,6.5
2018.0,10.0,31.0,5.0,4.12,5.4
2019.0,6.0,1.0,1.0,1.72,7.7
2019.0,6.0,2.0,1.0,2.21,10.75
2019.0,6.0,3.0,1.0,2.5,8.9
2019.0,6.0,4.0,1.0,2.2,7.1
2019.0,6.0,5.0,1.0,2.21,8.3
2019.0,6.0,6.0,1.0,1.25,10.1
2019.0,6.0,7.0,1.0,1.86,10.5
2019.0,6.0,8.0,1.0,1.94,10.2
2019.0,6.0,9.0,1.0,2.7,12.1
2019.0,6.0,10.0,6.0,4.9,16.0
2019.0,6.0,11.0,1.0,2.75,14.2
2019.0,6.0,12.0,7.0,3.01,14.4
2019.0,6.0,13.0,7.0,3.18,16.05
2019.0,6.0,14.0,5.0,3.37,16.4
2019.0,6.0,15.0,1.0,3.21,11.0
2019.0,6.0,16.0,1.0,3.86,10.5
2019.0,6.0,17.0,1.0,2.32,8.9
2019.0,6.0,18.0,1.0,1.34,10.9
2019.0,6.0,19.0,2.0,1.14,12.1
2019.0,6.0,20.0,1.0,1.74,13.7
2019.0,6.0,21.0,1.0,3.88,13.8
2019.0,6.0,22.0,1.0,3.32,11.8
2019.0,6.0,23.0,1.0,2.21,9.5
2019.0,6.0,24.0,1.0,2.12,10.7
2019.0,6.0,25.0,6.0,5.4,18.0
2019.0,6.0,26.0,6.0,5.57,21.6
2019.0,6.0,27.0,5.0,2.1,19.7
2019.0,6.0,28.0,2.0,1.04,15.95
2019.0,6.0,29.0,1.0,1.22,18.4
2019.0,6.0,30.0,1.0,2.92,17.5
2019.0,7.0,1.0,5.0,2.8,22.0
2019.0,7.0,2.0,5.0,2.45,23.6
2019.0,7.0,3.0,1.0,1.98,23.6
2019.0,7.0,4.0,1.0,1.7,16.3
2019.0,7.0,5.0,1.0,1.39,22.15
2019.0,7.0,6.0,1.0,3.29,18.8
2019.0,7.0,7.0,1.0,1.5,16.0
2019.0,7.0,8.0,1.0,1.59,16.3
2019.0,7.0,9.0,1.0,1.85,17.4
2019.0,7.0,10.0,5.0,2.86,17.9
2019.0,7.0,11.0,1.0,1.9,21.4
2019.0,7.0,12.0,5.0,4.1,22.05
2019.0,7.0,13.0,7.0,2.47,22.9
2019.0,7.0,14.0,1.0,1.4,21.4
2019.0,7.0,15.0,1.0,1.52,21.0
2019.0,7.0,16.0,5.0,2.24,24.05
2019.0,7.0,17.0,1.0,2.37,21.4
2019.0,7.0,18.0,2.0,2.25,18.7
2019.0,7.0,19.0,5.0,2.58,24.55
2019.0,7.0,20.0,5.0,2.95,21.5
2019.0,7.0,21.0,7.0,2.84,19.9
2019.0,7.0,22.0,7.0,5.05,19.9
2019.0,7.0,23.0,7.0,5.76,23.45
2019.0,7.0,24.0,7.0,3.65,24.35
2019.0,7.0,25.0,5.0,4.29,24.3
2019.0,7.0,26.0,5.0,5.14,23.2
2019.0,7.0,27.0,6.0,4.99,24.75
2019.0,7.0,28.0,1.0,1.27,20.7
2019.0,7.0,29.0,6.0,5.08,19.1
2019.0,7.0,30.0,7.0,2.58,18.9
2019.0,7.0,31.0,1.0,1.1,18.9
2019.0,8.0,1.0,1.0,1.7,18.9
2019.0,8.0,2.0,5.0,2.86,23.3
2019.0,8.0,3.0,1.0,1.81,21.15
2019.0,8.0,4.0,1.0,2.17,18.3
2019.0,8.0,5.0,5.0,2.8,23.6
2019.0,8.0,6.0,7.0,3.19,24.0
2019.0,8.0,7.0,5.0,3.45,23.8
2019.0,8.0,8.0,7.0,5.51,20.25
2019.0,8.0,9.0,6.0,4.29,19.5
2019.0,8.0,10.0,1.0,1.57,20.9
2019.0,8.0,11.0,1.0,2.19,21.2
2019.0,8.0,12.0,1.0,2.19,19.5
2019.0,8.0,13.0,1.0,2.91,18.5
2019.0,8.0,14.0,1.0,1.79,18.0
2019.0,8.0,15.0,5.0,1.94,17.6
2019.0,8.0,16.0,1.0,1.31,20.4
2019.0,8.0,17.0,5.0,2.62,20.0
2019.0,8.0,18.0,7.0,4.11,21.2
2019.0,8.0,19.0,5.0,4.85,18.2
2019.0,8.0,20.0,5.0,3.91,21.6
2019.0,8.0,21.0,7.0,4.02,19.5
2019.0,8.0,22.0,1.0,2.38,17.2
2019.0,8.0,23.0,1.0,2.41,16.1
2019.0,8.0,24.0,1.0,1.89,17.2
2019.0,8.0,25.0,4.0,2.14,18.7
2019.0,8.0,26.0,1.0,1.51,17.5
2019.0,8.0,27.0,6.0,5.56,17.2
2019.0,8.0,28.0,6.0,7.17,15.2
2019.0,8.0,29.0,5.0,5.67,17.6
2019.0,8.0,30.0,6.0,4.63,16.9
2019.0,8.0,31.0,1.0,1.7,15.0
2019.0,9.0,1.0,1.0,1.51,12.7
2019.0,9.0,2.0,1.0,2.31,15.5
2019.0,9.0,3.0,1.0,4.76,10.5
2019.0,9.0,4.0,1.0,1.71,13.2
2019.0,9.0,5.0,1.0,2.0,11.35
2019.0,9.0,6.0,1.0,1.26,14.7
2019.0,9.0,7.0,5.0,2.31,14.3
2019.0,9.0,8.0,1.0,2.83,11.3
2019.0,9.0,9.0,1.0,4.39,11.0
2019.0,9.0,10.0,1.0,3.62,11.0
2019.0,9.0,11.0,1.0,5.05,10.9
2019.0,9.0,12.0,1.0,7.51,10.1
2019.0,9.0,13.0,1.0,5.94,11.6
2019.0,9.0,14.0,5.0,3.07,12.7
2019.0,9.0,15.0,1.0,1.26,12.55
2019.0,9.0,16.0,1.0,1.04,11.2
2019.0,9.0,17.0,1.0,1.46,11.9
2019.0,9.0,18.0,5.0,3.1,14.1
2019.0,9.0,19.0,5.0,2.53,20.15
2019.0,9.0,20.0,1.0,1.47,13.4
2019.0,9.0,21.0,1.0,2.01,12.4
2019.0,9.0,22.0,5.0,3.86,16.45
2019.0,9.0,23.0,6.0,3.48,15.4
2019.0,9.0,24.0,5.0,1.77,16.2
2019.0,9.0,25.0,6.0,5.56,16.45
2019.0,9.0,26.0,5.0,4.09,11.45
2019.0,9.0,27.0,5.0,3.9,14.4
2019.0,9.0,28.0,7.0,2.51,11.0
2019.0,9.0,29.0,1.0,3.81,11.0
2019.0,9.0,30.0,1.0,4.14,11.2
2019.0,10.0,1.0,7.0,2.36,12.3
2019.0,10.0,2.0,1.0,4.86,9.3
2019.0,10.0,3.0,1.0,3.99,8.3
2019.0,10.0,4.0,1.0,1.92,7.2
2019.0,10.0,5.0,3.0,2.23,8.6
2019.0,10.0,6.0,5.0,6.62,11.4
2019.0,10.0,7.0,6.0,4.77,10.0
2019.0,10.0,8.0,5.0,2.7,11.7
2019.0,10.0,9.0,4.0,2.74,15.6
2019.0,10.0,10.0,1.0,2.68,12.7
2019.0,10.0,11.0,5.0,5.88,7.8
2019.0,10.0,12.0,5.0,7.2,3.0
2019.0,10.0,13.0,5.0,4.43,2.8
2019.0,10.0,14.0,6.0,4.78,3.9
2019.0,10.0,15.0,1.0,2.11,7.0
2019.0,10.0,16.0,7.0,3.6,6.7
2019.0,10.0,17.0,1.0,1.81,7.7
2019.0,10.0,18.0,2.0,2.15,7.7
2019.0,10.0,19.0,5.0,2.99,13.2
2019.0,10.0,20.0,5.0,2.5,11.3
2019.0,10.0,21.0,1.0,7.72,9.0
2019.0,10.0,22.0,6.0,4.74,7.5
2019.0,10.0,23.0,6.0,5.49,4.7
2019.0,10.0,24.0,6.0,3.68,4.4
2019.0,10.0,25.0,5.0,4.37,3.4
2019.0,10.0,26.0,5.0,3.63,8.3
2019.0,10.0,27.0,7.0,4.11,6.4
2019.0,10.0,28.0,6.0,4.25,1.8
2019.0,10.0,29.0,5.0,4.02,0.7
2019.0,10.0,30.0,6.0,4.15,-1.1
2019.0,10.0,31.0,7.0,2.48,-1.7
2020.0,6.0,1.0,1.0,1.68,11.7
2020.0,6.0,2.0,1.0,2.23,13.6
2020.0,6.0,3.0,7.0,3.86,22.5
2020.0,6.0,4.0,6.0,2.91,20.3
2020.0,6.0,5.0,6.0,4.53,20.9
2020.0,6.0,6.0,1.0,3.14,14.0
2020.0,6.0,7.0,1.0,6.7,9.1
2020.0,6.0,8.0,1.0,3.52,8.65
2020.0,6.0,9.0,1.0,2.53,10.6
2020.0,6.0,10.0,7.0,5.66,15.9
2020.0,6.0,11.0,6.0,5.32,16.1
2020.0,6.0,12.0,1.0,2.4,11.7
2020.0,6.0,13.0,1.0,3.8,10.7
2020.0,6.0,14.0,1.0,3.85,11.0
2020.0,6.0,15.0,1.0,2.64,11.2
2020.0,6.0,16.0,1.0,1.39,11.9
2020.0,6.0,17.0,1.0,1.5,14.6
2020.0,6.0,18.0,1.0,1.54,14.1
2020.0,6.0,19.0,7.0,3.3,19.1
2020.0,6.0,20.0,1.0,2.16,16.4
2020.0,6.0,21.0,1.0,1.51,14.6
2020.0,6.0,22.0,7.0,2.9,17.0
2020.0,6.0,23.0,7.0,3.13,19.9
2020.0,6.0,24.0,7.0,4.04,18.1
2020.0,6.0,25.0,5.0,2.9,21.95
2020.0,6.0,26.0,5.0,3.31,24.3
2020.0,6.0,27.0,7.0,2.49,23.75
2020.0,6.0,28.0,1.0,2.24,18.7
2020.0,6.0,29.0,1.0,2.87,16.45
2020.0,6.0,30.0,1.0,1.93,15.5
2020.0,7.0,1.0,1.0,1.74,16.3
2020.0,7.0,2.0,1.0,1.12,25.0
2020.0,7.0,3.0,1.0,1.49,23.6
2020.0,7.0,4.0,1.0,1.01,20.55
2020.0,7.0,5.0,1.0,1.2,22.7
2020.0,7.0,6.0,1.0,1.92,21.7
2020.0,7.0,7.0,2.0,1.31,22.6
2020.0,7.0,8.0,1.0,1.54,22.1
2020.0,7.0,9.0,5.0,3.82,20.8
2020.0,7.0,10.0,7.0,4.5,24.3
2020.0,7.0,11.0,7.0,2.48,24.35
2020.0,7.0,12.0,1.0,1.82,22.1
2020.0,7.0,13.0,1.0,0.96,20.9
2020.0,7.0,14.0,,,
2020.0,7.0,15.0,5.0,3.73,
2020.0,7.0,16.0,5.0,3.74,
2020.0,7.0,17.0,1.0,1.58,22.6
2020.0,7.0,18.0,1.0,2.18,24.1
2020.0,7.0,19.0,6.0,6.19,23.55
2020.0,7.0,20.0,1.0,1.96,18.2
2020.0,7.0,21.0,1.0,2.43,16.5
2020.0,7.0,22.0,1.0,2.94,16.1
2020.0,7.0,23.0,1.0,1.06,17.4
2020.0,7.0,24.0,1.0,2.13,17.8
2020.0,7.0,25.0,1.0,1.78,18.8
2020.0,7.0,26.0,6.0,2.39,23.8
2020.0,7.0,27.0,6.0,5.73,22.8
2020.0,7.0,28.0,6.0,5.32,23.15
2020.0,7.0,29.0,7.0,2.17,22.65
2020.0,7.0,30.0,1.0,1.13,21.2
2020.0,7.0,31.0,1.0,1.15,21.7
2020.0,8.0,1.0,6.0,2.26,22.6
2020.0,8.0,2.0,0.0,2.45,19.3
2020.0,8.0,3.0,1.0,1.58,18.25
2020.0,8.0,4.0,1.0,2.28,18.8
2020.0,8.0,5.0,5.0,2.63,18.7
2020.0,8.0,6.0,5.0,1.95,21.5
2020.0,8.0,7.0,1.0,1.46,21.1
2020.0,8.0,8.0,5.0,3.4,22.3
2020.0,8.0,9.0,5.0,1.64,22.6
2020.0,8.0,10.0,6.0,3.87,21.65
2020.0,8.0,11.0,5.0,6.0,22.3
2020.0,8.0,12.0,5.0,2.66,22.6
2020.0,8.0,13.0,1.0,2.75,18.7
2020.0,8.0,14.0,1.0,2.36,20.7
2020.0,8.0,15.0,5.0,4.17,19.5
2020.0,8.0,16.0,6.0,2.79,21.1
2020.0,8.0,17.0,7.0,5.1,21.45
2020.0,8.0,18.0,7.0,2.11,19.2
2020.0,8.0,19.0,5.0,3.2,21.2
2020.0,8.0,20.0,5.0,3.08,20.3
2020.0,8.0,21.0,1.0,3.16,16.7
2020.0,8.0,22.0,1.0,1.84,18.3
2020.0,8.0,23.0,1.0,1.52,18.3
2020.0,8.0,24.0,7.0,2.12,22.2
2020.0,8.0,25.0,1.0,2.29,20.4
2020.0,8.0,26.0,1.0,3.04,18.2
2020.0,8.0,27.0,1.0,1.64,22.8
2020.0,8.0,28.0,1.0,2.19,19.6
2020.0,8.0,29.0,7.0,3.99,18.5
2020.0,8.0,30.0,1.0,2.15,18.2
2020.0,8.0,31.0,6.0,3.57,18.1
2020.0,9.0,1.0,5.0,4.22,16.45
2020.0,9.0,2.0,6.0,6.29,17.7
2020.0,9.0,3.0,6.0,7.06,18.0
2020.0,9.0,4.0,6.0,5.59,14.9
2020.0,9.0,5.0,6.0,3.6,16.7
2020.0,9.0,6.0,1.0,2.56,16.9
2020.0,9.0,7.0,7.0,4.49,13.5
2020.0,9.0,8.0,7.0,3.27,10.5
2020.0,9.0,9.0,7.0,2.06,10.65
2020.0,9.0,10.0,5.0,3.33,7.9
2020.0,9.0,11.0,5.0,1.86,12.6
2020.0,9.0,12.0,1.0,1.65,12.4
2020.0,9.0,13.0,7.0,2.79,15.4
2020.0,9.0,14.0,1.0,3.12,12.8
2020.0,9.0,15.0,1.0,3.93,12.9
2020.0,9.0,16.0,7.0,3.27,17.2
2020.0,9.0,17.0,7.0,2.04,11.1
2020.0,9.0,18.0,0.0,1.57,10.4
2020.0,9.0,19.0,5.0,3.09,11.4
2020.0,9.0,20.0,4.0,2.92,16.35
2020.0,9.0,21.0,5.0,5.21,17.9
2020.0,9.0,22.0,5.0,2.23,18.6
2020.0,9.0,23.0,1.0,0.75,17.1
2020.0,9.0,24.0,1.0,4.51,11.6
2020.0,9.0,25.0,1.0,2.37,10.7
2020.0,9.0,26.0,5.0,1.15,14.1
2020.0,9.0,27.0,5.0,4.18,13.75
2020.0,9.0,28.0,7.0,5.91,12.4
2020.0,9.0,29.0,5.0,3.38,11.6
2020.0,9.0,30.0,7.0,4.7,11.25
2020.0,10.0,1.0,7.0,3.79,9.6
2020.0,10.0,2.0,0.0,1.9,5.8
2020.0,10.0,3.0,1.0,0.93,5.4
2020.0,10.0,4.0,5.0,2.29,5.7
2020.0,10.0,5.0,5.0,4.33,9.3
2020.0,10.0,6.0,5.0,4.65,15.0
2020.0,10.0,7.0,6.0,5.17,14.85
2020.0,10.0,8.0,7.0,2.65,11.85
2020.0,10.0,9.0,1.0,2.36,11.9
2020.0,10.0,10.0,7.0,3.09,11.4
2020.0,10.0,11.0,1.0,3.71,8.3
2020.0,10.0,12.0,1.0,5.33,10.9
2020.0,10.0,13.0,6.0,4.97,11.2
2020.0,10.0,14.0,5.0,2.33,8.4
2020.0,10.0,15.0,6.0,6.43,4.9
2020.0,10.0,16.0,6.0,4.15,3.6
2020.0,10.0,17.0,1.0,2.31,2.3
2020.0,10.0,18.0,6.0,4.68,0.8
2020.0,10.0,19.0,5.0,3.14,0.4
2020.0,10.0,20.0,3.0,1.95,0.9
2020.0,10.0,21.0,5.0,3.98,1.5
2020.0,10.0,22.0,1.0,2.82,2.0
2020.0,10.0,23.0,0.0,3.42,1.8
2020.0,10.0,24.0,6.0,4.99,-0.65
2020.0,10.0,25.0,7.0,4.19,-1.75
2020.0,10.0,26.0,7.0,4.01,-1.45
2020.0,10.0,27.0,5.0,5.75,-2.75
2020.0,10.0,28.0,5.0,5.34,1.7
2020.0,10.0,29.0,0.0,2.74,0.3
2020.0,10.0,30.0,5.0,2.32,-0.7
2020.0,10.0,31.0,5.0,4.26,3.7
2021.0,6.0,1.0,1.0,1.22,14.2
2021.0,6.0,2.0,1.0,1.5,15.1
2021.0,6.0,3.0,5.0,1.58,15.4
2021.0,6.0,4.0,1.0,1.46,15.8
2021.0,6.0,5.0,5.0,2.98,26.8
2021.0,6.0,6.0,1.0,3.15,30.6
2021.0,6.0,7.0,1.0,2.23,25.2
2021.0,6.0,8.0,1.0,1.41,19.3
2021.0,6.0,9.0,1.0,2.76,16.2
2021.0,6.0,10.0,1.0,2.3,14.4
2021.0,6.0,11.0,1.0,4.95,11.4
2021.0,6.0,12.0,6.0,4.44,18.5
2021.0,6.0,13.0,6.0,2.75,21.0
2021.0,6.0,14.0,7.0,3.51,18.9
2021.0,6.0,15.0,1.0,1.55,17.4
2021.0,6.0,16.0,1.0,1.46,14.9
2021.0,6.0,17.0,5.0,2.82,20.1
2021.0,6.0,18.0,6.0,6.13,23.7
2021.0,6.0,19.0,7.0,3.33,16.7
2021.0,6.0,20.0,1.0,1.22,13.6
2021.0,6.0,21.0,7.0,4.2,14.45
2021.0,6.0,22.0,6.0,4.23,15.1
2021.0,6.0,23.0,5.0,4.62,19.2
2021.0,6.0,24.0,1.0,2.19,22.4
2021.0,6.0,25.0,1.0,1.31,19.65
2021.0,6.0,26.0,1.0,1.57,18.5
2021.0,6.0,27.0,5.0,1.69,17.6
2021.0,6.0,28.0,1.0,1.13,19.8
2021.0,6.0,29.0,1.0,1.66,20.4
2021.0,6.0,30.0,7.0,2.91,23.5
2021.0,7.0,1.0,1.0,3.97,17.7
2021.0,7.0,2.0,1.0,1.79,16.7
2021.0,7.0,3.0,5.0,4.06,26.35
2021.0,7.0,4.0,5.0,4.09,25.75
2021.0,7.0,5.0,7.0,3.28,29.15
2021.0,7.0,6.0,1.0,3.57,22.7
2021.0,7.0,7.0,1.0,4.08,15.0
2021.0,7.0,8.0,1.0,1.98,14.6
2021.0,7.0,9.0,1.0,1.14,16.8
2021.0,7.0,10.0,1.0,1.09,20.15
2021.0,7.0,11.0,1.0,1.27,22.0
2021.0,7.0,12.0,1.0,1.52,20.2
2021.0,7.0,13.0,1.0,1.94,20.65
2021.0,7.0,14.0,1.0,2.97,21.0
2021.0,7.0,15.0,1.0,1.65,18.8
2021.0,7.0,16.0,1.0,1.17,20.9
2021.0,7.0,17.0,1.0,1.03,21.2
2021.0,7.0,18.0,1.0,1.19,22.5
2021.0,7.0,19.0,5.0,3.85,26.4
2021.0,7.0,20.0,1.0,3.7,21.6
2021.0,7.0,21.0,1.0,2.48,17.1
2021.0,7.0,22.0,,,19.3
2021.0,7.0,23.0,1.0,1.76,19.4
2021.0,7.0,24.0,6.0,4.18,22.1
2021.0,7.0,25.0,6.0,5.46,25.0
2021.0,7.0,26.0,4.0,2.54,25.4
2021.0,7.0,27.0,1.0,2.21,19.8
2021.0,7.0,28.0,1.0,1.74,19.85
2021.0,7.0,29.0,7.0,2.87,22.5
2021.0,7.0,30.0,2.0,2.02,21.25
2021.0,7.0,31.0,5.0,4.27,23.3
2021.0,8.0,1.0,7.0,3.1,21.2
2021.0,8.0,2.0,5.0,1.99,20.0
2021.0,8.0,3.0,4.0,4.18,23.3
2021.0,8.0,4.0,5.0,4.35,24.3
2021.0,8.0,5.0,5.0,2.8,22.5
2021.0,8.0,6.0,5.0,2.44,21.7
2021.0,8.0,7.0,1.0,4.55,19.3
2021.0,8.0,8.0,1.0,4.17,17.5
2021.0,8.0,9.0,1.0,1.12,19.05
2021.0,8.0,10.0,1.0,2.73,19.2
2021.0,8.0,11.0,5.0,4.49,23.7
2021.0,8.0,12.0,6.0,6.09,22.1
2021.0,8.0,13.0,6.0,4.85,19.25
2021.0,8.0,14.0,6.0,1.98,19.9
2021.0,8.0,15.0,5.0,5.24,23.7
2021.0,8.0,16.0,5.0,4.19,23.5
2021.0,8.0,17.0,5.0,3.61,23.75
2021.0,8.0,18.0,1.0,2.02,24.15
2021.0,8.0,19.0,1.0,1.08,23.8
2021.0,8.0,20.0,1.0,1.69,23.7
2021.0,8.0,21.0,5.0,5.52,21.3
2021.0,8.0,22.0,1.0,2.26,16.45
2021.0,8.0,23.0,5.0,4.33,20.25
2021.0,8.0,24.0,1.0,3.64,18.8
2021.0,8.0,25.0,6.0,3.07,19.5
2021.0,8.0,26.0,1.0,3.06,18.4
2021.0,8.0,27.0,1.0,5.59,17.3
2021.0,8.0,28.0,1.0,2.6,17.4
2021.0,8.0,29.0,6.0,4.37,18.8
2021.0,8.0,30.0,6.0,3.61,19.8
2021.0,8.0,31.0,1.0,2.15,19.1
2021.0,9.0,1.0,1.0,2.31,17.5
2021.0,9.0,2.0,1.0,2.08,17.1
2021.0,9.0,3.0,1.0,1.7,17.3
2021.0,9.0,4.0,6.0,2.78,16.85
2021.0,9.0,5.0,6.0,5.35,18.5
2021.0,9.0,6.0,1.0,1.66,16.9
2021.0,9.0,7.0,6.0,4.6,17.9
2021.0,9.0,8.0,6.0,6.41,16.6
2021.0,9.0,9.0,7.0,2.46,17.5
2021.0,9.0,10.0,1.0,1.12,17.6
2021.0,9.0,11.0,7.0,3.23,19.1
2021.0,9.0,12.0,7.0,2.53,18.05
2021.0,9.0,13.0,1.0,2.39,16.4
2021.0,9.0,14.0,7.0,5.17,16.0
2021.0,9.0,15.0,4.0,4.23,17.05
2021.0,9.0,16.0,4.0,4.11,20.5
2021.0,9.0,17.0,5.0,5.02,19.6
2021.0,9.0,18.0,1.0,1.75,16.2
2021.0,9.0,19.0,5.0,3.31,19.2
2021.0,9.0,20.0,4.0,4.11,23.7
2021.0,9.0,21.0,7.0,4.7,14.7
2021.0,9.0,22.0,1.0,1.28,13.9
2021.0,9.0,23.0,1.0,1.12,14.9
2021.0,9.0,24.0,5.0,3.13,13.9
2021.0,9.0,25.0,6.0,5.32,12.35
2021.0,9.0,26.0,5.0,4.43,15.6
2021.0,9.0,27.0,1.0,1.95,14.5
2021.0,9.0,28.0,1.0,1.56,13.1
2021.0,9.0,29.0,1.0,2.08,14.5
2021.0,9.0,30.0,1.0,1.94,15.3
2021.0,10.0,1.0,1.0,1.08,15.7
2021.0,10.0,2.0,4.0,1.16,17.2
2021.0,10.0,3.0,1.0,1.37,14.9
2021.0,10.0,4.0,1.0,1.16,14.9
2021.0,10.0,5.0,1.0,1.16,13.9
2021.0,10.0,6.0,1.0,1.84,14.2
2021.0,10.0,7.0,1.0,2.03,13.7
2021.0,10.0,8.0,1.0,2.32,14.9
2021.0,10.0,9.0,1.0,1.98,15.3
2021.0,10.0,10.0,1.0,3.76,16.1
2021.0,10.0,11.0,5.0,4.46,13.5
2021.0,10.0,12.0,7.0,2.31,16.1
2021.0,10.0,13.0,1.0,3.01,14.7
2021.0,10.0,14.0,5.0,6.51,11.4
2021.0,10.0,15.0,5.0,4.99,9.8
2021.0,10.0,16.0,6.0,5.29,8.1
2021.0,10.0,17.0,6.0,4.62,11.1
2021.0,10.0,18.0,1.0,1.6,12.8
2021.0,10.0,19.0,5.0,1.66,12.5
2021.0,10.0,20.0,1.0,5.38,9.85
2021.0,10.0,21.0,0.0,3.85,7.7
2021.0,10.0,22.0,7.0,2.13,4.5
2021.0,10.0,23.0,7.0,2.84,6.45
2021.0,10.0,24.0,1.0,3.38,6.2
2021.0,10.0,25.0,1.0,4.66,7.8
2021.0,10.0,26.0,2.0,4.15,7.6
2021.0,10.0,27.0,2.0,3.62,7.9
2021.0,10.0,28.0,2.0,2.14,10.0
2021.0,10.0,29.0,7.0,2.27,9.8
2021.0,10.0,30.0,5.0,1.17,8.15
2021.0,10.0,31.0,,,5.9
2022.0,6.0,1.0,5.0,4.83,13.35
2022.0,6.0,2.0,5.0,5.87,17.15
2022.0,6.0,3.0,6.0,5.35,14.4
2022.0,6.0,4.0,6.0,3.43,16.85
2022.0,6.0,5.0,1.0,1.72,9.8
2022.0,6.0,6.0,1.0,1.83,8.6
2022.0,6.0,7.0,1.0,1.85,13.7
2022.0,6.0,8.0,1.0,2.54,13.85
2022.0,6.0,9.0,7.0,2.76,21.6
2022.0,6.0,10.0,7.0,2.24,20.5
2022.0,6.0,11.0,1.0,2.02,14.8
2022.0,6.0,12.0,1.0,2.49,9.35
2022.0,6.0,13.0,1.0,3.66,10.0
2022.0,6.0,14.0,1.0,3.78,9.0
2022.0,6.0,15.0,1.0,1.62,12.1
2022.0,6.0,16.0,5.0,5.97,18.9
2022.0,6.0,17.0,6.0,4.46,19.6
2022.0,6.0,18.0,1.0,2.17,11.3
2022.0,6.0,19.0,1.0,2.21,9.6
2022.0,6.0,20.0,1.0,2.27,11.35
2022.0,6.0,21.0,5.0,6.03,25.5
2022.0,6.0,22.0,6.0,4.59,21.65
2022.0,6.0,23.0,5.0,3.69,23.2
2022.0,6.0,24.0,1.0,2.94,22.4
2022.0,6.0,25.0,5.0,3.88,17.1
2022.0,6.0,26.0,6.0,7.25,17.3
2022.0,6.0,27.0,4.0,3.1,17.75
2022.0,6.0,28.0,5.0,3.96,20.95
2022.0,6.0,29.0,1.0,1.54,13.15
2022.0,6.0,30.0,1.0,4.05,14.5
2022.0,7.0,1.0,6.0,4.8,21.7
2022.0,7.0,2.0,6.0,3.04,19.05
2022.0,7.0,3.0,1.0,1.46,13.8
2022.0,7.0,4.0,1.0,2.36,10.85
2022.0,7.0,5.0,1.0,1.76,11.2
2022.0,7.0,6.0,1.0,2.33,12.0
2022.0,7.0,7.0,1.0,1.4,14.15
2022.0,7.0,8.0,1.0,3.65,15.7
2022.0,7.0,9.0,1.0,1.24,14.0
2022.0,7.0,10.0,2.0,2.51,16.7
2022.0,7.0,11.0,5.0,3.71,21.5
2022.0,7.0,12.0,7.0,5.54,19.4
2022.0,7.0,13.0,1.0,1.27,12.5
2022.0,7.0,14.0,1.0,1.7,15.5
2022.0,7.0,15.0,1.0,1.94,14.9
2022.0,7.0,16.0,1.0,0.97,17.5
2022.0,7.0,17.0,1.0,1.31,17.3
2022.0,7.0,18.0,1.0,2.39,20.2
2022.0,7.0,19.0,1.0,2.28,20.1
2022.0,7.0,20.0,6.0,4.59,20.6
2022.0,7.0,21.0,6.0,5.67,24.2
2022.0,7.0,22.0,6.0,5.53,24.15
2022.0,7.0,23.0,6.0,2.45,21.2
2022.0,7.0,24.0,6.0,5.47,20.6
2022.0,7.0,25.0,6.0,4.13,18.9
2022.0,7.0,26.0,5.0,4.15,20.85
2022.0,7.0,27.0,6.0,5.0,20.5
2022.0,7.0,28.0,6.0,5.44,18.0
2022.0,7.0,29.0,7.0,3.48,18.2
2022.0,7.0,30.0,5.0,3.66,21.3
2022.0,7.0,31.0,4.0,3.43,22.3
2022.0,8.0,1.0,7.0,3.77,20.0
2022.0,8.0,2.0,1.0,1.9,15.9
2022.0,8.0,3.0,6.0,4.37,22.35
2022.0,8.0,4.0,1.0,1.99,18.7
2022.0,8.0,5.0,1.0,1.56,16.5
2022.0,8.0,6.0,1.0,1.79,20.35
2022.0,8.0,7.0,1.0,3.64,16.2
2022.0,8.0,8.0,1.0,1.85,14.2
2022.0,8.0,9.0,5.0,4.04,20.7
2022.0,8.0,10.0,7.0,3.71,23.7
2022.0,8.0,11.0,1.0,1.91,18.4
2022.0,8.0,12.0,1.0,2.0,15.5
2022.0,8.0,13.0,1.0,3.15,15.8
2022.0,8.0,14.0,1.0,1.16,15.15
2022.0,8.0,15.0,1.0,2.13,15.4
2022.0,8.0,16.0,1.0,1.88,15.9
2022.0,8.0,17.0,5.0,1.69,16.9
2022.0,8.0,18.0,1.0,1.93,18.75
2022.0,8.0,19.0,1.0,1.87,17.7
2022.0,8.0,20.0,1.0,1.86,17.7
2022.0,8.0,21.0,1.0,1.12,17.1
2022.0,8.0,22.0,4.0,1.98,23.1
2022.0,8.0,23.0,4.0,2.31,23.35
2022.0,8.0,24.0,1.0,3.11,18.3
2022.0,8.0,25.0,1.0,2.48,17.4
2022.0,8.0,26.0,4.0,2.43,18.1
2022.0,8.0,27.0,4.0,2.73,21.4
2022.0,8.0,28.0,4.0,3.7,22.4
2022.0,8.0,29.0,5.0,4.96,20.6
2022.0,8.0,30.0,6.0,5.5,19.75
2022.0,8.0,31.0,6.0,5.21,21.5
2022.0,9.0,1.0,4.0,2.92,23.3
2022.0,9.0,2.0,5.0,4.81,24.6
2022.0,9.0,3.0,1.0,3.12,16.1
2022.0,9.0,4.0,1.0,2.61,14.25
2022.0,9.0,5.0,1.0,2.4,14.75
2022.0,9.0,6.0,1.0,1.71,15.6
2022.0,9.0,7.0,1.0,1.11,19.85
2022.0,9.0,8.0,1.0,3.16,18.95
2022.0,9.0,9.0,7.0,2.41,17.2
2022.0,9.0,10.0,2.0,1.58,16.2
2022.0,9.0,11.0,2.0,1.03,16.05
2022.0,9.0,12.0,1.0,1.0,16.45
2022.0,9.0,13.0,6.0,2.46,18.25
2022.0,9.0,14.0,1.0,4.14,16.3
2022.0,9.0,15.0,1.0,2.51,15.7
2022.0,9.0,16.0,1.0,4.42,15.5
2022.0,9.0,17.0,1.0,1.55,15.1
2022.0,9.0,18.0,6.0,2.7,16.8
2022.0,9.0,19.0,5.0,4.35,18.3
2022.0,9.0,20.0,1.0,1.55,18.75
2022.0,9.0,21.0,6.0,5.96,15.6
2022.0,9.0,22.0,7.0,2.91,11.75
2022.0,9.0,23.0,4.0,1.57,12.1
2022.0,9.0,24.0,4.0,1.34,11.8
2022.0,9.0,25.0,6.0,3.83,13.55
2022.0,9.0,26.0,7.0,6.03,11.75
2022.0,9.0,27.0,7.0,3.07,9.25
2022.0,9.0,28.0,0.0,1.72,9.2
2022.0,9.0,29.0,5.0,2.65,10.5
2022.0,9.0,30.0,1.0,0.95,13.55
2022.0,10.0,1.0,1.0,3.21,13.1
2022.0,10.0,2.0,1.0,3.47,12.2
2022.0,10.0,3.0,1.0,1.55,12.5
2022.0,10.0,4.0,5.0,1.4,16.1
2022.0,10.0,5.0,5.0,2.27,15.0
2022.0,10.0,6.0,7.0,5.09,10.85
2022.0,10.0,7.0,7.0,3.91,4.3
2022.0,10.0,8.0,5.0,5.79,5.3
2022.0,10.0,9.0,1.0,2.43,10.7
2022.0,10.0,10.0,1.0,1.47,8.3
2022.0,10.0,11.0,0.0,2.23,10.9
2022.0,10.0,12.0,6.0,5.28,12.6
2022.0,10.0,13.0,6.0,4.59,6.6
2022.0,10.0,14.0,5.0,3.3,3.4
2022.0,10.0,15.0,5.0,3.6,2.5
2022.0,10.0,16.0,6.0,7.09,5.5
2022.0,10.0,17.0,7.0,6.28,1.0
2022.0,10.0,18.0,7.0,2.96,1.85
2022.0,10.0,19.0,7.0,3.31,0.3
2022.0,10.0,20.0,5.0,2.9,6.0
2022.0,10.0,21.0,5.0,4.07,10.0
2022.0,10.0,22.0,1.0,2.72,10.6
2022.0,10.0,23.0,1.0,3.85,9.8
2022.0,10.0,24.0,1.0,4.74,14.3
2022.0,10.0,25.0,5.0,5.05,6.5
2022.0,10.0,26.0,6.0,3.35,5.25
2022.0,10.0,27.0,5.0,0.86,6.2
2022.0,10.0,28.0,5.0,3.14,9.4
2022.0,10.0,29.0,5.0,3.2,11.2
2022.0,10.0,30.0,4.0,1.61,11.5
2022.0,10.0,31.0,5.0,2.26,7.8
2023.0,6.0,1.0,1.0,2.02,11.9
2023.0,6.0,2.0,1.0,2.3,10.45
2023.0,6.0,3.0,1.0,1.59,10.65
2023.0,6.0,4.0,1.0,1.09,12.3
2023.0,6.0,5.0,1.0,2.94,13.7
2023.0,6.0,6.0,1.0,3.94,9.9
2023.0,6.0,7.0,1.0,3.72,10.2
2023.0,6.0,8.0,1.0,1.5,10.4
2023.0,6.0,9.0,1.0,1.28,13.15
2023.0,6.0,10.0,1.0,2.8,12.9
2023.0,6.0,11.0,1.0,2.14,11.0
2023.0,6.0,12.0,1.0,1.75,14.5
2023.0,6.0,13.0,1.0,1.65,13.2
2023.0,6.0,14.0,1.0,2.22,18.8
2023.0,6.0,15.0,1.0,2.93,12.8
2023.0,6.0,16.0,1.0,1.51,12.9
2023.0,6.0,17.0,1.0,1.21,13.7
2023.0,6.0,18.0,1.0,2.56,12.3
2023.0,6.0,19.0,1.0,2.6,11.75
2023.0,6.0,20.0,1.0,2.32,12.7
2023.0,6.0,21.0,1.0,1.89,13.4
2023.0,6.0,22.0,1.0,1.29,15.75
2023.0,6.0,23.0,1.0,1.08,18.6
2023.0,6.0,24.0,1.0,3.65,17.1
2023.0,6.0,25.0,1.0,3.97,12.6
2023.0,6.0,26.0,1.0,1.76,18.15
2023.0,6.0,27.0,1.0,1.42,16.65
2023.0,6.0,28.0,1.0,2.27,13.3
2023.0,6.0,29.0,5.0,2.23,17.5
2023.0,6.0,30.0,6.0,2.96,22.4
2023.0,7.0,1.0,2.0,2.37,22.85
2023.0,7.0,2.0,1.0,1.23,16.0
2023.0,7.0,3.0,1.0,1.47,17.8
2023.0,7.0,4.0,1.0,1.65,20.8
2023.0,7.0,5.0,7.0,3.71,19.95
2023.0,7.0,6.0,7.0,2.28,17.7
2023.0,7.0,7.0,5.0,3.72,19.9
2023.0,7.0,8.0,1.0,2.41,18.6
2023.0,7.0,9.0,5.0,3.98,16.65
2023.0,7.0,10.0,5.0,3.63,20.3
2023.0,7.0,11.0,7.0,3.83,17.95
2023.0,7.0,12.0,1.0,1.63,17.4
2023.0,7.0,13.0,1.0,1.01,16.8
2023.0,7.0,14.0,4.0,3.19,19.8
2023.0,7.0,15.0,6.0,4.85,21.75
2023.0,7.0,16.0,6.0,4.88,17.85
2023.0,7.0,17.0,6.0,5.7,17.15
2023.0,7.0,18.0,1.0,2.02,17.2
2023.0,7.0,19.0,1.0,1.91,13.2
2023.0,7.0,20.0,0.0,1.77,14.2
2023.0,7.0,21.0,4.0,2.13,22.1
2023.0,7.0,22.0,6.0,2.21,20.6
2023.0,7.0,23.0,7.0,4.03,22.45
2023.0,7.0,24.0,1.0,1.32,19.0
2023.0,7.0,25.0,1.0,1.42,17.9
2023.0,7.0,26.0,1.0,1.58,19.4
2023.0,7.0,27.0,1.0,1.54,19.3
2023.0,7.0,28.0,1.0,2.43,20.0
2023.0,7.0,29.0,7.0,2.46,18.6
2023.0,7.0,30.0,7.0,3.24,20.6
2023.0,7.0,31.0,2.0,1.36,21.05
2023.0,8.0,1.0,1.0,1.43,19.5
2023.0,8.0,2.0,1.0,1.52,18.9
2023.0,8.0,3.0,2.0,1.98,26.6
2023.0,8.0,4.0,1.0,3.29,21.1
2023.0,8.0,5.0,1.0,2.97,19.1
2023.0,8.0,6.0,1.0,1.47,19.6
2023.0,8.0,7.0,7.0,1.84,20.2
2023.0,8.0,8.0,4.0,3.79,23.2
2023.0,8.0,9.0,4.0,3.46,21.2
2023.0,8.0,10.0,7.0,3.63,20.25
2023.0,8.0,11.0,1.0,2.3,17.4
2023.0,8.0,12.0,1.0,2.11,16.8
2023.0,8.0,13.0,1.0,2.8,17.1
2023.0,8.0,14.0,1.0,3.1,17.9
2023.0,8.0,15.0,5.0,3.34,18.6
2023.0,8.0,16.0,5.0,5.66,23.65
2023.0,8.0,17.0,6.0,4.92,19.75
2023.0,8.0,18.0,4.0,3.4,19.4
2023.0,8.0,19.0,1.0,1.56,21.2
2023.0,8.0,20.0,7.0,2.46,23.2
2023.0,8.0,21.0,1.0,3.15,18.8
2023.0,8.0,22.0,1.0,4.75,17.3
2023.0,8.0,23.0,1.0,4.28,16.9
2023.0,8.0,24.0,1.0,2.86,16.4
2023.0,8.0,25.0,4.0,2.75,19.5
2023.0,8.0,26.0,1.0,3.32,16.8
2023.0,8.0,27.0,1.0,1.28,14.6
2023.0,8.0,28.0,1.0,1.23,17.0
2023.0,8.0,29.0,7.0,3.02,19.8
2023.0,8.0,30.0,1.0,2.24,16.3
2023.0,8.0,31.0,1.0,1.41,18.9
2023.0,9.0,1.0,5.0,3.93,19.7
2023.0,9.0,2.0,4.0,3.53,24.65
2023.0,9.0,3.0,4.0,2.47,26.05
2023.0,9.0,4.0,1.0,1.84,22.0
2023.0,9.0,5.0,1.0,1.2,21.55
2023.0,9.0,6.0,7.0,3.59,17.6
2023.0,9.0,7.0,0.0,2.22,14.6
2023.0,9.0,8.0,1.0,1.92,14.4
2023.0,9.0,9.0,1.0,1.6,16.0
2023.0,9.0,10.0,0.0,1.78,16.2
2023.0,9.0,11.0,0.0,1.61,16.3
2023.0,9.0,12.0,1.0,4.21,13.3
2023.0,9.0,13.0,7.0,2.2,12.5
2023.0,9.0,14.0,1.0,1.45,13.8
2023.0,9.0,15.0,5.0,3.26,17.3
2023.0,9.0,16.0,5.0,2.28,16.3
2023.0,9.0,17.0,7.0,2.24,16.2
2023.0,9.0,18.0,1.0,2.38,15.2
2023.0,9.0,19.0,1.0,2.89,15.9
2023.0,9.0,20.0,1.0,1.61,17.4
2023.0,9.0,21.0,1.0,0.91,17.8
2023.0,9.0,22.0,1.0,2.44,17.5
2023.0,9.0,23.0,1.0,4.82,17.1
2023.0,9.0,24.0,1.0,4.37,15.7
2023.0,9.0,25.0,1.0,5.24,16.4
2023.0,9.0,26.0,1.0,4.96,16.7
2023.0,9.0,27.0,1.0,4.2,16.3
2023.0,9.0,28.0,1.0,2.41,16.7
2023.0,9.0,29.0,2.0,1.19,17.0
2023.0,9.0,30.0,1.0,2.81,17.1
2023.0,10.0,1.0,1.0,3.6,16.4
2023.0,10.0,2.0,1.0,0.84,16.1
2023.0,10.0,3.0,1.0,1.79,19.5
2023.0,10.0,4.0,5.0,5.16,19.15
2023.0,10.0,5.0,5.0,5.42,13.05
2023.0,10.0,6.0,7.0,5.92,10.8
2023.0,10.0,7.0,6.0,3.33,8.5
2023.0,10.0,8.0,7.0,1.85,9.3
2023.0,10.0,9.0,7.0,4.16,7.4
2023.0,10.0,10.0,6.0,2.48,8.5
2023.0,10.0,11.0,7.0,1.55,9.1
2023.0,10.0,12.0,1.0,3.21,10.5
2023.0,10.0,13.0,1.0,5.78,11.6
2023.0,10.0,14.0,0.0,3.8,10.8
2023.0,10.0,15.0,7.0,4.0,8.9
2023.0,10.0,16.0,7.0,3.07,7.5
2023.0,10.0,17.0,5.0,1.38,6.2
2023.0,10.0,18.0,1.0,2.42,12.2
2023.0,10.0,19.0,7.0,1.84,11.7
2023.0,10.0,20.0,1.0,1.28,9.95
2023.0,10.0,21.0,1.0,1.91,9.5
2023.0,10.0,22.0,5.0,1.78,8.7
2023.0,10.0,23.0,4.0,1.11,10.7
2023.0,10.0,24.0,1.0,1.36,12.6
2023.0,10.0,25.0,0.0,2.01,10.1
2023.0,10.0,26.0,1.0,5.66,9.6
2023.0,10.0,27.0,6.0,5.16,6.8
2023.0,10.0,28.0,6.0,4.98,1.0
2023.0,10.0,29.0,6.0,3.84,-1.0
2023.0,10.0,30.0,6.0,5.05,-1.75
2023.0,10.0,31.0,0.0,3.72,-0.4
