YY,MM,DD,WDIR,WSPD,ATMP
2012.0,6.0,1.0,,,
2012.0,6.0,2.0,,,
2012.0,6.0,3.0,6.0,4.9,8.05
2012.0,6.0,4.0,,,
2012.0,6.0,5.0,2.0,5.23,7.35
2012.0,6.0,6.0,2.0,2.44,10.55
2012.0,6.0,7.0,,,
2012.0,6.0,8.0,,,
2012.0,6.0,9.0,,,
2012.0,6.0,10.0,,,
2012.0,6.0,11.0,,,
2012.0,6.0,12.0,6.0,10.13,8.9
2012.0,6.0,13.0,5.0,6.4,8.65
2012.0,6.0,14.0,3.0,6.68,9.1
2012.0,6.0,15.0,3.0,6.62,10.05
2012.0,6.0,16.0,2.0,4.75,8.1
2012.0,6.0,17.0,5.0,8.69,10.25
2012.0,6.0,18.0,4.0,5.27,9.9
2012.0,6.0,19.0,3.0,4.2,8.2
2012.0,6.0,20.0,,,
2012.0,6.0,21.0,,,
2012.0,6.0,22.0,,,
2012.0,6.0,23.0,,,
2012.0,6.0,24.0,,,
2012.0,6.0,25.0,,,
2012.0,6.0,26.0,,,
2012.0,6.0,27.0,,,
2012.0,6.0,28.0,,,
2012.0,6.0,29.0,,,
2012.0,6.0,30.0,,,
2012.0,7.0,1.0,,,
2012.0,7.0,2.0,,,
2012.0,7.0,3.0,,,
2012.0,7.0,4.0,,,
2012.0,7.0,5.0,,,
2012.0,7.0,6.0,,,
2012.0,7.0,7.0,,,
2012.0,7.0,8.0,,,
2012.0,7.0,9.0,,,
2012.0,7.0,10.0,,,
2012.0,7.0,11.0,,,
2012.0,7.0,12.0,,,
2012.0,7.0,13.0,,,
2012.0,7.0,14.0,,,
2012.0,7.0,15.0,,,
2012.0,7.0,16.0,,,
2012.0,7.0,17.0,,,
2012.0,7.0,18.0,,,
2012.0,7.0,19.0,,,
2012.0,7.0,20.0,,,
2012.0,7.0,21.0,,,
2012.0,7.0,22.0,,,
2012.0,7.0,23.0,,,
2012.0,7.0,24.0,,,
2012.0,7.0,25.0,,,
2012.0,7.0,26.0,,,
2012.0,7.0,27.0,,,
2012.0,7.0,28.0,,,
2012.0,7.0,29.0,,,
2012.0,7.0,30.0,,,
2012.0,7.0,31.0,,,
2012.0,8.0,1.0,,,
2012.0,8.0,2.0,,,
2012.0,8.0,3.0,,,
2012.0,8.0,4.0,,,
2012.0,8.0,5.0,,,
2012.0,8.0,6.0,,,
2012.0,8.0,7.0,,,
2012.0,8.0,8.0,,,
2012.0,8.0,9.0,,,
2012.0,8.0,10.0,,,
2012.0,8.0,11.0,,,
2012.0,8.0,12.0,,,
2012.0,8.0,13.0,,,
2012.0,8.0,14.0,,,
2012.0,8.0,15.0,,,
2012.0,8.0,16.0,,,
2012.0,8.0,17.0,,,
2012.0,8.0,18.0,0.0,2.0,17.55
2012.0,8.0,19.0,0.0,4.88,15.7
2012.0,8.0,20.0,7.0,5.96,16.75
2012.0,8.0,21.0,5.0,5.06,17.15
2012.0,8.0,22.0,6.0,8.98,19.1
2012.0,8.0,23.0,3.0,4.66,17.5
2012.0,8.0,24.0,3.0,6.22,18.5
2012.0,8.0,25.0,5.0,6.42,19.85
2012.0,8.0,26.0,5.0,6.55,19.7
2012.0,8.0,27.0,6.0,6.23,18.5
2012.0,8.0,28.0,0.0,2.49,17.3
2012.0,8.0,29.0,5.0,4.2,18.25
2012.0,8.0,30.0,5.0,7.54,20.5
2012.0,8.0,31.0,6.0,8.0,19.25
2012.0,9.0,1.0,4.0,2.63,19.25
2012.0,9.0,2.0,3.0,4.61,18.9
2012.0,9.0,3.0,4.0,7.11,19.9
2012.0,9.0,4.0,5.0,4.09,19.5
2012.0,9.0,5.0,5.0,7.74,18.7
2012.0,9.0,6.0,6.0,9.21,17.65
2012.0,9.0,7.0,7.0,6.93,15.1
2012.0,9.0,8.0,7.0,4.86,14.45
2012.0,9.0,9.0,0.0,4.9,14.5
2012.0,9.0,10.0,4.0,7.32,16.65
2012.0,9.0,11.0,5.0,7.74,18.6
2012.0,9.0,12.0,5.0,9.6,18.55
2012.0,9.0,13.0,6.0,6.84,15.5
2012.0,9.0,14.0,7.0,5.64,12.4
2012.0,9.0,15.0,1.0,3.22,13.25
2012.0,9.0,16.0,3.0,3.34,15.5
2012.0,9.0,17.0,0.0,4.67,10.8
2012.0,9.0,18.0,0.0,3.99,8.55
2012.0,9.0,19.0,5.0,9.05,10.3
2012.0,9.0,20.0,7.0,10.35,11.35
2012.0,9.0,21.0,0.0,3.21,10.8
2012.0,9.0,22.0,0.0,7.78,7.65
2012.0,9.0,23.0,7.0,9.57,6.7
2012.0,9.0,24.0,6.0,13.58,11.2
2012.0,9.0,25.0,0.0,4.5,9.4
2012.0,9.0,26.0,0.0,4.32,9.75
2012.0,9.0,27.0,5.0,6.28,11.0
2012.0,9.0,28.0,6.0,5.94,12.55
2012.0,9.0,29.0,2.0,4.88,11.3
2012.0,9.0,30.0,3.0,3.16,11.15
2012.0,10.0,1.0,4.0,4.48,11.7
2012.0,10.0,2.0,0.0,3.82,9.8
2012.0,10.0,3.0,4.0,6.89,12.1
2012.0,10.0,4.0,2.0,8.82,11.05
2012.0,10.0,5.0,6.0,16.6,5.75
2012.0,10.0,6.0,0.0,8.55,3.5
2012.0,10.0,7.0,6.0,10.87,6.15
2012.0,10.0,8.0,5.0,9.83,7.85
2012.0,10.0,9.0,5.0,11.08,8.05
2012.0,10.0,10.0,7.0,12.02,2.95
2012.0,10.0,11.0,7.0,9.95,4.2
2012.0,10.0,12.0,7.0,7.0,3.5
2012.0,10.0,13.0,4.0,6.92,6.55
2012.0,10.0,14.0,0.0,4.93,5.9
2012.0,10.0,15.0,0.0,5.11,4.9
2012.0,10.0,16.0,4.0,7.62,8.1
2012.0,10.0,17.0,3.0,7.08,9.4
2012.0,10.0,18.0,2.0,12.66,10.6
2012.0,10.0,19.0,2.0,8.38,8.9
2012.0,10.0,20.0,0.0,3.62,8.55
2012.0,10.0,21.0,6.0,4.68,7.85
2012.0,10.0,22.0,0.0,3.18,8.9
2012.0,10.0,23.0,2.0,11.61,8.3
2012.0,10.0,24.0,3.0,8.08,9.3
2012.0,10.0,25.0,0.0,7.0,8.65
2012.0,10.0,26.0,6.0,14.5,4.35
2012.0,10.0,27.0,6.0,9.41,2.1
2012.0,10.0,28.0,7.0,4.77,2.2
2012.0,10.0,29.0,1.0,3.98,4.35
2012.0,10.0,30.0,1.0,6.59,2.15
2012.0,10.0,31.0,0.0,7.77,0.0
2013.0,6.0,1.0,0.0,5.43,5.45
2013.0,6.0,2.0,0.0,5.17,3.8
2013.0,6.0,3.0,6.0,6.19,4.2
2013.0,6.0,4.0,6.0,5.37,6.25
2013.0,6.0,5.0,2.0,4.52,5.7
2013.0,6.0,6.0,1.0,4.41,5.55
2013.0,6.0,7.0,6.0,5.77,9.35
2013.0,6.0,8.0,6.0,5.85,11.5
2013.0,6.0,9.0,2.0,4.25,6.25
2013.0,6.0,10.0,2.0,4.77,6.55
2013.0,6.0,11.0,6.0,4.02,6.55
2013.0,6.0,12.0,6.0,3.4,8.05
2013.0,6.0,13.0,0.0,4.42,8.35
2013.0,6.0,14.0,2.0,5.18,6.6
2013.0,6.0,15.0,2.0,4.2,5.35
2013.0,6.0,16.0,6.0,2.9,6.2
2013.0,6.0,17.0,1.0,4.38,7.3
2013.0,6.0,18.0,6.0,6.34,9.2
2013.0,6.0,19.0,4.0,4.77,7.55
2013.0,6.0,20.0,2.0,4.72,7.65
2013.0,6.0,21.0,2.0,7.18,5.75
2013.0,6.0,22.0,1.0,4.28,12.2
2013.0,6.0,23.0,2.0,4.69,6.5
2013.0,6.0,24.0,5.0,5.04,6.85
2013.0,6.0,25.0,5.0,4.2,10.6
2013.0,6.0,26.0,2.0,5.0,6.75
2013.0,6.0,27.0,6.0,4.6,9.2
2013.0,6.0,28.0,0.0,3.65,6.35
2013.0,6.0,29.0,0.0,5.38,13.55
2013.0,6.0,30.0,6.0,6.02,13.6
2013.0,7.0,1.0,1.0,6.69,11.95
2013.0,7.0,2.0,7.0,2.38,10.85
2013.0,7.0,3.0,2.0,3.28,7.25
2013.0,7.0,4.0,2.0,2.96,8.55
2013.0,7.0,5.0,5.0,5.23,13.0
2013.0,7.0,6.0,5.0,4.75,12.85
2013.0,7.0,7.0,1.0,6.28,9.7
2013.0,7.0,8.0,2.0,4.36,7.85
2013.0,7.0,9.0,1.0,3.3,7.1
2013.0,7.0,10.0,6.0,5.98,10.0
2013.0,7.0,11.0,4.0,4.41,10.65
2013.0,7.0,12.0,4.0,5.9,11.7
2013.0,7.0,13.0,4.0,4.44,11.7
2013.0,7.0,14.0,2.0,3.86,11.05
2013.0,7.0,15.0,5.0,3.69,11.9
2013.0,7.0,16.0,2.0,4.46,8.75
2013.0,7.0,17.0,6.0,5.31,16.6
2013.0,7.0,18.0,2.0,4.45,13.5
2013.0,7.0,19.0,6.0,8.3,14.15
2013.0,7.0,20.0,0.0,4.78,11.45
2013.0,7.0,21.0,6.0,5.16,11.0
2013.0,7.0,22.0,3.0,5.14,9.5
2013.0,7.0,23.0,0.0,7.74,11.9
2013.0,7.0,24.0,6.0,7.19,12.8
2013.0,7.0,25.0,4.0,5.65,10.6
2013.0,7.0,26.0,1.0,6.05,8.5
2013.0,7.0,27.0,0.0,3.04,7.65
2013.0,7.0,28.0,0.0,4.97,8.55
2013.0,7.0,29.0,6.0,6.13,10.7
2013.0,7.0,30.0,5.0,3.32,10.2
2013.0,7.0,31.0,5.0,5.95,11.15
2013.0,8.0,1.0,6.0,7.94,12.45
2013.0,8.0,2.0,6.0,7.9,12.1
2013.0,8.0,3.0,6.0,5.53,14.15
2013.0,8.0,4.0,6.0,6.25,12.7
2013.0,8.0,5.0,5.0,3.82,11.3
2013.0,8.0,6.0,5.0,2.5,11.75
2013.0,8.0,7.0,0.0,3.49,12.8
2013.0,8.0,8.0,6.0,6.37,12.9
2013.0,8.0,9.0,6.0,5.6,13.1
2013.0,8.0,10.0,6.0,7.04,14.25
2013.0,8.0,11.0,6.0,8.57,15.4
2013.0,8.0,12.0,6.0,4.13,13.75
2013.0,8.0,13.0,0.0,3.45,12.95
2013.0,8.0,14.0,6.0,8.8,13.3
2013.0,8.0,15.0,6.0,10.01,15.25
2013.0,8.0,16.0,6.0,4.32,15.4
2013.0,8.0,17.0,5.0,6.72,15.95
2013.0,8.0,18.0,5.0,8.29,15.4
2013.0,8.0,19.0,5.0,7.43,15.8
2013.0,8.0,20.0,5.0,6.82,16.45
2013.0,8.0,21.0,5.0,6.81,18.0
2013.0,8.0,22.0,6.0,5.48,16.25
2013.0,8.0,23.0,4.0,3.63,16.2
2013.0,8.0,24.0,4.0,4.98,16.5
2013.0,8.0,25.0,5.0,8.12,18.65
2013.0,8.0,26.0,7.0,4.41,18.8
2013.0,8.0,27.0,2.0,3.51,15.15
2013.0,8.0,28.0,2.0,3.17,17.6
2013.0,8.0,29.0,6.0,3.83,18.0
2013.0,8.0,30.0,0.0,4.76,17.45
2013.0,8.0,31.0,4.0,5.6,15.4
2013.0,9.0,1.0,0.0,5.95,15.05
2013.0,9.0,2.0,0.0,8.02,10.95
2013.0,9.0,3.0,6.0,6.92,14.3
2013.0,9.0,4.0,1.0,6.03,11.5
2013.0,9.0,5.0,5.0,3.99,12.7
2013.0,9.0,6.0,5.0,6.7,15.4
2013.0,9.0,7.0,1.0,3.38,16.25
2013.0,9.0,8.0,2.0,5.51,12.55
2013.0,9.0,9.0,3.0,3.72,13.7
2013.0,9.0,10.0,1.0,4.01,13.85
2013.0,9.0,11.0,6.0,3.91,14.1
2013.0,9.0,12.0,0.0,4.66,11.5
2013.0,9.0,13.0,1.0,3.52,10.3
2013.0,9.0,14.0,5.0,9.1,13.65
2013.0,9.0,15.0,1.0,6.79,10.85
2013.0,9.0,16.0,4.0,4.28,10.1
2013.0,9.0,17.0,4.0,7.6,12.3
2013.0,9.0,18.0,4.0,5.25,13.45
2013.0,9.0,19.0,2.0,5.0,13.75
2013.0,9.0,20.0,6.0,7.44,14.55
2013.0,9.0,21.0,7.0,8.79,8.75
2013.0,9.0,22.0,1.0,3.47,7.65
2013.0,9.0,23.0,3.0,8.63,10.85
2013.0,9.0,24.0,4.0,6.83,12.4
2013.0,9.0,25.0,2.0,3.17,11.9
2013.0,9.0,26.0,2.0,4.54,12.1
2013.0,9.0,27.0,3.0,7.45,14.1
2013.0,9.0,28.0,3.0,12.2,15.25
2013.0,9.0,29.0,5.0,10.06,11.95
2013.0,9.0,30.0,4.0,6.76,13.95
2013.0,10.0,1.0,4.0,8.6,14.6
2013.0,10.0,2.0,6.0,11.31,14.45
2013.0,10.0,3.0,6.0,4.65,13.15
2013.0,10.0,4.0,1.0,6.58,11.6
2013.0,10.0,5.0,2.0,12.5,8.3
2013.0,10.0,6.0,2.0,8.62,9.05
2013.0,10.0,7.0,7.0,8.83,8.85
2013.0,10.0,8.0,4.0,6.65,11.15
2013.0,10.0,9.0,5.0,8.59,13.75
2013.0,10.0,10.0,5.0,4.71,12.65
2013.0,10.0,11.0,3.0,7.3,11.85
2013.0,10.0,12.0,3.0,11.63,12.4
2013.0,10.0,13.0,6.0,11.26,10.25
2013.0,10.0,14.0,5.0,4.63,9.8
2013.0,10.0,15.0,2.0,7.31,9.0
2013.0,10.0,16.0,0.0,5.47,6.9
2013.0,10.0,17.0,6.0,4.8,8.1
2013.0,10.0,18.0,0.0,4.53,6.05
2013.0,10.0,19.0,4.0,4.88,6.0
2013.0,10.0,20.0,1.0,3.38,5.45
2013.0,10.0,21.0,7.0,7.87,4.2
2013.0,10.0,22.0,0.0,8.56,2.3
2013.0,10.0,23.0,7.0,9.63,1.85
2013.0,10.0,24.0,7.0,9.35,2.55
2013.0,10.0,25.0,7.0,9.14,3.85
2013.0,10.0,26.0,0.0,12.07,3.95
2013.0,10.0,27.0,7.0,6.96,3.3
2013.0,10.0,28.0,0.0,5.82,-0.8
2013.0,10.0,29.0,7.0,3.52,0.4
2013.0,10.0,30.0,5.0,5.66,4.3
2013.0,10.0,31.0,0.0,3.6,7.25
2014.0,6.0,1.0,1.0,3.56,5.9
2014.0,6.0,2.0,1.0,6.36,6.1
2014.0,6.0,3.0,6.0,7.74,6.05
2014.0,6.0,4.0,5.0,4.69,10.75
2014.0,6.0,5.0,2.0,5.15,8.75
2014.0,6.0,6.0,3.0,3.62,6.6
2014.0,6.0,7.0,0.0,4.02,5.8
2014.0,6.0,8.0,6.0,6.2,6.1
2014.0,6.0,9.0,2.0,3.38,6.15
2014.0,6.0,10.0,2.0,3.54,4.8
2014.0,6.0,11.0,2.0,4.18,5.7
2014.0,6.0,12.0,2.0,5.88,6.8
2014.0,6.0,13.0,0.0,6.83,5.85
2014.0,6.0,14.0,2.0,3.6,5.85
2014.0,6.0,15.0,2.0,10.98,5.0
2014.0,6.0,16.0,5.0,7.47,7.6
2014.0,6.0,17.0,0.0,3.57,9.55
2014.0,6.0,18.0,1.0,6.44,12.5
2014.0,6.0,19.0,2.0,7.32,6.6
2014.0,6.0,20.0,2.0,6.26,6.5
2014.0,6.0,21.0,2.0,6.54,5.6
2014.0,6.0,22.0,2.0,3.78,5.8
2014.0,6.0,23.0,2.0,3.63,6.0
2014.0,6.0,24.0,1.0,6.04,6.65
2014.0,6.0,25.0,1.0,5.54,9.6
2014.0,6.0,26.0,2.0,3.49,8.1
2014.0,6.0,27.0,2.0,5.05,6.2
2014.0,6.0,28.0,3.0,6.45,9.6
2014.0,6.0,29.0,3.0,7.29,10.55
2014.0,6.0,30.0,5.0,10.51,11.6
2014.0,7.0,1.0,5.0,9.39,10.05
2014.0,7.0,2.0,7.0,7.17,8.95
2014.0,7.0,3.0,7.0,4.76,10.95
2014.0,7.0,4.0,6.0,6.45,10.7
2014.0,7.0,5.0,5.0,7.29,11.3
2014.0,7.0,6.0,4.0,6.07,9.7
2014.0,7.0,7.0,6.0,9.88,11.5
2014.0,7.0,8.0,0.0,5.16,8.3
2014.0,7.0,9.0,6.0,7.11,8.05
2014.0,7.0,10.0,4.0,3.35,8.6
2014.0,7.0,11.0,4.0,5.38,10.3
2014.0,7.0,12.0,5.0,7.35,12.55
2014.0,7.0,13.0,6.0,8.58,9.85
2014.0,7.0,14.0,6.0,6.35,9.2
2014.0,7.0,15.0,0.0,4.16,8.15
2014.0,7.0,16.0,6.0,6.53,10.85
2014.0,7.0,17.0,5.0,4.35,9.55
2014.0,7.0,18.0,5.0,4.62,10.0
2014.0,7.0,19.0,4.0,6.51,12.65
2014.0,7.0,20.0,5.0,4.78,10.4
2014.0,7.0,21.0,5.0,6.63,12.8
2014.0,7.0,22.0,2.0,7.5,11.8
2014.0,7.0,23.0,6.0,4.91,11.9
2014.0,7.0,24.0,6.0,9.08,12.75
2014.0,7.0,25.0,6.0,3.58,10.75
2014.0,7.0,26.0,2.0,3.11,8.95
2014.0,7.0,27.0,1.0,5.26,11.2
2014.0,7.0,28.0,6.0,5.78,12.25
2014.0,7.0,29.0,6.0,5.92,12.45
2014.0,7.0,30.0,6.0,6.14,12.0
2014.0,7.0,31.0,6.0,6.97,12.4
2014.0,8.0,1.0,0.0,2.95,12.6
2014.0,8.0,2.0,4.0,3.02,12.1
2014.0,8.0,3.0,0.0,2.77,10.85
2014.0,8.0,4.0,2.0,3.68,13.4
2014.0,8.0,5.0,4.0,3.06,13.45
2014.0,8.0,6.0,6.0,3.76,15.5
2014.0,8.0,7.0,6.0,3.74,15.8
2014.0,8.0,8.0,2.0,3.12,13.65
2014.0,8.0,9.0,4.0,3.11,15.65
2014.0,8.0,10.0,2.0,2.84,15.6
2014.0,8.0,11.0,0.0,3.8,15.15
2014.0,8.0,12.0,0.0,4.24,12.45
2014.0,8.0,13.0,0.0,5.11,13.3
2014.0,8.0,14.0,0.0,3.94,12.4
2014.0,8.0,15.0,6.0,7.08,14.5
2014.0,8.0,16.0,0.0,4.7,14.2
2014.0,8.0,17.0,1.0,3.3,11.2
2014.0,8.0,18.0,2.0,4.88,10.7
2014.0,8.0,19.0,1.0,4.53,10.8
2014.0,8.0,20.0,0.0,2.35,14.35
2014.0,8.0,21.0,1.0,3.08,14.4
2014.0,8.0,22.0,1.0,3.99,12.0
2014.0,8.0,23.0,1.0,3.23,14.55
2014.0,8.0,24.0,2.0,7.49,13.5
2014.0,8.0,25.0,4.0,7.88,14.6
2014.0,8.0,26.0,6.0,10.16,13.75
2014.0,8.0,27.0,7.0,5.94,13.75
2014.0,8.0,28.0,6.0,4.71,13.95
2014.0,8.0,29.0,3.0,6.79,13.8
2014.0,8.0,30.0,0.0,2.57,13.45
2014.0,8.0,31.0,2.0,4.48,13.15
2014.0,9.0,1.0,3.0,9.12,14.75
2014.0,9.0,2.0,6.0,7.22,15.6
2014.0,9.0,3.0,5.0,6.04,15.4
2014.0,9.0,4.0,2.0,3.58,14.3
2014.0,9.0,5.0,6.0,7.41,15.95
2014.0,9.0,6.0,6.0,7.61,14.7
2014.0,9.0,7.0,2.0,5.61,11.75
2014.0,9.0,8.0,5.0,6.63,15.05
2014.0,9.0,9.0,5.0,5.99,15.1
2014.0,9.0,10.0,1.0,9.95,6.15
2014.0,9.0,11.0,0.0,4.46,6.05
2014.0,9.0,12.0,0.0,2.97,7.2
2014.0,9.0,13.0,5.0,4.84,7.65
2014.0,9.0,14.0,4.0,7.62,8.2
2014.0,9.0,15.0,6.0,7.27,9.35
2014.0,9.0,16.0,6.0,9.15,10.5
2014.0,9.0,17.0,1.0,6.93,5.85
2014.0,9.0,18.0,3.0,4.33,6.1
2014.0,9.0,19.0,4.0,8.64,8.75
2014.0,9.0,20.0,6.0,6.1,11.65
2014.0,9.0,21.0,0.0,4.91,8.85
2014.0,9.0,22.0,6.0,7.45,9.45
2014.0,9.0,23.0,6.0,7.06,12.8
2014.0,9.0,24.0,4.0,5.02,10.95
2014.0,9.0,25.0,4.0,3.35,11.7
2014.0,9.0,26.0,3.0,2.83,11.45
2014.0,9.0,27.0,5.0,4.92,11.95
2014.0,9.0,28.0,5.0,5.49,13.35
2014.0,9.0,29.0,1.0,7.38,5.7
2014.0,9.0,30.0,1.0,4.4,6.45
2014.0,10.0,1.0,3.0,5.7,7.9
2014.0,10.0,2.0,4.0,4.02,9.4
2014.0,10.0,3.0,7.0,6.63,9.85
2014.0,10.0,4.0,0.0,8.46,4.95
2014.0,10.0,5.0,6.0,11.73,5.5
2014.0,10.0,6.0,5.0,9.24,6.75
2014.0,10.0,7.0,6.0,5.5,6.1
2014.0,10.0,8.0,7.0,11.88,4.65
2014.0,10.0,9.0,7.0,12.2,6.4
2014.0,10.0,10.0,7.0,7.39,6.5
2014.0,10.0,11.0,5.0,5.58,6.25
2014.0,10.0,12.0,5.0,7.92,8.15
2014.0,10.0,13.0,4.0,4.73,8.75
2014.0,10.0,14.0,0.0,2.72,8.45
2014.0,10.0,15.0,0.0,4.2,9.1
2014.0,10.0,16.0,2.0,3.38,6.95
2014.0,10.0,17.0,0.0,5.27,6.75
2014.0,10.0,18.0,0.0,6.0,3.6
2014.0,10.0,19.0,4.0,6.31,4.7
2014.0,10.0,20.0,0.0,5.77,7.0
2014.0,10.0,21.0,1.0,4.64,3.4
2014.0,10.0,22.0,4.0,7.72,5.7
2014.0,10.0,23.0,4.0,7.85,7.25
2014.0,10.0,24.0,5.0,5.97,7.5
2014.0,10.0,25.0,6.0,12.02,10.45
2014.0,10.0,26.0,7.0,7.74,5.75
2014.0,10.0,27.0,3.0,8.93,5.7
2014.0,10.0,28.0,2.0,6.39,5.65
2014.0,10.0,29.0,7.0,8.05,3.6
2014.0,10.0,30.0,0.0,1.38,3.5
2014.0,10.0,31.0,0.0,7.77,-0.25
2015.0,6.0,1.0,2.0,2.64,3.8
2015.0,6.0,2.0,3.0,4.75,5.35
2015.0,6.0,3.0,3.0,4.03,6.8
2015.0,6.0,4.0,1.0,4.57,5.25
2015.0,6.0,5.0,1.0,4.71,6.7
2015.0,6.0,6.0,3.0,4.81,4.35
2015.0,6.0,7.0,3.0,5.5,5.65
2015.0,6.0,8.0,6.0,5.1,8.4
2015.0,6.0,9.0,6.0,5.17,7.4
2015.0,6.0,10.0,6.0,7.75,7.8
2015.0,6.0,11.0,7.0,3.02,9.8
2015.0,6.0,12.0,2.0,3.24,4.95
2015.0,6.0,13.0,2.0,3.88,6.55
2015.0,6.0,14.0,1.0,3.87,5.9
2015.0,6.0,15.0,5.0,4.42,6.25
2015.0,6.0,16.0,6.0,6.42,8.5
2015.0,6.0,17.0,4.0,4.84,7.5
2015.0,6.0,18.0,4.0,4.82,6.45
2015.0,6.0,19.0,6.0,5.33,7.6
2015.0,6.0,20.0,1.0,5.19,5.2
2015.0,6.0,21.0,6.0,4.4,6.8
2015.0,6.0,22.0,2.0,4.5,4.9
2015.0,6.0,23.0,7.0,7.74,8.85
2015.0,6.0,24.0,2.0,5.26,8.25
2015.0,6.0,25.0,2.0,2.93,4.2
2015.0,6.0,26.0,4.0,3.5,5.4
2015.0,6.0,27.0,3.0,3.42,7.35
2015.0,6.0,28.0,4.0,3.86,6.95
2015.0,6.0,29.0,4.0,2.97,8.15
2015.0,6.0,30.0,0.0,3.69,7.9
2015.0,7.0,1.0,5.0,3.71,8.65
2015.0,7.0,2.0,5.0,3.44,8.2
2015.0,7.0,3.0,6.0,5.7,10.7
2015.0,7.0,4.0,4.0,3.41,11.4
2015.0,7.0,5.0,4.0,4.0,8.85
2015.0,7.0,6.0,6.0,3.4,11.35
2015.0,7.0,7.0,6.0,6.42,10.1
2015.0,7.0,8.0,5.0,6.7,9.6
2015.0,7.0,9.0,5.0,4.11,11.0
2015.0,7.0,10.0,5.0,3.94,11.9
2015.0,7.0,11.0,5.0,2.98,13.3
2015.0,7.0,12.0,2.0,3.53,6.85
2015.0,7.0,13.0,2.0,4.38,8.4
2015.0,7.0,14.0,0.0,3.68,10.9
2015.0,7.0,15.0,3.0,4.2,10.1
2015.0,7.0,16.0,3.0,3.9,9.1
2015.0,7.0,17.0,2.0,2.28,11.05
2015.0,7.0,18.0,2.0,3.68,8.25
2015.0,7.0,19.0,6.0,9.32,13.45
2015.0,7.0,20.0,6.0,9.28,14.15
2015.0,7.0,21.0,6.0,8.09,13.5
2015.0,7.0,22.0,6.0,5.72,14.5
2015.0,7.0,23.0,3.0,2.83,12.25
2015.0,7.0,24.0,3.0,4.47,11.7
2015.0,7.0,25.0,6.0,8.17,17.4
2015.0,7.0,26.0,6.0,4.39,15.6
2015.0,7.0,27.0,4.0,3.1,13.95
2015.0,7.0,28.0,2.0,5.36,12.75
2015.0,7.0,29.0,5.0,10.17,16.05
2015.0,7.0,30.0,6.0,12.21,16.25
2015.0,7.0,31.0,6.0,10.64,14.65
2015.0,8.0,1.0,6.0,9.47,14.9
2015.0,8.0,2.0,5.0,5.89,14.7
2015.0,8.0,3.0,6.0,7.27,13.65
2015.0,8.0,4.0,7.0,4.42,13.4
2015.0,8.0,5.0,6.0,5.73,14.0
2015.0,8.0,6.0,3.0,3.86,13.95
2015.0,8.0,7.0,2.0,6.24,11.75
2015.0,8.0,8.0,3.0,6.03,14.15
2015.0,8.0,9.0,5.0,5.9,14.85
2015.0,8.0,10.0,6.0,4.2,15.25
2015.0,8.0,11.0,7.0,4.69,15.7
2015.0,8.0,12.0,6.0,6.4,16.55
2015.0,8.0,13.0,6.0,3.9,17.2
2015.0,8.0,14.0,6.0,4.53,19.55
2015.0,8.0,15.0,4.0,5.38,19.25
2015.0,8.0,16.0,5.0,9.08,19.65
2015.0,8.0,17.0,6.0,6.56,16.75
2015.0,8.0,18.0,1.0,3.98,15.8
2015.0,8.0,19.0,1.0,8.72,13.6
2015.0,8.0,20.0,7.0,8.6,12.7
2015.0,8.0,21.0,6.0,8.23,14.05
2015.0,8.0,22.0,4.0,6.73,16.65
2015.0,8.0,23.0,4.0,7.92,15.8
2015.0,8.0,24.0,6.0,11.67,12.15
2015.0,8.0,25.0,7.0,9.59,11.1
2015.0,8.0,26.0,7.0,5.53,12.05
2015.0,8.0,27.0,5.0,4.69,12.8
2015.0,8.0,28.0,4.0,3.69,13.55
2015.0,8.0,29.0,5.0,6.8,14.6
2015.0,8.0,30.0,5.0,6.83,14.5
2015.0,8.0,31.0,4.0,4.15,15.35
2015.0,9.0,1.0,5.0,4.77,16.1
2015.0,9.0,2.0,2.0,2.22,15.8
2015.0,9.0,3.0,1.0,2.63,15.5
2015.0,9.0,4.0,2.0,3.12,16.2
2015.0,9.0,5.0,2.0,5.02,16.15
2015.0,9.0,6.0,5.0,6.53,17.45
2015.0,9.0,7.0,6.0,4.73,17.9
2015.0,9.0,8.0,2.0,4.14,16.4
2015.0,9.0,9.0,6.0,8.14,15.4
2015.0,9.0,10.0,6.0,6.96,13.85
2015.0,9.0,11.0,0.0,6.67,10.85
2015.0,9.0,12.0,1.0,3.22,12.65
2015.0,9.0,13.0,5.0,9.53,13.75
2015.0,9.0,14.0,5.0,8.49,15.05
2015.0,9.0,15.0,2.0,3.99,15.05
2015.0,9.0,16.0,4.0,8.46,17.0
2015.0,9.0,17.0,4.0,6.04,17.05
2015.0,9.0,18.0,7.0,7.02,14.65
2015.0,9.0,19.0,0.0,6.04,14.1
2015.0,9.0,20.0,6.0,8.38,14.9
2015.0,9.0,21.0,4.0,7.14,15.0
2015.0,9.0,22.0,4.0,7.62,15.75
2015.0,9.0,23.0,2.0,5.2,12.85
2015.0,9.0,24.0,2.0,7.83,12.0
2015.0,9.0,25.0,1.0,6.8,11.5
2015.0,9.0,26.0,4.0,4.13,12.7
2015.0,9.0,27.0,5.0,7.42,15.05
2015.0,9.0,28.0,6.0,4.54,15.25
2015.0,9.0,29.0,7.0,8.71,10.7
2015.0,9.0,30.0,2.0,5.1,10.7
2015.0,10.0,1.0,2.0,5.4,10.5
2015.0,10.0,2.0,2.0,6.1,9.4
2015.0,10.0,3.0,2.0,9.62,9.8
2015.0,10.0,4.0,3.0,4.58,10.0
2015.0,10.0,5.0,5.0,3.65,10.55
2015.0,10.0,6.0,6.0,7.48,11.8
2015.0,10.0,7.0,0.0,6.7,8.8
2015.0,10.0,8.0,3.0,7.0,9.45
2015.0,10.0,9.0,7.0,6.15,9.8
2015.0,10.0,10.0,5.0,9.85,10.65
2015.0,10.0,11.0,5.0,5.6,13.0
2015.0,10.0,12.0,5.0,7.66,13.65
2015.0,10.0,13.0,0.0,9.63,8.2
2015.0,10.0,14.0,6.0,10.0,8.6
2015.0,10.0,15.0,7.0,6.56,9.75
2015.0,10.0,16.0,7.0,8.48,2.3
2015.0,10.0,17.0,7.0,7.64,1.1
2015.0,10.0,18.0,0.0,5.25,2.65
2015.0,10.0,19.0,6.0,10.48,11.15
2015.0,10.0,20.0,1.0,6.53,5.4
2015.0,10.0,21.0,2.0,11.0,7.65
2015.0,10.0,22.0,0.0,8.29,5.4
2015.0,10.0,23.0,3.0,8.55,6.05
2015.0,10.0,24.0,3.0,10.11,8.15
2015.0,10.0,25.0,7.0,6.4,5.0
2015.0,10.0,26.0,5.0,3.35,5.65
2015.0,10.0,27.0,3.0,7.29,6.95
2015.0,10.0,28.0,2.0,12.9,7.7
2015.0,10.0,29.0,0.0,8.35,5.0
2015.0,10.0,30.0,7.0,7.14,3.95
2015.0,10.0,31.0,5.0,9.52,7.35
2016.0,6.0,1.0,2.0,8.07,6.45
2016.0,6.0,2.0,6.0,6.95,6.8
2016.0,6.0,3.0,2.0,3.42,7.4
2016.0,6.0,4.0,2.0,7.81,5.2
2016.0,6.0,5.0,1.0,5.44,7.5
2016.0,6.0,6.0,7.0,6.41,7.4
2016.0,6.0,7.0,0.0,6.65,6.7
2016.0,6.0,8.0,7.0,4.39,5.9
2016.0,6.0,9.0,2.0,4.02,5.8
2016.0,6.0,10.0,2.0,5.35,6.45
2016.0,6.0,11.0,0.0,6.78,9.95
2016.0,6.0,12.0,0.0,4.27,9.65
2016.0,6.0,13.0,2.0,4.44,6.35
2016.0,6.0,14.0,2.0,3.39,7.0
2016.0,6.0,15.0,2.0,7.03,6.85
2016.0,6.0,16.0,0.0,5.5,10.6
2016.0,6.0,17.0,6.0,5.39,13.55
2016.0,6.0,18.0,6.0,6.19,11.2
2016.0,6.0,19.0,4.0,4.5,7.75
2016.0,6.0,20.0,6.0,11.74,12.9
2016.0,6.0,21.0,6.0,7.3,11.85
2016.0,6.0,22.0,4.0,4.02,9.1
2016.0,6.0,23.0,6.0,5.59,11.15
2016.0,6.0,24.0,5.0,4.31,12.5
2016.0,6.0,25.0,2.0,5.9,9.75
2016.0,6.0,26.0,5.0,6.52,9.45
2016.0,6.0,27.0,0.0,8.22,9.75
2016.0,6.0,28.0,6.0,4.4,9.9
2016.0,6.0,29.0,5.0,6.0,10.55
2016.0,6.0,30.0,6.0,5.71,11.3
2016.0,7.0,1.0,6.0,8.08,9.3
2016.0,7.0,2.0,6.0,6.24,12.6
2016.0,7.0,3.0,6.0,7.41,13.7
2016.0,7.0,4.0,4.0,4.41,12.2
2016.0,7.0,5.0,4.0,5.2,14.9
2016.0,7.0,6.0,2.0,4.26,12.7
2016.0,7.0,7.0,2.0,3.71,10.8
2016.0,7.0,8.0,2.0,4.51,12.25
2016.0,7.0,9.0,0.0,3.56,14.5
2016.0,7.0,10.0,6.0,4.28,12.9
2016.0,7.0,11.0,3.0,5.14,11.55
2016.0,7.0,12.0,3.0,8.14,13.55
2016.0,7.0,13.0,5.0,11.13,15.65
2016.0,7.0,14.0,6.0,8.78,13.55
2016.0,7.0,15.0,0.0,3.51,12.05
2016.0,7.0,16.0,6.0,4.56,12.0
2016.0,7.0,17.0,4.0,5.15,13.75
2016.0,7.0,18.0,6.0,4.46,14.55
2016.0,7.0,19.0,6.0,3.46,14.8
2016.0,7.0,20.0,4.0,4.3,15.35
2016.0,7.0,21.0,5.0,7.35,18.1
2016.0,7.0,22.0,6.0,10.5,20.0
2016.0,7.0,23.0,0.0,5.21,17.65
2016.0,7.0,24.0,3.0,5.65,16.25
2016.0,7.0,25.0,6.0,10.12,18.55
2016.0,7.0,26.0,6.0,7.33,20.0
2016.0,7.0,27.0,6.0,3.55,18.0
2016.0,7.0,28.0,1.0,3.3,17.05
2016.0,7.0,29.0,3.0,3.15,17.6
2016.0,7.0,30.0,3.0,3.13,17.45
2016.0,7.0,31.0,4.0,3.6,17.95
2016.0,8.0,1.0,3.0,4.91,18.9
2016.0,8.0,2.0,5.0,6.66,19.6
2016.0,8.0,3.0,5.0,6.68,20.65
2016.0,8.0,4.0,4.0,6.76,20.7
2016.0,8.0,5.0,6.0,8.64,19.55
2016.0,8.0,6.0,7.0,7.07,18.45
2016.0,8.0,7.0,7.0,4.86,18.45
2016.0,8.0,8.0,4.0,4.82,19.2
2016.0,8.0,9.0,5.0,8.97,20.1
2016.0,8.0,10.0,1.0,3.66,15.9
2016.0,8.0,11.0,2.0,5.57,16.6
2016.0,8.0,12.0,0.0,4.62,16.45
2016.0,8.0,13.0,2.0,4.93,17.25
2016.0,8.0,14.0,6.0,4.7,16.55
2016.0,8.0,15.0,5.0,4.64,18.45
2016.0,8.0,16.0,4.0,4.17,19.2
2016.0,8.0,17.0,6.0,3.96,18.55
2016.0,8.0,18.0,5.0,4.67,19.1
2016.0,8.0,19.0,5.0,3.84,20.2
2016.0,8.0,20.0,1.0,4.25,19.0
2016.0,8.0,21.0,0.0,7.23,14.6
2016.0,8.0,22.0,6.0,7.25,17.0
2016.0,8.0,23.0,5.0,8.26,18.75
2016.0,8.0,24.0,5.0,6.65,18.95
2016.0,8.0,25.0,6.0,8.7,18.7
2016.0,8.0,26.0,0.0,4.98,15.65
2016.0,8.0,27.0,4.0,5.02,16.65
2016.0,8.0,28.0,5.0,3.8,16.8
2016.0,8.0,29.0,3.0,5.82,18.15
2016.0,8.0,30.0,6.0,6.72,18.55
2016.0,8.0,31.0,7.0,4.72,17.9
2016.0,9.0,1.0,1.0,3.87,15.3
2016.0,9.0,2.0,5.0,3.97,16.5
2016.0,9.0,3.0,4.0,6.25,17.8
2016.0,9.0,4.0,5.0,6.22,18.5
2016.0,9.0,5.0,4.0,8.21,19.0
2016.0,9.0,6.0,4.0,4.31,18.65
2016.0,9.0,7.0,1.0,3.99,17.7
2016.0,9.0,8.0,6.0,7.97,17.65
2016.0,9.0,9.0,5.0,6.67,18.0
2016.0,9.0,10.0,0.0,5.04,16.0
2016.0,9.0,11.0,6.0,5.55,15.95
2016.0,9.0,12.0,5.0,9.52,18.3
2016.0,9.0,13.0,0.0,4.48,14.65
2016.0,9.0,14.0,1.0,2.8,13.6
2016.0,9.0,15.0,5.0,5.07,14.9
2016.0,9.0,16.0,4.0,6.56,17.25
2016.0,9.0,17.0,5.0,3.78,16.95
2016.0,9.0,18.0,0.0,3.28,15.25
2016.0,9.0,19.0,6.0,10.45,18.0
2016.0,9.0,20.0,6.0,11.2,17.85
2016.0,9.0,21.0,6.0,5.12,15.9
2016.0,9.0,22.0,1.0,3.12,15.45
2016.0,9.0,23.0,1.0,5.02,14.05
2016.0,9.0,24.0,3.0,5.95,15.1
2016.0,9.0,25.0,3.0,10.41,15.8
2016.0,9.0,26.0,5.0,10.37,12.9
2016.0,9.0,27.0,7.0,10.44,12.3
2016.0,9.0,28.0,1.0,7.43,13.3
2016.0,9.0,29.0,1.0,3.61,13.35
2016.0,9.0,30.0,1.0,3.72,13.35
2016.0,10.0,1.0,1.0,4.41,14.45
2016.0,10.0,2.0,0.0,3.15,14.35
2016.0,10.0,3.0,3.0,4.08,14.2
2016.0,10.0,4.0,3.0,7.17,14.45
2016.0,10.0,5.0,3.0,11.78,15.2
2016.0,10.0,6.0,5.0,10.9,12.9
2016.0,10.0,7.0,6.0,9.28,10.9
2016.0,10.0,8.0,6.0,11.8,7.6
2016.0,10.0,9.0,0.0,4.0,6.75
2016.0,10.0,10.0,4.0,10.3,10.7
2016.0,10.0,11.0,5.0,8.12,13.3
2016.0,10.0,12.0,7.0,8.13,6.9
2016.0,10.0,13.0,7.0,9.4,5.45
2016.0,10.0,14.0,4.0,8.91,9.0
2016.0,10.0,15.0,4.0,11.24,13.5
2016.0,10.0,16.0,0.0,6.83,9.25
2016.0,10.0,17.0,2.0,9.9,9.45
2016.0,10.0,18.0,0.0,6.54,10.45
2016.0,10.0,19.0,7.0,8.21,9.9
2016.0,10.0,20.0,7.0,7.67,6.2
2016.0,10.0,21.0,0.0,3.61,5.45
2016.0,10.0,22.0,4.0,6.38,7.25
2016.0,10.0,23.0,0.0,3.61,8.05
2016.0,10.0,24.0,0.0,8.88,5.95
2016.0,10.0,25.0,0.0,5.07,5.1
2016.0,10.0,26.0,2.0,9.64,4.65
2016.0,10.0,27.0,4.0,8.48,6.5
2016.0,10.0,28.0,5.0,8.37,7.9
2016.0,10.0,29.0,0.0,5.81,7.1
2016.0,10.0,30.0,0.0,4.04,5.4
2016.0,10.0,31.0,4.0,8.8,7.75
2017.0,6.0,1.0,6.0,4.43,7.7
2017.0,6.0,2.0,2.0,3.11,6.0
2017.0,6.0,3.0,2.0,5.72,5.5
2017.0,6.0,4.0,1.0,3.9,5.2
2017.0,6.0,5.0,6.0,4.34,10.25
2017.0,6.0,6.0,6.0,5.51,10.85
2017.0,6.0,7.0,6.0,5.04,10.45
2017.0,6.0,8.0,1.0,2.88,8.65
2017.0,6.0,9.0,2.0,4.62,7.55
2017.0,6.0,10.0,3.0,6.99,7.65
2017.0,6.0,11.0,6.0,7.92,10.6
2017.0,6.0,12.0,6.0,6.03,7.9
2017.0,6.0,13.0,2.0,5.34,11.95
2017.0,6.0,14.0,2.0,9.79,6.5
2017.0,6.0,15.0,2.0,3.66,5.5
2017.0,6.0,16.0,5.0,4.11,7.45
2017.0,6.0,17.0,4.0,3.08,7.55
2017.0,6.0,18.0,6.0,4.44,7.05
2017.0,6.0,19.0,6.0,6.07,9.05
2017.0,6.0,20.0,6.0,7.56,8.15
2017.0,6.0,21.0,6.0,6.55,11.8
2017.0,6.0,22.0,2.0,4.42,7.5
2017.0,6.0,23.0,6.0,7.18,9.7
2017.0,6.0,24.0,6.0,4.33,10.2
2017.0,6.0,25.0,1.0,4.05,9.25
2017.0,6.0,26.0,6.0,5.69,10.0
2017.0,6.0,27.0,6.0,8.02,9.2
2017.0,6.0,28.0,5.0,5.5,9.25
2017.0,6.0,29.0,2.0,8.54,7.35
2017.0,6.0,30.0,0.0,5.25,11.5
2017.0,7.0,1.0,6.0,3.65,10.1
2017.0,7.0,2.0,6.0,6.31,10.05
2017.0,7.0,3.0,6.0,5.03,12.1
2017.0,7.0,4.0,2.0,3.72,9.2
2017.0,7.0,5.0,5.0,5.73,12.4
2017.0,7.0,6.0,6.0,4.16,12.25
2017.0,7.0,7.0,6.0,5.47,13.75
2017.0,7.0,8.0,6.0,10.81,12.5
2017.0,7.0,9.0,6.0,4.48,9.0
2017.0,7.0,10.0,2.0,3.16,6.75
2017.0,7.0,11.0,2.0,2.31,7.55
2017.0,7.0,12.0,1.0,9.05,9.15
2017.0,7.0,13.0,1.0,7.5,9.65
2017.0,7.0,14.0,6.0,6.0,11.15
2017.0,7.0,15.0,6.0,5.97,11.05
2017.0,7.0,16.0,1.0,3.63,12.65
2017.0,7.0,17.0,4.0,4.42,10.0
2017.0,7.0,18.0,6.0,5.96,12.0
2017.0,7.0,19.0,6.0,8.26,15.45
2017.0,7.0,20.0,6.0,6.75,15.65
2017.0,7.0,21.0,6.0,6.39,16.75
2017.0,7.0,22.0,2.0,6.57,11.25
2017.0,7.0,23.0,1.0,6.64,13.3
2017.0,7.0,24.0,5.0,5.5,13.9
2017.0,7.0,25.0,4.0,4.9,13.3
2017.0,7.0,26.0,6.0,9.1,15.8
2017.0,7.0,27.0,6.0,3.84,17.0
2017.0,7.0,28.0,6.0,3.71,15.85
2017.0,7.0,29.0,4.0,4.35,15.2
2017.0,7.0,30.0,6.0,6.12,18.45
2017.0,7.0,31.0,2.0,3.45,16.4
2017.0,8.0,1.0,6.0,6.3,18.15
2017.0,8.0,2.0,1.0,3.45,15.35
2017.0,8.0,3.0,4.0,4.01,14.25
2017.0,8.0,4.0,0.0,4.08,14.5
2017.0,8.0,5.0,6.0,5.18,15.55
2017.0,8.0,6.0,1.0,4.44,14.4
2017.0,8.0,7.0,6.0,7.85,15.35
2017.0,8.0,8.0,6.0,5.92,16.85
2017.0,8.0,9.0,5.0,3.05,15.0
2017.0,8.0,10.0,2.0,5.3,14.3
2017.0,8.0,11.0,0.0,3.6,16.0
2017.0,8.0,12.0,6.0,6.98,15.45
2017.0,8.0,13.0,6.0,6.4,17.55
2017.0,8.0,14.0,5.0,5.68,17.4
2017.0,8.0,15.0,1.0,4.26,15.5
2017.0,8.0,16.0,2.0,3.7,14.6
2017.0,8.0,17.0,2.0,8.4,15.05
2017.0,8.0,18.0,0.0,5.6,15.15
2017.0,8.0,19.0,6.0,5.77,16.3
2017.0,8.0,20.0,5.0,6.86,16.4
2017.0,8.0,21.0,6.0,5.85,17.1
2017.0,8.0,22.0,7.0,6.07,15.05
2017.0,8.0,23.0,0.0,8.18,13.65
2017.0,8.0,24.0,0.0,2.86,14.2
2017.0,8.0,25.0,4.0,3.17,14.4
2017.0,8.0,26.0,3.0,5.15,14.45
2017.0,8.0,27.0,3.0,10.5,14.2
2017.0,8.0,28.0,3.0,4.95,14.0
2017.0,8.0,29.0,6.0,4.01,13.85
2017.0,8.0,30.0,0.0,5.12,14.9
2017.0,8.0,31.0,2.0,3.22,12.5
2017.0,9.0,1.0,4.0,5.49,12.7
2017.0,9.0,2.0,4.0,8.59,14.1
2017.0,9.0,3.0,6.0,4.95,15.45
2017.0,9.0,4.0,6.0,7.35,14.5
2017.0,9.0,5.0,7.0,8.62,12.15
2017.0,9.0,6.0,0.0,4.45,11.55
2017.0,9.0,7.0,1.0,2.3,11.2
2017.0,9.0,8.0,0.0,2.85,12.4
2017.0,9.0,9.0,4.0,4.56,12.8
2017.0,9.0,10.0,4.0,7.21,13.45
2017.0,9.0,11.0,5.0,8.54,15.2
2017.0,9.0,12.0,6.0,6.84,16.65
2017.0,9.0,13.0,5.0,3.56,15.85
2017.0,9.0,14.0,2.0,6.3,14.7
2017.0,9.0,15.0,1.0,5.01,12.7
2017.0,9.0,16.0,1.0,7.89,13.25
2017.0,9.0,17.0,6.0,7.13,13.1
2017.0,9.0,18.0,7.0,6.09,12.35
2017.0,9.0,19.0,3.0,6.36,13.1
2017.0,9.0,20.0,3.0,9.75,14.3
2017.0,9.0,21.0,2.0,3.23,13.4
2017.0,9.0,22.0,3.0,5.3,14.75
2017.0,9.0,23.0,3.0,6.62,16.1
2017.0,9.0,24.0,4.0,4.15,16.15
2017.0,9.0,25.0,0.0,6.34,17.2
2017.0,9.0,26.0,1.0,5.5,11.3
2017.0,9.0,27.0,7.0,7.1,10.1
2017.0,9.0,28.0,6.0,4.93,12.25
2017.0,9.0,29.0,0.0,3.7,10.95
2017.0,9.0,30.0,4.0,4.32,10.9
2017.0,10.0,1.0,4.0,7.68,12.8
2017.0,10.0,2.0,3.0,8.55,13.35
2017.0,10.0,3.0,4.0,6.87,14.85
2017.0,10.0,4.0,6.0,8.59,12.45
2017.0,10.0,5.0,6.0,10.74,12.0
2017.0,10.0,6.0,7.0,3.8,10.65
2017.0,10.0,7.0,2.0,4.11,11.9
2017.0,10.0,8.0,6.0,7.62,13.3
2017.0,10.0,9.0,6.0,6.76,11.35
2017.0,10.0,10.0,7.0,8.08,8.05
2017.0,10.0,11.0,3.0,4.79,10.2
2017.0,10.0,12.0,4.0,8.79,11.85
2017.0,10.0,13.0,6.0,9.81,12.7
2017.0,10.0,14.0,7.0,7.02,9.25
2017.0,10.0,15.0,0.0,5.8,7.5
2017.0,10.0,16.0,6.0,7.92,8.95
2017.0,10.0,17.0,6.0,10.25,11.95
2017.0,10.0,18.0,4.0,9.79,12.7
2017.0,10.0,19.0,6.0,14.21,11.75
2017.0,10.0,20.0,4.0,4.82,12.25
2017.0,10.0,21.0,4.0,6.68,14.1
2017.0,10.0,22.0,5.0,9.14,13.3
2017.0,10.0,23.0,4.0,8.28,10.95
2017.0,10.0,24.0,0.0,9.99,6.85
2017.0,10.0,25.0,0.0,7.39,1.0
2017.0,10.0,26.0,3.0,9.4,4.0
2017.0,10.0,27.0,1.0,14.44,2.65
2017.0,10.0,28.0,0.0,8.06,0.25
2017.0,10.0,29.0,4.0,6.22,1.3
2017.0,10.0,30.0,7.0,6.25,3.45
2017.0,10.0,31.0,7.0,8.05,0.0
2018.0,6.0,1.0,0.0,3.34,4.65
2018.0,6.0,2.0,2.0,7.44,4.95
2018.0,6.0,3.0,2.0,4.76,4.55
2018.0,6.0,4.0,6.0,9.65,7.1
2018.0,6.0,5.0,0.0,4.15,6.35
2018.0,6.0,6.0,6.0,5.93,6.6
2018.0,6.0,7.0,6.0,4.18,7.3
2018.0,6.0,8.0,3.0,4.14,7.95
2018.0,6.0,9.0,2.0,5.82,6.0
2018.0,6.0,10.0,2.0,5.3,8.1
2018.0,6.0,11.0,2.0,5.07,7.55
2018.0,6.0,12.0,2.0,3.02,8.3
2018.0,6.0,13.0,6.0,7.14,8.7
2018.0,6.0,14.0,2.0,4.0,11.3
2018.0,6.0,15.0,2.0,6.49,8.25
2018.0,6.0,16.0,2.0,3.88,6.15
2018.0,6.0,17.0,4.0,4.49,10.95
2018.0,6.0,18.0,6.0,4.2,12.85
2018.0,6.0,19.0,6.0,4.77,12.0
2018.0,6.0,20.0,6.0,5.01,11.05
2018.0,6.0,21.0,2.0,3.89,7.0
2018.0,6.0,22.0,4.0,3.42,6.6
2018.0,6.0,23.0,2.0,3.93,6.8
2018.0,6.0,24.0,1.0,6.17,8.45
2018.0,6.0,25.0,2.0,4.34,6.65
2018.0,6.0,26.0,2.0,4.34,7.1
2018.0,6.0,27.0,1.0,3.66,7.5
2018.0,6.0,28.0,5.0,6.08,8.25
2018.0,6.0,29.0,2.0,5.11,6.95
2018.0,6.0,30.0,2.0,4.66,11.1
2018.0,7.0,1.0,2.0,4.4,9.05
2018.0,7.0,2.0,5.0,8.47,9.15
2018.0,7.0,3.0,5.0,4.56,10.2
2018.0,7.0,4.0,2.0,3.69,7.4
2018.0,7.0,5.0,6.0,8.66,10.6
2018.0,7.0,6.0,6.0,5.38,13.05
2018.0,7.0,7.0,5.0,7.13,10.8
2018.0,7.0,8.0,5.0,9.24,12.35
2018.0,7.0,9.0,6.0,8.42,14.35
2018.0,7.0,10.0,6.0,6.15,15.25
2018.0,7.0,11.0,2.0,3.72,10.95
2018.0,7.0,12.0,3.0,8.45,11.25
2018.0,7.0,13.0,6.0,4.18,11.05
2018.0,7.0,14.0,2.0,3.5,11.5
2018.0,7.0,15.0,5.0,3.74,10.9
2018.0,7.0,16.0,6.0,9.01,14.05
2018.0,7.0,17.0,0.0,5.57,11.9
2018.0,7.0,18.0,5.0,4.88,10.75
2018.0,7.0,19.0,5.0,4.78,12.5
2018.0,7.0,20.0,2.0,3.96,10.65
2018.0,7.0,21.0,0.0,5.01,15.0
2018.0,7.0,22.0,0.0,5.69,15.15
2018.0,7.0,23.0,0.0,3.3,16.4
2018.0,7.0,24.0,6.0,5.71,16.1
2018.0,7.0,25.0,6.0,7.98,16.25
2018.0,7.0,26.0,6.0,6.27,14.4
2018.0,7.0,27.0,7.0,6.47,12.9
2018.0,7.0,28.0,6.0,6.53,14.85
2018.0,7.0,29.0,6.0,6.0,15.3
2018.0,7.0,30.0,6.0,4.78,16.5
2018.0,7.0,31.0,5.0,6.52,16.3
2018.0,8.0,1.0,,,
2018.0,8.0,2.0,,,
2018.0,8.0,3.0,,,
2018.0,8.0,4.0,,,
2018.0,8.0,5.0,,,
2018.0,8.0,6.0,,,
2018.0,8.0,7.0,,,
2018.0,8.0,8.0,,,
2018.0,8.0,9.0,,,
2018.0,8.0,10.0,,,
2018.0,8.0,11.0,,,
2018.0,8.0,12.0,,,
2018.0,8.0,13.0,,,
2018.0,8.0,14.0,,,
2018.0,8.0,15.0,,,
2018.0,8.0,16.0,,,
2018.0,8.0,17.0,,,
2018.0,8.0,18.0,,,
2018.0,8.0,19.0,,,
2018.0,8.0,20.0,,,
2018.0,8.0,21.0,,,
2018.0,8.0,22.0,,,
2018.0,8.0,23.0,,,
2018.0,8.0,24.0,,,
2018.0,8.0,25.0,,,
2018.0,8.0,26.0,,,
2018.0,8.0,27.0,,,
2018.0,8.0,28.0,,,
2018.0,8.0,29.0,,,
2018.0,8.0,30.0,,,
2018.0,8.0,31.0,,,
2018.0,9.0,1.0,4.0,5.54,16.7
2018.0,9.0,2.0,2.0,3.16,15.2
2018.0,9.0,3.0,6.0,4.73,16.5
2018.0,9.0,4.0,3.0,5.32,15.75
2018.0,9.0,5.0,0.0,4.08,15.25
2018.0,9.0,6.0,7.0,5.35,14.5
2018.0,9.0,7.0,6.0,5.11,14.45
2018.0,9.0,8.0,3.0,6.01,12.35
2018.0,9.0,9.0,3.0,7.0,13.1
2018.0,9.0,10.0,4.0,8.58,13.95
2018.0,9.0,11.0,4.0,5.34,15.4
2018.0,9.0,12.0,4.0,6.86,17.1
2018.0,9.0,13.0,3.0,5.65,17.25
2018.0,9.0,14.0,5.0,6.17,17.8
2018.0,9.0,15.0,1.0,5.49,15.9
2018.0,9.0,16.0,2.0,5.57,15.45
2018.0,9.0,17.0,0.0,8.7,18.2
2018.0,9.0,18.0,1.0,3.7,8.7
2018.0,9.0,19.0,2.0,3.39,11.75
2018.0,9.0,20.0,2.0,6.88,12.1
2018.0,9.0,21.0,7.0,11.99,11.85
2018.0,9.0,22.0,6.0,7.28,10.2
2018.0,9.0,23.0,2.0,10.28,4.65
2018.0,9.0,24.0,3.0,11.65,7.75
2018.0,9.0,25.0,6.0,6.43,10.0
2018.0,9.0,26.0,6.0,5.95,8.4
2018.0,9.0,27.0,5.0,7.3,9.6
2018.0,9.0,28.0,0.0,4.47,6.45
2018.0,9.0,29.0,7.0,7.96,4.05
2018.0,9.0,30.0,5.0,9.83,7.15
2018.0,10.0,1.0,0.0,4.52,5.6
2018.0,10.0,2.0,4.0,3.61,6.6
2018.0,10.0,3.0,4.0,5.52,9.1
2018.0,10.0,4.0,7.0,12.93,5.15
2018.0,10.0,5.0,2.0,4.83,4.0
2018.0,10.0,6.0,0.0,6.37,5.7
2018.0,10.0,7.0,2.0,4.66,3.65
2018.0,10.0,8.0,2.0,8.0,5.5
2018.0,10.0,9.0,1.0,5.2,4.85
2018.0,10.0,10.0,1.0,13.1,4.2
2018.0,10.0,11.0,7.0,10.84,3.0
2018.0,10.0,12.0,7.0,11.06,1.3
2018.0,10.0,13.0,7.0,7.0,1.05
2018.0,10.0,14.0,6.0,10.34,3.8
2018.0,10.0,15.0,7.0,9.73,2.9
2018.0,10.0,16.0,6.0,12.21,4.85
2018.0,10.0,17.0,7.0,11.98,1.3
2018.0,10.0,18.0,5.0,9.03,3.35
2018.0,10.0,19.0,5.0,12.16,9.9
2018.0,10.0,20.0,0.0,11.21,1.75
2018.0,10.0,21.0,5.0,6.4,1.4
2018.0,10.0,22.0,5.0,6.45,5.05
2018.0,10.0,23.0,0.0,8.43,3.75
2018.0,10.0,24.0,7.0,3.6,2.25
2018.0,10.0,25.0,4.0,4.2,5.45
2018.0,10.0,26.0,2.0,9.37,4.9
2018.0,10.0,27.0,3.0,10.08,5.15
2018.0,10.0,28.0,3.0,6.62,5.15
2018.0,10.0,29.0,0.0,3.13,5.3
2018.0,10.0,30.0,3.0,6.88,5.7
2018.0,10.0,31.0,6.0,9.58,5.8
2019.0,6.0,1.0,,,
2019.0,6.0,2.0,,,
2019.0,6.0,3.0,,,
2019.0,6.0,4.0,,,
2019.0,6.0,5.0,,,
2019.0,6.0,6.0,5.0,3.27,7.55
2019.0,6.0,7.0,2.0,4.86,5.85
2019.0,6.0,8.0,4.0,4.41,8.8
2019.0,6.0,9.0,2.0,4.91,10.15
2019.0,6.0,10.0,6.0,7.8,7.5
2019.0,6.0,11.0,6.0,7.1,9.6
2019.0,6.0,12.0,0.0,3.72,8.7
2019.0,6.0,13.0,6.0,4.65,7.85
2019.0,6.0,14.0,5.0,5.86,7.8
2019.0,6.0,15.0,6.0,4.51,6.5
2019.0,6.0,16.0,1.0,4.49,8.35
2019.0,6.0,17.0,2.0,3.2,7.95
2019.0,6.0,18.0,2.0,2.38,8.2
2019.0,6.0,19.0,6.0,5.17,9.2
2019.0,6.0,20.0,6.0,3.85,9.9
2019.0,6.0,21.0,2.0,5.4,9.0
2019.0,6.0,22.0,2.0,3.21,7.95
2019.0,6.0,23.0,2.0,5.22,6.55
2019.0,6.0,24.0,2.0,4.76,6.75
2019.0,6.0,25.0,6.0,8.85,9.45
2019.0,6.0,26.0,6.0,11.32,11.4
2019.0,6.0,27.0,5.0,6.1,14.25
2019.0,6.0,28.0,2.0,3.18,7.85
2019.0,6.0,29.0,6.0,4.35,10.65
2019.0,6.0,30.0,3.0,5.45,8.3
2019.0,7.0,1.0,6.0,5.46,10.1
2019.0,7.0,2.0,2.0,2.73,7.95
2019.0,7.0,3.0,2.0,2.79,7.75
2019.0,7.0,4.0,2.0,3.87,8.7
2019.0,7.0,5.0,6.0,5.63,12.4
2019.0,7.0,6.0,6.0,5.46,14.8
2019.0,7.0,7.0,6.0,5.1,12.7
2019.0,7.0,8.0,4.0,3.33,10.25
2019.0,7.0,9.0,2.0,3.46,10.55
2019.0,7.0,10.0,2.0,4.35,10.25
2019.0,7.0,11.0,7.0,6.42,12.95
2019.0,7.0,12.0,5.0,6.47,12.75
2019.0,7.0,13.0,6.0,7.29,14.25
2019.0,7.0,14.0,5.0,7.0,14.9
2019.0,7.0,15.0,2.0,4.36,11.9
2019.0,7.0,16.0,6.0,8.58,15.3
2019.0,7.0,17.0,2.0,3.63,12.35
2019.0,7.0,18.0,3.0,5.57,12.25
2019.0,7.0,19.0,6.0,7.0,14.05
2019.0,7.0,20.0,6.0,5.94,17.1
2019.0,7.0,21.0,1.0,4.22,15.05
2019.0,7.0,22.0,6.0,7.13,14.45
2019.0,7.0,23.0,6.0,6.63,15.65
2019.0,7.0,24.0,6.0,6.4,16.65
2019.0,7.0,25.0,5.0,5.61,16.3
2019.0,7.0,26.0,5.0,6.64,16.65
2019.0,7.0,27.0,6.0,8.54,16.6
2019.0,7.0,28.0,6.0,6.43,18.05
2019.0,7.0,29.0,6.0,8.5,17.25
2019.0,7.0,30.0,7.0,8.05,14.35
2019.0,7.0,31.0,6.0,5.98,16.0
2019.0,8.0,1.0,5.0,4.08,16.1
2019.0,8.0,2.0,3.0,3.17,16.55
2019.0,8.0,3.0,1.0,3.87,16.75
2019.0,8.0,4.0,4.0,3.54,18.1
2019.0,8.0,5.0,6.0,6.69,18.5
2019.0,8.0,6.0,5.0,5.24,17.1
2019.0,8.0,7.0,5.0,4.85,17.4
2019.0,8.0,8.0,6.0,8.27,16.85
2019.0,8.0,9.0,6.0,8.71,16.45
2019.0,8.0,10.0,6.0,7.65,16.95
2019.0,8.0,11.0,6.0,5.13,18.2
2019.0,8.0,12.0,6.0,4.25,17.1
2019.0,8.0,13.0,2.0,4.3,16.7
2019.0,8.0,14.0,1.0,3.74,15.85
2019.0,8.0,15.0,4.0,4.62,16.1
2019.0,8.0,16.0,4.0,5.83,17.3
2019.0,8.0,17.0,4.0,4.45,16.55
2019.0,8.0,18.0,3.0,6.68,17.95
2019.0,8.0,19.0,6.0,10.08,17.1
2019.0,8.0,20.0,6.0,6.3,17.1
2019.0,8.0,21.0,6.0,6.02,15.95
2019.0,8.0,22.0,0.0,2.82,14.6
2019.0,8.0,23.0,0.0,3.23,15.1
2019.0,8.0,24.0,3.0,4.59,15.55
2019.0,8.0,25.0,3.0,6.65,16.7
2019.0,8.0,26.0,3.0,8.71,17.0
2019.0,8.0,27.0,6.0,10.59,16.2
2019.0,8.0,28.0,6.0,12.76,12.9
2019.0,8.0,29.0,5.0,7.82,13.6
2019.0,8.0,30.0,6.0,10.49,12.6
2019.0,8.0,31.0,6.0,5.68,13.5
2019.0,9.0,1.0,5.0,6.26,13.5
2019.0,9.0,2.0,0.0,4.5,11.35
2019.0,9.0,3.0,3.0,6.95,11.5
2019.0,9.0,4.0,6.0,6.48,11.0
2019.0,9.0,5.0,6.0,4.86,12.55
2019.0,9.0,6.0,1.0,4.93,12.3
2019.0,9.0,7.0,0.0,6.41,12.4
2019.0,9.0,8.0,1.0,3.39,11.15
2019.0,9.0,9.0,2.0,3.74,11.4
2019.0,9.0,10.0,2.0,7.6,12.15
2019.0,9.0,11.0,1.0,6.56,10.25
2019.0,9.0,12.0,2.0,8.86,9.85
2019.0,9.0,13.0,3.0,11.74,12.3
2019.0,9.0,14.0,6.0,11.12,10.75
2019.0,9.0,15.0,3.0,5.01,11.5
2019.0,9.0,16.0,4.0,3.06,12.55
2019.0,9.0,17.0,2.0,7.23,14.7
2019.0,9.0,18.0,4.0,6.79,15.3
2019.0,9.0,19.0,5.0,6.76,15.3
2019.0,9.0,20.0,1.0,3.65,13.75
2019.0,9.0,21.0,3.0,6.58,13.9
2019.0,9.0,22.0,6.0,8.49,14.35
2019.0,9.0,23.0,0.0,4.66,13.8
2019.0,9.0,24.0,5.0,5.7,12.7
2019.0,9.0,25.0,6.0,7.41,14.25
2019.0,9.0,26.0,7.0,11.44,11.65
2019.0,9.0,27.0,5.0,9.5,12.6
2019.0,9.0,28.0,7.0,4.58,9.7
2019.0,9.0,29.0,2.0,6.12,10.6
2019.0,9.0,30.0,2.0,10.21,11.7
2019.0,10.0,1.0,7.0,6.92,11.5
2019.0,10.0,2.0,1.0,6.27,6.5
2019.0,10.0,3.0,1.0,8.0,6.15
2019.0,10.0,4.0,0.0,3.72,5.4
2019.0,10.0,5.0,3.0,9.78,8.55
2019.0,10.0,6.0,6.0,13.24,9.65
2019.0,10.0,7.0,6.0,11.31,10.0
2019.0,10.0,8.0,4.0,6.47,10.5
2019.0,10.0,9.0,4.0,9.33,12.25
2019.0,10.0,10.0,3.0,9.95,11.05
2019.0,10.0,11.0,3.0,13.62,11.25
2019.0,10.0,12.0,5.0,11.88,4.45
2019.0,10.0,13.0,4.0,4.81,3.9
2019.0,10.0,14.0,7.0,10.38,5.0
2019.0,10.0,15.0,1.0,4.98,6.9
2019.0,10.0,16.0,0.0,5.61,6.85
2019.0,10.0,17.0,0.0,3.46,5.35
2019.0,10.0,18.0,3.0,7.48,6.35
2019.0,10.0,19.0,3.0,10.02,9.2
2019.0,10.0,20.0,5.0,3.29,8.45
2019.0,10.0,21.0,2.0,9.57,6.7
2019.0,10.0,22.0,3.0,10.03,9.05
2019.0,10.0,23.0,6.0,10.74,5.9
2019.0,10.0,24.0,7.0,9.49,3.7
2019.0,10.0,25.0,5.0,8.73,4.5
2019.0,10.0,26.0,5.0,10.04,7.6
2019.0,10.0,27.0,4.0,7.33,7.55
2019.0,10.0,28.0,6.0,8.78,3.5
2019.0,10.0,29.0,6.0,7.63,2.05
2019.0,10.0,30.0,6.0,9.59,0.25
2019.0,10.0,31.0,7.0,5.11,-1.7
2020.0,6.0,1.0,5.0,5.43,7.95
2020.0,6.0,2.0,2.0,4.04,6.15
2020.0,6.0,3.0,5.0,3.54,10.6
2020.0,6.0,4.0,4.0,4.18,9.8
2020.0,6.0,5.0,5.0,4.68,8.6
2020.0,6.0,6.0,0.0,4.29,7.3
2020.0,6.0,7.0,2.0,4.82,4.9
2020.0,6.0,8.0,2.0,6.77,5.55
2020.0,6.0,9.0,2.0,8.16,7.3
2020.0,6.0,10.0,6.0,9.86,9.0
2020.0,6.0,11.0,7.0,11.06,5.5
2020.0,6.0,12.0,7.0,6.03,4.9
2020.0,6.0,13.0,6.0,4.58,6.7
2020.0,6.0,14.0,3.0,3.68,6.75
2020.0,6.0,15.0,3.0,5.4,7.0
2020.0,6.0,16.0,4.0,5.44,9.6
2020.0,6.0,17.0,4.0,4.88,11.5
2020.0,6.0,18.0,4.0,4.57,10.6
2020.0,6.0,19.0,2.0,3.2,9.45
2020.0,6.0,20.0,7.0,3.73,9.9
2020.0,6.0,21.0,5.0,3.91,8.5
2020.0,6.0,22.0,0.0,3.7,7.1
2020.0,6.0,23.0,0.0,5.68,10.55
2020.0,6.0,24.0,6.0,6.68,10.45
2020.0,6.0,25.0,6.0,6.71,12.85
2020.0,6.0,26.0,6.0,6.68,13.4
2020.0,6.0,27.0,6.0,8.03,13.3
2020.0,6.0,28.0,6.0,4.85,13.4
2020.0,6.0,29.0,2.0,4.85,8.8
2020.0,6.0,30.0,2.0,5.39,10.15
2020.0,7.0,1.0,2.0,4.34,9.95
2020.0,7.0,2.0,6.0,4.05,10.8
2020.0,7.0,3.0,6.0,5.57,15.5
2020.0,7.0,4.0,3.0,4.3,14.8
2020.0,7.0,5.0,2.0,3.35,11.5
2020.0,7.0,6.0,2.0,4.02,11.05
2020.0,7.0,7.0,6.0,5.79,14.95
2020.0,7.0,8.0,2.0,4.45,11.95
2020.0,7.0,9.0,4.0,4.06,12.4
2020.0,7.0,10.0,4.0,5.06,12.85
2020.0,7.0,11.0,7.0,4.08,17.1
2020.0,7.0,12.0,0.0,3.57,15.2
2020.0,7.0,13.0,3.0,3.18,15.6
2020.0,7.0,14.0,3.0,7.01,14.0
2020.0,7.0,15.0,5.0,6.98,14.4
2020.0,7.0,16.0,5.0,7.04,15.75
2020.0,7.0,17.0,5.0,6.63,16.0
2020.0,7.0,18.0,2.0,4.01,14.7
2020.0,7.0,19.0,6.0,8.52,16.05
2020.0,7.0,20.0,6.0,8.25,14.05
2020.0,7.0,21.0,6.0,5.51,14.4
2020.0,7.0,22.0,1.0,4.12,12.9
2020.0,7.0,23.0,6.0,3.62,15.45
2020.0,7.0,24.0,4.0,3.96,15.55
2020.0,7.0,25.0,5.0,8.74,18.65
2020.0,7.0,26.0,6.0,6.37,19.25
2020.0,7.0,27.0,6.0,10.09,18.4
2020.0,7.0,28.0,6.0,9.12,16.8
2020.0,7.0,29.0,7.0,4.64,16.2
2020.0,7.0,30.0,6.0,4.77,16.95
2020.0,7.0,31.0,6.0,4.58,17.95
2020.0,8.0,1.0,4.0,3.54,17.5
2020.0,8.0,2.0,1.0,4.85,15.75
2020.0,8.0,3.0,0.0,2.22,14.6
2020.0,8.0,4.0,1.0,3.89,13.85
2020.0,8.0,5.0,6.0,6.0,14.05
2020.0,8.0,6.0,5.0,7.66,17.0
2020.0,8.0,7.0,5.0,5.55,16.75
2020.0,8.0,8.0,2.0,4.27,17.25
2020.0,8.0,9.0,2.0,3.17,15.85
2020.0,8.0,10.0,6.0,7.81,17.6
2020.0,8.0,11.0,6.0,8.89,18.4
2020.0,8.0,12.0,6.0,6.03,19.0
2020.0,8.0,13.0,2.0,4.05,17.4
2020.0,8.0,14.0,3.0,6.72,18.2
2020.0,8.0,15.0,6.0,9.41,18.4
2020.0,8.0,16.0,6.0,6.71,17.0
2020.0,8.0,17.0,7.0,4.37,16.2
2020.0,8.0,18.0,0.0,3.6,15.6
2020.0,8.0,19.0,3.0,4.88,16.0
2020.0,8.0,20.0,1.0,2.65,15.55
2020.0,8.0,21.0,3.0,2.18,16.3
2020.0,8.0,22.0,2.0,4.55,16.5
2020.0,8.0,23.0,1.0,3.1,16.15
2020.0,8.0,24.0,6.0,4.1,16.45
2020.0,8.0,25.0,6.0,6.03,17.65
2020.0,8.0,26.0,3.0,8.46,16.5
2020.0,8.0,27.0,6.0,5.02,17.95
2020.0,8.0,28.0,2.0,4.41,16.7
2020.0,8.0,29.0,7.0,9.63,16.0
2020.0,8.0,30.0,2.0,3.64,12.8
2020.0,8.0,31.0,3.0,9.75,15.0
2020.0,9.0,1.0,6.0,7.6,15.6
2020.0,9.0,2.0,6.0,11.19,16.1
2020.0,9.0,3.0,6.0,12.75,15.7
2020.0,9.0,4.0,6.0,12.32,12.5
2020.0,9.0,5.0,6.0,8.72,13.35
2020.0,9.0,6.0,4.0,6.61,14.5
2020.0,9.0,7.0,7.0,13.29,10.85
2020.0,9.0,8.0,7.0,5.57,9.05
2020.0,9.0,9.0,1.0,2.89,9.75
2020.0,9.0,10.0,6.0,6.47,10.1
2020.0,9.0,11.0,5.0,5.65,11.85
2020.0,9.0,12.0,3.0,5.23,12.1
2020.0,9.0,13.0,6.0,5.31,11.55
2020.0,9.0,14.0,0.0,2.96,10.15
2020.0,9.0,15.0,3.0,7.23,11.5
2020.0,9.0,16.0,7.0,5.36,11.6
2020.0,9.0,17.0,7.0,6.05,7.65
2020.0,9.0,18.0,6.0,5.72,8.45
2020.0,9.0,19.0,5.0,5.21,10.4
2020.0,9.0,20.0,1.0,4.15,10.35
2020.0,9.0,21.0,4.0,7.62,13.4
2020.0,9.0,22.0,6.0,9.36,13.95
2020.0,9.0,23.0,6.0,4.36,12.55
2020.0,9.0,24.0,1.0,6.9,10.2
2020.0,9.0,25.0,2.0,3.89,11.4
2020.0,9.0,26.0,6.0,5.44,11.9
2020.0,9.0,27.0,5.0,7.71,11.85
2020.0,9.0,28.0,7.0,6.06,11.1
2020.0,9.0,29.0,6.0,7.67,10.5
2020.0,9.0,30.0,7.0,5.33,10.35
2020.0,10.0,1.0,0.0,6.56,5.35
2020.0,10.0,2.0,0.0,3.85,4.2
2020.0,10.0,3.0,2.0,4.31,4.55
2020.0,10.0,4.0,1.0,3.87,5.75
2020.0,10.0,5.0,5.0,9.9,9.0
2020.0,10.0,6.0,6.0,8.88,10.65
2020.0,10.0,7.0,7.0,6.43,9.65
2020.0,10.0,8.0,7.0,7.09,8.55
2020.0,10.0,9.0,3.0,7.65,10.6
2020.0,10.0,10.0,0.0,7.62,7.65
2020.0,10.0,11.0,3.0,9.28,8.05
2020.0,10.0,12.0,3.0,14.22,10.05
2020.0,10.0,13.0,6.0,8.24,9.75
2020.0,10.0,14.0,5.0,8.67,8.75
2020.0,10.0,15.0,7.0,10.81,3.75
2020.0,10.0,16.0,6.0,7.55,3.0
2020.0,10.0,17.0,5.0,6.2,2.95
2020.0,10.0,18.0,7.0,8.8,2.5
2020.0,10.0,19.0,7.0,7.68,1.4
2020.0,10.0,20.0,7.0,4.58,1.7
2020.0,10.0,21.0,3.0,9.51,4.15
2020.0,10.0,22.0,7.0,7.11,3.7
2020.0,10.0,23.0,1.0,5.9,2.5
2020.0,10.0,24.0,7.0,5.07,1.6
2020.0,10.0,25.0,0.0,3.14,-0.1
2020.0,10.0,26.0,7.0,4.99,-0.35
2020.0,10.0,27.0,5.0,11.12,-0.15
2020.0,10.0,28.0,5.0,10.95,2.3
2020.0,10.0,29.0,0.0,4.43,-2.7
2020.0,10.0,30.0,6.0,3.75,-0.85
2020.0,10.0,31.0,4.0,11.62,4.2
2021.0,6.0,1.0,3.0,2.9,5.2
2021.0,6.0,2.0,1.0,3.33,6.0
2021.0,6.0,3.0,4.0,4.38,7.45
2021.0,6.0,4.0,2.0,3.96,7.1
2021.0,6.0,5.0,2.0,4.91,9.85
2021.0,6.0,6.0,2.0,4.43,9.05
2021.0,6.0,7.0,6.0,7.45,13.5
2021.0,6.0,8.0,1.0,3.68,12.3
2021.0,6.0,9.0,2.0,5.28,11.75
2021.0,6.0,10.0,3.0,7.75,8.8
2021.0,6.0,11.0,1.0,8.39,8.05
2021.0,6.0,12.0,2.0,4.77,7.35
2021.0,6.0,13.0,6.0,4.15,9.05
2021.0,6.0,14.0,6.0,6.81,11.25
2021.0,6.0,15.0,0.0,4.43,12.4
2021.0,6.0,16.0,6.0,6.08,10.9
2021.0,6.0,17.0,5.0,5.33,12.2
2021.0,6.0,18.0,6.0,9.33,13.5
2021.0,6.0,19.0,0.0,4.66,8.85
2021.0,6.0,20.0,5.0,4.32,9.2
2021.0,6.0,21.0,0.0,5.59,8.3
2021.0,6.0,22.0,6.0,5.42,9.0
2021.0,6.0,23.0,5.0,7.98,9.05
2021.0,6.0,24.0,4.0,6.06,11.6
2021.0,6.0,25.0,2.0,2.68,9.3
2021.0,6.0,26.0,2.0,3.84,11.85
2021.0,6.0,27.0,6.0,4.84,14.8
2021.0,6.0,28.0,3.0,2.91,11.6
2021.0,6.0,29.0,2.0,3.14,9.7
2021.0,6.0,30.0,7.0,2.47,11.0
2021.0,7.0,1.0,1.0,5.12,11.4
2021.0,7.0,2.0,5.0,5.62,12.45
2021.0,7.0,3.0,6.0,10.43,18.25
2021.0,7.0,4.0,5.0,6.84,16.75
2021.0,7.0,5.0,6.0,6.52,17.45
2021.0,7.0,6.0,0.0,4.02,13.3
2021.0,7.0,7.0,1.0,5.26,11.35
2021.0,7.0,8.0,0.0,3.76,11.8
2021.0,7.0,9.0,6.0,5.35,13.35
2021.0,7.0,10.0,6.0,3.93,15.6
2021.0,7.0,11.0,2.0,3.28,14.9
2021.0,7.0,12.0,4.0,3.54,15.3
2021.0,7.0,13.0,4.0,4.1,16.5
2021.0,7.0,14.0,0.0,2.84,16.5
2021.0,7.0,15.0,0.0,3.77,17.6
2021.0,7.0,16.0,5.0,6.21,18.05
2021.0,7.0,17.0,5.0,3.15,17.9
2021.0,7.0,18.0,6.0,3.91,19.7
2021.0,7.0,19.0,6.0,6.56,19.6
2021.0,7.0,20.0,1.0,4.72,15.05
2021.0,7.0,21.0,3.0,2.3,16.4
2021.0,7.0,22.0,2.0,4.97,15.85
2021.0,7.0,23.0,3.0,6.52,15.8
2021.0,7.0,24.0,6.0,6.31,17.6
2021.0,7.0,25.0,6.0,7.94,19.7
2021.0,7.0,26.0,6.0,4.19,18.2
2021.0,7.0,27.0,1.0,3.14,17.75
2021.0,7.0,28.0,4.0,3.34,18.2
2021.0,7.0,29.0,0.0,4.16,18.4
2021.0,7.0,30.0,5.0,4.33,16.05
2021.0,7.0,31.0,6.0,4.48,16.8
2021.0,8.0,1.0,0.0,4.09,16.1
2021.0,8.0,2.0,6.0,7.58,17.1
2021.0,8.0,3.0,6.0,6.21,19.0
2021.0,8.0,4.0,5.0,5.27,18.05
2021.0,8.0,5.0,5.0,6.69,19.15
2021.0,8.0,6.0,0.0,6.45,17.85
2021.0,8.0,7.0,1.0,5.54,14.95
2021.0,8.0,8.0,2.0,5.94,16.9
2021.0,8.0,9.0,2.0,2.06,17.1
2021.0,8.0,10.0,2.0,4.58,17.65
2021.0,8.0,11.0,5.0,7.16,18.6
2021.0,8.0,12.0,6.0,9.38,19.1
2021.0,8.0,13.0,7.0,7.12,16.3
2021.0,8.0,14.0,6.0,6.65,16.9
2021.0,8.0,15.0,5.0,7.88,18.45
2021.0,8.0,16.0,5.0,9.48,19.7
2021.0,8.0,17.0,4.0,6.58,18.75
2021.0,8.0,18.0,5.0,5.85,19.6
2021.0,8.0,19.0,4.0,3.95,19.8
2021.0,8.0,20.0,4.0,4.4,20.15
2021.0,8.0,21.0,3.0,10.31,20.4
2021.0,8.0,22.0,7.0,6.28,16.55
2021.0,8.0,23.0,3.0,6.68,17.75
2021.0,8.0,24.0,6.0,4.36,17.7
2021.0,8.0,25.0,6.0,4.29,17.5
2021.0,8.0,26.0,0.0,3.6,17.5
2021.0,8.0,27.0,2.0,10.24,15.85
2021.0,8.0,28.0,2.0,6.12,16.5
2021.0,8.0,29.0,6.0,7.39,17.7
2021.0,8.0,30.0,6.0,8.62,17.15
2021.0,8.0,31.0,1.0,3.44,16.25
2021.0,9.0,1.0,1.0,3.72,16.5
2021.0,9.0,2.0,2.0,2.54,16.6
2021.0,9.0,3.0,4.0,5.07,17.4
2021.0,9.0,4.0,5.0,6.04,16.1
2021.0,9.0,5.0,7.0,10.14,16.05
2021.0,9.0,6.0,7.0,6.93,14.8
2021.0,9.0,7.0,6.0,9.62,16.35
2021.0,9.0,8.0,7.0,11.88,15.55
2021.0,9.0,9.0,6.0,4.34,16.05
2021.0,9.0,10.0,4.0,3.58,16.05
2021.0,9.0,11.0,6.0,8.97,17.35
2021.0,9.0,12.0,7.0,7.19,14.3
2021.0,9.0,13.0,2.0,6.27,13.95
2021.0,9.0,14.0,3.0,8.2,14.75
2021.0,9.0,15.0,6.0,8.29,15.0
2021.0,9.0,16.0,4.0,9.2,16.45
2021.0,9.0,17.0,6.0,8.64,16.95
2021.0,9.0,18.0,7.0,5.19,14.45
2021.0,9.0,19.0,4.0,9.29,16.85
2021.0,9.0,20.0,4.0,8.03,18.65
2021.0,9.0,21.0,7.0,8.88,13.25
2021.0,9.0,22.0,5.0,3.05,12.5
2021.0,9.0,23.0,2.0,3.7,13.15
2021.0,9.0,24.0,7.0,5.23,13.8
2021.0,9.0,25.0,7.0,9.01,11.3
2021.0,9.0,26.0,4.0,3.26,13.75
2021.0,9.0,27.0,1.0,3.24,12.1
2021.0,9.0,28.0,4.0,4.77,12.85
2021.0,9.0,29.0,2.0,5.92,13.9
2021.0,9.0,30.0,2.0,3.86,14.55
2021.0,10.0,1.0,2.0,1.76,14.8
2021.0,10.0,2.0,1.0,4.74,14.8
2021.0,10.0,3.0,1.0,5.43,12.7
2021.0,10.0,4.0,0.0,2.57,14.1
2021.0,10.0,5.0,6.0,4.08,14.2
2021.0,10.0,6.0,4.0,2.69,12.9
2021.0,10.0,7.0,3.0,2.68,14.4
2021.0,10.0,8.0,2.0,4.25,14.0
2021.0,10.0,9.0,3.0,2.88,15.15
2021.0,10.0,10.0,3.0,8.87,15.3
2021.0,10.0,11.0,5.0,8.27,13.8
2021.0,10.0,12.0,0.0,3.24,14.1
2021.0,10.0,13.0,0.0,4.9,13.6
2021.0,10.0,14.0,3.0,11.28,14.4
2021.0,10.0,15.0,6.0,10.2,10.75
2021.0,10.0,16.0,7.0,9.78,9.85
2021.0,10.0,17.0,7.0,10.82,12.05
2021.0,10.0,18.0,4.0,3.36,12.4
2021.0,10.0,19.0,5.0,5.91,13.2
2021.0,10.0,20.0,0.0,5.82,6.85
2021.0,10.0,21.0,0.0,5.37,4.05
2021.0,10.0,22.0,0.0,4.6,4.65
2021.0,10.0,23.0,7.0,5.72,6.15
2021.0,10.0,24.0,0.0,4.98,5.45
2021.0,10.0,25.0,1.0,6.53,5.75
2021.0,10.0,26.0,1.0,5.74,5.5
2021.0,10.0,27.0,2.0,7.39,8.1
2021.0,10.0,28.0,3.0,7.25,9.5
2021.0,10.0,29.0,0.0,4.03,9.6
2021.0,10.0,30.0,2.0,3.97,9.05
2021.0,10.0,31.0,7.0,10.22,6.15
2022.0,6.0,1.0,6.0,11.01,6.2
2022.0,6.0,2.0,4.0,5.34,5.2
2022.0,6.0,3.0,6.0,6.73,6.15
2022.0,6.0,4.0,6.0,4.98,5.75
2022.0,6.0,5.0,1.0,4.98,4.55
2022.0,6.0,6.0,1.0,3.78,8.2
2022.0,6.0,7.0,6.0,5.56,7.45
2022.0,6.0,8.0,6.0,4.8,7.1
2022.0,6.0,9.0,6.0,5.75,9.0
2022.0,6.0,10.0,6.0,6.52,7.65
2022.0,6.0,11.0,1.0,5.43,7.4
2022.0,6.0,12.0,5.0,3.92,7.25
2022.0,6.0,13.0,2.0,4.66,5.4
2022.0,6.0,14.0,2.0,8.99,5.85
2022.0,6.0,15.0,1.0,5.7,7.3
2022.0,6.0,16.0,6.0,8.35,6.9
2022.0,6.0,17.0,6.0,9.05,10.3
2022.0,6.0,18.0,0.0,3.88,10.9
2022.0,6.0,19.0,3.0,6.13,6.85
2022.0,6.0,20.0,3.0,5.45,6.5
2022.0,6.0,21.0,5.0,5.55,9.05
2022.0,6.0,22.0,6.0,9.12,10.85
2022.0,6.0,23.0,5.0,8.5,10.8
2022.0,6.0,24.0,1.0,4.15,9.55
2022.0,6.0,25.0,2.0,5.69,7.35
2022.0,6.0,26.0,6.0,10.04,8.95
2022.0,6.0,27.0,6.0,8.84,8.05
2022.0,6.0,28.0,5.0,5.86,9.95
2022.0,6.0,29.0,5.0,4.83,9.85
2022.0,6.0,30.0,3.0,7.88,9.05
2022.0,7.0,1.0,6.0,6.49,10.2
2022.0,7.0,2.0,6.0,9.85,10.55
2022.0,7.0,3.0,6.0,6.62,11.9
2022.0,7.0,4.0,1.0,5.45,5.65
2022.0,7.0,5.0,1.0,4.83,8.45
2022.0,7.0,6.0,1.0,4.38,10.8
2022.0,7.0,7.0,5.0,2.91,8.9
2022.0,7.0,8.0,7.0,3.46,12.15
2022.0,7.0,9.0,6.0,5.48,13.75
2022.0,7.0,10.0,5.0,4.11,9.7
2022.0,7.0,11.0,6.0,7.17,11.15
2022.0,7.0,12.0,0.0,4.19,12.0
2022.0,7.0,13.0,7.0,3.72,10.5
2022.0,7.0,14.0,6.0,5.11,12.65
2022.0,7.0,15.0,2.0,3.8,8.7
2022.0,7.0,16.0,3.0,3.13,8.7
2022.0,7.0,17.0,2.0,3.71,6.75
2022.0,7.0,18.0,3.0,3.67,8.15
2022.0,7.0,19.0,2.0,6.04,12.4
2022.0,7.0,20.0,6.0,5.22,9.9
2022.0,7.0,21.0,6.0,10.36,15.1
2022.0,7.0,22.0,6.0,6.5,12.1
2022.0,7.0,23.0,6.0,4.8,15.0
2022.0,7.0,24.0,6.0,5.67,10.6
2022.0,7.0,25.0,6.0,9.27,11.65
2022.0,7.0,26.0,5.0,6.95,12.2
2022.0,7.0,27.0,4.0,4.24,10.7
2022.0,7.0,28.0,6.0,7.73,12.35
2022.0,7.0,29.0,6.0,8.09,13.05
2022.0,7.0,30.0,6.0,6.27,13.6
2022.0,7.0,31.0,5.0,5.75,13.3
2022.0,8.0,1.0,6.0,4.95,13.8
2022.0,8.0,2.0,4.0,5.56,12.65
2022.0,8.0,3.0,6.0,8.4,14.0
2022.0,8.0,4.0,6.0,4.48,14.4
2022.0,8.0,5.0,3.0,5.37,13.45
2022.0,8.0,6.0,5.0,7.68,15.8
2022.0,8.0,7.0,1.0,4.79,13.5
2022.0,8.0,8.0,7.0,4.04,13.5
2022.0,8.0,9.0,5.0,7.42,13.9
2022.0,8.0,10.0,6.0,7.42,16.4
2022.0,8.0,11.0,0.0,4.29,14.65
2022.0,8.0,12.0,6.0,4.82,14.65
2022.0,8.0,13.0,2.0,3.27,13.4
2022.0,8.0,14.0,2.0,3.22,12.4
2022.0,8.0,15.0,2.0,2.01,12.9
2022.0,8.0,16.0,2.0,2.47,15.15
2022.0,8.0,17.0,4.0,4.52,15.9
2022.0,8.0,18.0,4.0,5.43,16.45
2022.0,8.0,19.0,2.0,3.42,15.55
2022.0,8.0,20.0,0.0,3.32,16.5
2022.0,8.0,21.0,7.0,2.67,16.7
2022.0,8.0,22.0,6.0,4.71,17.05
2022.0,8.0,23.0,3.0,3.79,16.0
2022.0,8.0,24.0,2.0,3.58,15.8
2022.0,8.0,25.0,1.0,3.92,14.6
2022.0,8.0,26.0,5.0,5.49,15.9
2022.0,8.0,27.0,5.0,4.73,17.3
2022.0,8.0,28.0,4.0,7.37,17.8
2022.0,8.0,29.0,5.0,6.51,17.6
2022.0,8.0,30.0,6.0,11.33,17.35
2022.0,8.0,31.0,6.0,8.67,17.0
2022.0,9.0,1.0,7.0,3.13,15.5
2022.0,9.0,2.0,5.0,8.76,17.9
2022.0,9.0,3.0,0.0,5.67,12.75
2022.0,9.0,4.0,3.0,3.6,13.2
2022.0,9.0,5.0,3.0,3.49,13.3
2022.0,9.0,6.0,3.0,4.76,14.9
2022.0,9.0,7.0,4.0,4.5,16.1
2022.0,9.0,8.0,4.0,4.89,17.3
2022.0,9.0,9.0,0.0,5.09,16.7
2022.0,9.0,10.0,6.0,3.64,14.9
2022.0,9.0,11.0,6.0,2.07,14.65
2022.0,9.0,12.0,6.0,3.77,15.4
2022.0,9.0,13.0,0.0,5.67,16.0
2022.0,9.0,14.0,0.0,4.12,12.3
2022.0,9.0,15.0,3.0,7.31,13.2
2022.0,9.0,16.0,2.0,9.27,12.3
2022.0,9.0,17.0,2.0,5.3,14.15
2022.0,9.0,18.0,2.0,4.71,14.15
2022.0,9.0,19.0,6.0,6.63,14.4
2022.0,9.0,20.0,4.0,4.48,15.55
2022.0,9.0,21.0,6.0,10.26,14.9
2022.0,9.0,22.0,0.0,7.58,9.3
2022.0,9.0,23.0,5.0,6.35,10.6
2022.0,9.0,24.0,4.0,5.02,12.4
2022.0,9.0,25.0,5.0,3.75,11.35
2022.0,9.0,26.0,0.0,10.01,10.0
2022.0,9.0,27.0,0.0,6.5,6.3
2022.0,9.0,28.0,0.0,4.17,6.5
2022.0,9.0,29.0,5.0,6.1,9.65
2022.0,9.0,30.0,5.0,5.74,11.5
2022.0,10.0,1.0,1.0,5.95,10.15
2022.0,10.0,2.0,2.0,6.14,9.4
2022.0,10.0,3.0,5.0,5.67,10.75
2022.0,10.0,4.0,6.0,4.62,13.1
2022.0,10.0,5.0,5.0,5.08,13.3
2022.0,10.0,6.0,0.0,6.42,9.7
2022.0,10.0,7.0,0.0,6.06,3.85
2022.0,10.0,8.0,6.0,12.05,8.0
2022.0,10.0,9.0,0.0,3.59,5.85
2022.0,10.0,10.0,5.0,6.12,6.7
2022.0,10.0,11.0,4.0,7.11,10.3
2022.0,10.0,12.0,3.0,10.16,11.5
2022.0,10.0,13.0,7.0,6.8,6.85
2022.0,10.0,14.0,7.0,2.9,5.05
2022.0,10.0,15.0,5.0,5.7,5.2
2022.0,10.0,16.0,7.0,4.8,5.85
2022.0,10.0,17.0,0.0,8.9,1.75
2022.0,10.0,18.0,0.0,10.04,1.35
2022.0,10.0,19.0,0.0,7.04,2.2
2022.0,10.0,20.0,7.0,6.32,4.25
2022.0,10.0,21.0,5.0,8.07,7.85
2022.0,10.0,22.0,2.0,5.45,8.8
2022.0,10.0,23.0,2.0,6.68,8.3
2022.0,10.0,24.0,3.0,11.33,9.25
2022.0,10.0,25.0,5.0,8.17,7.8
2022.0,10.0,26.0,7.0,9.22,4.1
2022.0,10.0,27.0,7.0,5.66,4.25
2022.0,10.0,28.0,4.0,9.51,8.25
2022.0,10.0,29.0,5.0,8.92,8.8
2022.0,10.0,30.0,5.0,5.26,8.95
2022.0,10.0,31.0,4.0,3.24,7.4
2023.0,6.0,1.0,2.0,4.16,7.45
2023.0,6.0,2.0,2.0,4.64,9.55
2023.0,6.0,3.0,1.0,4.15,13.5
2023.0,6.0,4.0,2.0,3.11,10.45
2023.0,6.0,5.0,1.0,5.0,10.05
2023.0,6.0,6.0,1.0,5.55,9.15
2023.0,6.0,7.0,1.0,4.8,9.9
2023.0,6.0,8.0,6.0,5.03,10.95
2023.0,6.0,9.0,6.0,6.62,8.85
2023.0,6.0,10.0,0.0,4.17,8.1
2023.0,6.0,11.0,1.0,5.13,7.1
2023.0,6.0,12.0,6.0,5.15,7.15
2023.0,6.0,13.0,0.0,6.24,10.4
2023.0,6.0,14.0,0.0,4.18,8.05
2023.0,6.0,15.0,0.0,3.35,6.35
2023.0,6.0,16.0,7.0,4.23,9.6
2023.0,6.0,17.0,6.0,5.59,8.9
2023.0,6.0,18.0,2.0,5.68,5.95
2023.0,6.0,19.0,2.0,5.4,7.2
2023.0,6.0,20.0,2.0,5.22,8.15
2023.0,6.0,21.0,2.0,4.19,8.55
2023.0,6.0,22.0,2.0,3.59,8.7
2023.0,6.0,23.0,2.0,2.82,8.4
2023.0,6.0,24.0,1.0,5.09,12.95
2023.0,6.0,25.0,2.0,9.28,8.8
2023.0,6.0,26.0,0.0,5.42,10.1
2023.0,6.0,27.0,0.0,3.83,10.8
2023.0,6.0,28.0,2.0,3.63,7.1
2023.0,6.0,29.0,3.0,6.0,7.15
2023.0,6.0,30.0,3.0,3.11,5.9
2023.0,7.0,1.0,1.0,2.9,6.6
2023.0,7.0,2.0,6.0,5.25,12.8
2023.0,7.0,3.0,3.0,3.78,11.05
2023.0,7.0,4.0,2.0,3.99,8.35
2023.0,7.0,5.0,5.0,3.45,10.45
2023.0,7.0,6.0,0.0,5.22,10.75
2023.0,7.0,7.0,6.0,7.21,10.55
2023.0,7.0,8.0,0.0,3.91,11.5
2023.0,7.0,9.0,6.0,6.57,9.25
2023.0,7.0,10.0,5.0,6.48,12.0
2023.0,7.0,11.0,6.0,7.71,11.55
2023.0,7.0,12.0,6.0,3.66,10.15
2023.0,7.0,13.0,4.0,3.82,9.25
2023.0,7.0,14.0,4.0,3.16,11.75
2023.0,7.0,15.0,6.0,4.32,10.8
2023.0,7.0,16.0,6.0,5.53,12.95
2023.0,7.0,17.0,6.0,5.15,11.35
2023.0,7.0,18.0,6.0,4.81,12.8
2023.0,7.0,19.0,6.0,3.24,12.35
2023.0,7.0,20.0,2.0,5.67,10.9
2023.0,7.0,21.0,6.0,5.62,14.0
2023.0,7.0,22.0,4.0,3.48,13.75
2023.0,7.0,23.0,6.0,2.86,14.0
2023.0,7.0,24.0,0.0,3.15,15.85
2023.0,7.0,25.0,6.0,4.57,16.2
2023.0,7.0,26.0,2.0,3.83,15.8
2023.0,7.0,27.0,4.0,5.54,16.05
2023.0,7.0,28.0,6.0,4.61,16.5
2023.0,7.0,29.0,0.0,2.82,16.65
2023.0,7.0,30.0,6.0,8.17,16.7
2023.0,7.0,31.0,6.0,3.15,16.3
2023.0,8.0,1.0,3.0,3.62,15.0
2023.0,8.0,2.0,6.0,6.3,17.4
2023.0,8.0,3.0,6.0,4.57,18.8
2023.0,8.0,4.0,1.0,3.8,17.8
2023.0,8.0,5.0,3.0,2.26,17.8
2023.0,8.0,6.0,3.0,3.45,17.3
2023.0,8.0,7.0,6.0,3.42,17.9
2023.0,8.0,8.0,6.0,5.47,19.25
2023.0,8.0,9.0,6.0,7.58,17.7
2023.0,8.0,10.0,7.0,6.6,16.8
2023.0,8.0,11.0,2.0,8.4,14.8
2023.0,8.0,12.0,0.0,5.43,14.8
2023.0,8.0,13.0,6.0,3.54,15.5
2023.0,8.0,14.0,1.0,4.1,16.05
2023.0,8.0,15.0,6.0,6.67,16.35
2023.0,8.0,16.0,3.0,5.76,17.05
2023.0,8.0,17.0,7.0,11.18,16.9
2023.0,8.0,18.0,6.0,5.44,15.8
2023.0,8.0,19.0,4.0,6.23,16.6
2023.0,8.0,20.0,7.0,5.4,18.5
2023.0,8.0,21.0,6.0,3.32,16.4
2023.0,8.0,22.0,5.0,3.87,15.6
2023.0,8.0,23.0,2.0,9.47,14.6
2023.0,8.0,24.0,2.0,3.65,14.95
2023.0,8.0,25.0,6.0,5.2,15.9
2023.0,8.0,26.0,1.0,4.45,13.25
2023.0,8.0,27.0,6.0,4.12,13.85
2023.0,8.0,28.0,5.0,5.19,14.55
2023.0,8.0,29.0,1.0,3.74,14.35
2023.0,8.0,30.0,6.0,5.67,14.0
2023.0,8.0,31.0,6.0,5.18,15.9
2023.0,9.0,1.0,4.0,7.65,16.65
2023.0,9.0,2.0,5.0,9.42,18.3
2023.0,9.0,3.0,5.0,6.17,18.6
2023.0,9.0,4.0,2.0,4.5,17.8
2023.0,9.0,5.0,5.0,6.25,20.85
2023.0,9.0,6.0,0.0,5.52,16.2
2023.0,9.0,7.0,1.0,5.09,10.3
2023.0,9.0,8.0,6.0,2.73,11.55
2023.0,9.0,9.0,5.0,3.25,13.6
2023.0,9.0,10.0,6.0,2.18,14.2
2023.0,9.0,11.0,1.0,6.58,14.0
2023.0,9.0,12.0,1.0,5.64,11.25
2023.0,9.0,13.0,1.0,2.43,11.5
2023.0,9.0,14.0,5.0,5.35,12.6
2023.0,9.0,15.0,5.0,7.38,14.5
2023.0,9.0,16.0,6.0,6.92,14.7
2023.0,9.0,17.0,0.0,3.8,13.1
2023.0,9.0,18.0,0.0,2.42,13.3
2023.0,9.0,19.0,3.0,7.62,13.2
2023.0,9.0,20.0,3.0,6.87,14.35
2023.0,9.0,21.0,2.0,2.9,15.2
2023.0,9.0,22.0,1.0,4.85,13.95
2023.0,9.0,23.0,2.0,8.6,15.5
2023.0,9.0,24.0,2.0,9.22,15.3
2023.0,9.0,25.0,2.0,6.81,15.45
2023.0,9.0,26.0,2.0,5.67,14.9
2023.0,9.0,27.0,2.0,6.82,14.85
2023.0,9.0,28.0,3.0,5.47,14.6
2023.0,9.0,29.0,4.0,5.42,15.05
2023.0,9.0,30.0,5.0,4.57,15.85
2023.0,10.0,1.0,2.0,5.21,15.0
2023.0,10.0,2.0,5.0,7.13,16.25
2023.0,10.0,3.0,4.0,5.84,18.0
2023.0,10.0,4.0,4.0,9.01,18.25
2023.0,10.0,5.0,6.0,9.1,14.15
2023.0,10.0,6.0,7.0,11.75,10.6
2023.0,10.0,7.0,0.0,8.07,6.85
2023.0,10.0,8.0,1.0,5.13,7.7
2023.0,10.0,9.0,0.0,11.31,5.55
2023.0,10.0,10.0,0.0,7.95,5.65
2023.0,10.0,11.0,0.0,5.3,9.1
2023.0,10.0,12.0,1.0,4.44,9.9
2023.0,10.0,13.0,1.0,5.24,10.0
2023.0,10.0,14.0,1.0,5.88,9.15
2023.0,10.0,15.0,0.0,4.98,8.85
2023.0,10.0,16.0,0.0,3.9,6.9
2023.0,10.0,17.0,6.0,3.54,8.6
2023.0,10.0,18.0,3.0,5.0,9.9
2023.0,10.0,19.0,0.0,2.65,10.45
2023.0,10.0,20.0,0.0,4.44,6.8
2023.0,10.0,21.0,2.0,4.7,6.0
2023.0,10.0,22.0,6.0,3.72,6.2
2023.0,10.0,23.0,4.0,6.54,9.7
2023.0,10.0,24.0,4.0,5.05,10.5
2023.0,10.0,25.0,0.0,3.77,6.0
2023.0,10.0,26.0,1.0,7.22,5.7
2023.0,10.0,27.0,1.0,7.27,4.35
2023.0,10.0,28.0,7.0,10.0,2.1
2023.0,10.0,29.0,7.0,8.58,0.45
2023.0,10.0,30.0,7.0,8.22,-0.4
2023.0,10.0,31.0,0.0,5.18,-0.45
