YY,MM,DD,WDIR,WSPD,ATMP
2012.0,6.0,1.0,0.0,2.24,9.2
2012.0,6.0,2.0,6.0,3.44,11.0
2012.0,6.0,3.0,6.0,3.18,17.9
2012.0,6.0,4.0,1.0,2.85,11.6
2012.0,6.0,5.0,0.0,3.75,10.4
2012.0,6.0,6.0,1.0,2.45,9.6
2012.0,6.0,7.0,1.0,1.54,11.0
2012.0,6.0,8.0,4.0,2.81,14.6
2012.0,6.0,9.0,0.0,2.46,12.2
2012.0,6.0,10.0,4.0,4.56,12.3
2012.0,6.0,11.0,4.0,5.95,20.0
2012.0,6.0,12.0,6.0,6.24,12.5
2012.0,6.0,13.0,4.0,2.8,14.1
2012.0,6.0,14.0,3.0,3.97,15.6
2012.0,6.0,15.0,6.0,2.13,13.7
2012.0,6.0,16.0,1.0,2.87,13.9
2012.0,6.0,17.0,5.0,4.38,15.7
2012.0,6.0,18.0,4.0,2.35,16.7
2012.0,6.0,19.0,4.0,3.28,16.4
2012.0,6.0,20.0,3.0,4.49,16.35
2012.0,6.0,21.0,6.0,4.33,17.8
2012.0,6.0,22.0,6.0,3.22,17.6
2012.0,6.0,23.0,3.0,1.67,16.2
2012.0,6.0,24.0,1.0,3.83,15.3
2012.0,6.0,25.0,1.0,2.45,13.7
2012.0,6.0,26.0,1.0,2.42,16.5
2012.0,6.0,27.0,1.0,2.58,17.0
2012.0,6.0,28.0,5.0,3.29,20.7
2012.0,6.0,29.0,5.0,4.57,22.8
2012.0,6.0,30.0,6.0,2.81,22.1
2012.0,7.0,1.0,1.0,2.71,20.8
2012.0,7.0,2.0,1.0,4.42,18.2
2012.0,7.0,3.0,6.0,3.24,19.6
2012.0,7.0,4.0,1.0,4.51,18.85
2012.0,7.0,5.0,6.0,3.11,23.25
2012.0,7.0,6.0,3.0,3.29,17.8
2012.0,7.0,7.0,6.0,2.29,17.7
2012.0,7.0,8.0,6.0,2.34,21.9
2012.0,7.0,9.0,6.0,2.56,20.2
2012.0,7.0,10.0,3.0,1.59,19.8
2012.0,7.0,11.0,3.0,2.56,23.8
2012.0,7.0,12.0,4.0,3.32,24.7
2012.0,7.0,13.0,4.0,3.24,25.4
2012.0,7.0,14.0,5.0,2.5,22.3
2012.0,7.0,15.0,4.0,1.76,23.8
2012.0,7.0,16.0,3.0,3.64,24.85
2012.0,7.0,17.0,1.0,4.56,20.8
2012.0,7.0,18.0,1.0,3.44,18.8
2012.0,7.0,19.0,1.0,5.0,13.3
2012.0,7.0,20.0,4.0,3.19,18.3
2012.0,7.0,21.0,0.0,2.88,25.1
2012.0,7.0,22.0,3.0,2.82,22.0
2012.0,7.0,23.0,6.0,3.51,24.0
2012.0,7.0,24.0,1.0,4.11,21.8
2012.0,7.0,25.0,6.0,2.59,21.75
2012.0,7.0,26.0,1.0,3.71,20.7
2012.0,7.0,27.0,1.0,5.45,18.9
2012.0,7.0,28.0,3.0,1.64,18.9
2012.0,7.0,29.0,3.0,1.93,21.7
2012.0,7.0,30.0,4.0,4.17,23.2
2012.0,7.0,31.0,7.0,1.84,22.6
2012.0,8.0,1.0,4.0,4.01,23.2
2012.0,8.0,2.0,6.0,3.15,24.6
2012.0,8.0,3.0,1.0,3.65,20.9
2012.0,8.0,4.0,5.0,4.06,21.3
2012.0,8.0,5.0,6.0,7.09,19.0
2012.0,8.0,6.0,4.0,3.92,19.6
2012.0,8.0,7.0,7.0,2.08,21.3
2012.0,8.0,8.0,3.0,1.73,17.8
2012.0,8.0,9.0,1.0,4.87,17.4
2012.0,8.0,10.0,1.0,4.87,14.1
2012.0,8.0,11.0,3.0,1.86,14.6
2012.0,8.0,12.0,3.0,1.81,17.8
2012.0,8.0,13.0,4.0,2.72,19.1
2012.0,8.0,14.0,3.0,1.89,17.7
2012.0,8.0,15.0,3.0,2.29,19.3
2012.0,8.0,16.0,6.0,7.92,18.4
2012.0,8.0,17.0,7.0,5.75,16.15
2012.0,8.0,18.0,4.0,3.3,15.7
2012.0,8.0,19.0,4.0,1.51,14.9
2012.0,8.0,20.0,3.0,2.65,14.5
2012.0,8.0,21.0,6.0,2.93,16.35
2012.0,8.0,22.0,4.0,2.9,19.9
2012.0,8.0,23.0,3.0,2.18,20.4
2012.0,8.0,24.0,1.0,3.54,20.3
2012.0,8.0,25.0,4.0,3.2,24.2
2012.0,8.0,26.0,4.0,3.54,21.7
2012.0,8.0,27.0,4.0,2.12,19.0
2012.0,8.0,28.0,3.0,3.02,18.1
2012.0,8.0,29.0,1.0,3.13,19.2
2012.0,8.0,30.0,4.0,2.75,22.2
2012.0,8.0,31.0,4.0,1.89,18.9
2012.0,9.0,1.0,3.0,3.03,17.7
2012.0,9.0,2.0,3.0,2.84,19.2
2012.0,9.0,3.0,4.0,1.79,19.6
2012.0,9.0,4.0,3.0,2.85,19.9
2012.0,9.0,5.0,4.0,2.61,18.0
2012.0,9.0,6.0,4.0,2.84,16.9
2012.0,9.0,7.0,4.0,3.68,15.2
2012.0,9.0,8.0,7.0,6.99,15.6
2012.0,9.0,9.0,0.0,5.08,15.3
2012.0,9.0,10.0,4.0,4.07,14.6
2012.0,9.0,11.0,4.0,5.04,21.6
2012.0,9.0,12.0,5.0,3.65,17.2
2012.0,9.0,13.0,4.0,3.77,14.0
2012.0,9.0,14.0,7.0,2.43,13.85
2012.0,9.0,15.0,3.0,3.38,13.05
2012.0,9.0,16.0,3.0,1.93,12.7
2012.0,9.0,17.0,0.0,4.99,13.45
2012.0,9.0,18.0,0.0,4.09,9.5
2012.0,9.0,19.0,4.0,5.18,10.6
2012.0,9.0,20.0,6.0,7.49,12.0
2012.0,9.0,21.0,5.0,3.73,9.5
2012.0,9.0,22.0,7.0,7.73,8.5
2012.0,9.0,23.0,7.0,5.18,9.0
2012.0,9.0,24.0,4.0,4.97,9.4
2012.0,9.0,25.0,1.0,2.37,9.05
2012.0,9.0,26.0,4.0,1.66,7.7
2012.0,9.0,27.0,3.0,1.53,6.9
2012.0,9.0,28.0,3.0,1.66,9.0
2012.0,9.0,29.0,3.0,3.22,11.4
2012.0,9.0,30.0,3.0,2.94,7.4
2012.0,10.0,1.0,4.0,1.99,8.4
2012.0,10.0,2.0,3.0,2.4,9.6
2012.0,10.0,3.0,3.0,2.13,11.5
2012.0,10.0,4.0,5.0,5.51,11.5
2012.0,10.0,5.0,6.0,10.91,5.3
2012.0,10.0,6.0,7.0,7.63,4.6
2012.0,10.0,7.0,4.0,4.19,2.7
2012.0,10.0,8.0,4.0,4.09,6.3
2012.0,10.0,9.0,6.0,5.24,7.5
2012.0,10.0,10.0,6.0,7.05,4.0
2012.0,10.0,11.0,7.0,4.89,3.9
2012.0,10.0,12.0,7.0,3.98,4.3
2012.0,10.0,13.0,4.0,3.06,6.7
2012.0,10.0,14.0,1.0,4.03,6.7
2012.0,10.0,15.0,3.0,2.33,2.2
2012.0,10.0,16.0,1.0,2.06,8.7
2012.0,10.0,17.0,1.0,3.6,7.8
2012.0,10.0,18.0,4.0,2.13,9.25
2012.0,10.0,19.0,1.0,2.97,7.7
2012.0,10.0,20.0,4.0,1.61,4.7
2012.0,10.0,21.0,3.0,3.03,6.7
2012.0,10.0,22.0,1.0,4.01,8.0
2012.0,10.0,23.0,1.0,5.63,7.4
2012.0,10.0,24.0,1.0,1.84,7.5
2012.0,10.0,25.0,7.0,4.98,6.5
2012.0,10.0,26.0,6.0,7.39,3.55
2012.0,10.0,27.0,6.0,4.42,2.7
2012.0,10.0,28.0,3.0,2.0,0.9
2012.0,10.0,29.0,3.0,2.26,1.75
2012.0,10.0,30.0,1.0,4.4,3.6
2012.0,10.0,31.0,0.0,4.31,2.1
2013.0,6.0,1.0,1.0,2.69,5.6
2013.0,6.0,2.0,6.0,2.21,6.2
2013.0,6.0,3.0,0.0,2.26,7.2
2013.0,6.0,4.0,1.0,3.88,7.2
2013.0,6.0,5.0,1.0,5.03,5.2
2013.0,6.0,6.0,1.0,6.42,4.5
2013.0,6.0,7.0,0.0,1.96,6.3
2013.0,6.0,8.0,1.0,3.19,7.7
2013.0,6.0,9.0,1.0,4.04,5.5
2013.0,6.0,10.0,1.0,2.82,5.7
2013.0,6.0,11.0,7.0,1.95,8.4
2013.0,6.0,12.0,1.0,1.6,12.6
2013.0,6.0,13.0,0.0,1.94,10.6
2013.0,6.0,14.0,1.0,3.64,7.8
2013.0,6.0,15.0,1.0,2.56,6.35
2013.0,6.0,16.0,4.0,3.36,14.9
2013.0,6.0,17.0,1.0,5.62,5.75
2013.0,6.0,18.0,1.0,3.5,6.0
2013.0,6.0,19.0,1.0,1.49,9.3
2013.0,6.0,20.0,1.0,2.6,8.8
2013.0,6.0,21.0,1.0,4.98,6.4
2013.0,6.0,22.0,1.0,4.26,6.7
2013.0,6.0,23.0,1.0,3.11,6.1
2013.0,6.0,24.0,4.0,1.51,17.4
2013.0,6.0,25.0,3.0,2.28,18.6
2013.0,6.0,26.0,1.0,2.04,10.7
2013.0,6.0,27.0,6.0,2.66,15.0
2013.0,6.0,28.0,6.0,4.03,16.25
2013.0,6.0,29.0,0.0,1.95,11.8
2013.0,6.0,30.0,3.0,1.65,13.9
2013.0,7.0,1.0,1.0,5.13,11.7
2013.0,7.0,2.0,0.0,3.27,9.1
2013.0,7.0,3.0,0.0,1.96,10.7
2013.0,7.0,4.0,1.0,1.5,12.3
2013.0,7.0,5.0,4.0,4.25,22.7
2013.0,7.0,6.0,4.0,4.51,24.2
2013.0,7.0,7.0,1.0,4.88,11.5
2013.0,7.0,8.0,1.0,3.13,9.2
2013.0,7.0,9.0,1.0,2.1,9.2
2013.0,7.0,10.0,6.0,3.88,15.3
2013.0,7.0,11.0,1.0,2.29,17.1
2013.0,7.0,12.0,4.0,3.9,23.2
2013.0,7.0,13.0,4.0,4.12,23.9
2013.0,7.0,14.0,4.0,1.97,20.2
2013.0,7.0,15.0,1.0,2.85,18.0
2013.0,7.0,16.0,1.0,2.13,16.5
2013.0,7.0,17.0,4.0,3.35,26.2
2013.0,7.0,18.0,0.0,2.55,19.5
2013.0,7.0,19.0,6.0,5.18,23.2
2013.0,7.0,20.0,1.0,5.21,18.8
2013.0,7.0,21.0,1.0,4.46,13.5
2013.0,7.0,22.0,6.0,3.18,13.3
2013.0,7.0,23.0,6.0,3.14,14.6
2013.0,7.0,24.0,3.0,2.3,16.6
2013.0,7.0,25.0,4.0,3.66,19.1
2013.0,7.0,26.0,1.0,4.35,14.1
2013.0,7.0,27.0,7.0,5.84,11.2
2013.0,7.0,28.0,7.0,3.53,12.3
2013.0,7.0,29.0,3.0,1.56,15.7
2013.0,7.0,30.0,4.0,1.79,17.5
2013.0,7.0,31.0,4.0,3.5,18.8
2013.0,8.0,1.0,6.0,3.76,18.6
2013.0,8.0,2.0,6.0,2.69,17.5
2013.0,8.0,3.0,6.0,2.85,17.8
2013.0,8.0,4.0,3.0,1.76,15.7
2013.0,8.0,5.0,3.0,2.42,17.0
2013.0,8.0,6.0,1.0,2.69,17.3
2013.0,8.0,7.0,6.0,3.28,18.1
2013.0,8.0,8.0,6.0,1.91,16.0
2013.0,8.0,9.0,6.0,3.32,17.4
2013.0,8.0,10.0,4.0,1.99,16.5
2013.0,8.0,11.0,3.0,1.93,16.8
2013.0,8.0,12.0,4.0,2.78,18.2
2013.0,8.0,13.0,3.0,2.13,14.6
2013.0,8.0,14.0,7.0,1.53,14.9
2013.0,8.0,15.0,3.0,1.79,16.9
2013.0,8.0,16.0,3.0,1.55,18.5
2013.0,8.0,17.0,4.0,3.52,20.8
2013.0,8.0,18.0,4.0,4.28,21.2
2013.0,8.0,19.0,4.0,3.7,21.8
2013.0,8.0,20.0,4.0,3.67,24.4
2013.0,8.0,21.0,4.0,3.48,25.4
2013.0,8.0,22.0,7.0,1.65,19.8
2013.0,8.0,23.0,3.0,3.01,17.7
2013.0,8.0,24.0,4.0,3.34,21.0
2013.0,8.0,25.0,4.0,5.26,26.8
2013.0,8.0,26.0,1.0,2.68,21.75
2013.0,8.0,27.0,0.0,3.64,18.45
2013.0,8.0,28.0,0.0,1.36,18.1
2013.0,8.0,29.0,3.0,1.69,20.0
2013.0,8.0,30.0,1.0,3.5,21.0
2013.0,8.0,31.0,3.0,1.26,18.5
2013.0,9.0,1.0,6.0,4.76,19.4
2013.0,9.0,2.0,0.0,4.95,14.7
2013.0,9.0,3.0,3.0,2.84,13.6
2013.0,9.0,4.0,1.0,3.55,18.2
2013.0,9.0,5.0,3.0,2.49,14.4
2013.0,9.0,6.0,4.0,1.83,18.3
2013.0,9.0,7.0,3.0,2.28,20.9
2013.0,9.0,8.0,1.0,2.72,14.4
2013.0,9.0,9.0,1.0,2.35,13.1
2013.0,9.0,10.0,5.0,2.43,17.3
2013.0,9.0,11.0,4.0,3.18,18.9
2013.0,9.0,12.0,7.0,4.3,15.4
2013.0,9.0,13.0,3.0,2.43,13.6
2013.0,9.0,14.0,4.0,3.28,13.2
2013.0,9.0,15.0,1.0,4.86,13.1
2013.0,9.0,16.0,3.0,2.03,8.4
2013.0,9.0,17.0,4.0,3.28,10.65
2013.0,9.0,18.0,4.0,1.81,15.7
2013.0,9.0,19.0,1.0,2.34,16.0
2013.0,9.0,20.0,6.0,4.99,15.7
2013.0,9.0,21.0,7.0,5.49,12.1
2013.0,9.0,22.0,3.0,1.77,8.4
2013.0,9.0,23.0,4.0,1.99,10.95
2013.0,9.0,24.0,1.0,2.95,13.0
2013.0,9.0,25.0,3.0,2.78,10.85
2013.0,9.0,26.0,3.0,2.56,12.5
2013.0,9.0,27.0,1.0,2.39,15.45
2013.0,9.0,28.0,4.0,6.15,20.75
2013.0,9.0,29.0,4.0,3.61,12.75
2013.0,9.0,30.0,4.0,6.17,17.3
2013.0,10.0,1.0,4.0,5.33,19.3
2013.0,10.0,2.0,5.0,2.89,15.5
2013.0,10.0,3.0,1.0,4.18,12.5
2013.0,10.0,4.0,1.0,7.77,11.5
2013.0,10.0,5.0,1.0,8.11,9.85
2013.0,10.0,6.0,1.0,5.91,9.3
2013.0,10.0,7.0,4.0,3.08,10.5
2013.0,10.0,8.0,4.0,4.1,11.75
2013.0,10.0,9.0,4.0,5.67,18.9
2013.0,10.0,10.0,4.0,3.08,14.7
2013.0,10.0,11.0,3.0,2.69,16.1
2013.0,10.0,12.0,5.0,5.86,14.85
2013.0,10.0,13.0,6.0,5.53,10.4
2013.0,10.0,14.0,3.0,2.22,5.9
2013.0,10.0,15.0,1.0,6.78,9.7
2013.0,10.0,16.0,0.0,6.65,7.8
2013.0,10.0,17.0,4.0,1.88,6.3
2013.0,10.0,18.0,0.0,5.29,7.7
2013.0,10.0,19.0,4.0,2.64,4.8
2013.0,10.0,20.0,3.0,2.14,3.7
2013.0,10.0,21.0,6.0,8.67,2.9
2013.0,10.0,22.0,7.0,7.25,3.85
2013.0,10.0,23.0,7.0,5.4,2.9
2013.0,10.0,24.0,7.0,6.18,3.2
2013.0,10.0,25.0,4.0,6.16,5.3
2013.0,10.0,26.0,7.0,8.36,6.3
2013.0,10.0,27.0,4.0,4.66,5.0
2013.0,10.0,28.0,1.0,7.92,2.45
2013.0,10.0,29.0,3.0,1.11,-1.85
2013.0,10.0,30.0,3.0,1.07,2.8
2013.0,10.0,31.0,0.0,1.66,6.8
2014.0,6.0,1.0,0.0,1.55,5.0
2014.0,6.0,2.0,7.0,1.83,5.0
2014.0,6.0,3.0,6.0,5.68,14.7
2014.0,6.0,4.0,1.0,3.09,9.5
2014.0,6.0,5.0,1.0,2.87,5.6
2014.0,6.0,6.0,6.0,1.93,8.4
2014.0,6.0,7.0,1.0,2.06,11.15
2014.0,6.0,8.0,0.0,1.8,9.1
2014.0,6.0,9.0,1.0,2.06,8.0
2014.0,6.0,10.0,1.0,3.2,6.6
2014.0,6.0,11.0,0.0,2.49,6.5
2014.0,6.0,12.0,6.0,5.87,9.8
2014.0,6.0,13.0,6.0,3.94,9.4
2014.0,6.0,14.0,1.0,5.68,5.8
2014.0,6.0,15.0,1.0,5.27,8.65
2014.0,6.0,16.0,4.0,4.41,19.05
2014.0,6.0,17.0,0.0,1.73,11.2
2014.0,6.0,18.0,1.0,7.55,7.7
2014.0,6.0,19.0,1.0,6.6,6.9
2014.0,6.0,20.0,1.0,4.15,5.4
2014.0,6.0,21.0,1.0,4.17,5.3
2014.0,6.0,22.0,1.0,2.77,6.1
2014.0,6.0,23.0,0.0,1.37,7.1
2014.0,6.0,24.0,1.0,2.94,6.9
2014.0,6.0,25.0,1.0,5.73,6.1
2014.0,6.0,26.0,1.0,5.03,7.0
2014.0,6.0,27.0,1.0,4.65,6.5
2014.0,6.0,28.0,1.0,2.67,7.4
2014.0,6.0,29.0,4.0,4.24,19.9
2014.0,6.0,30.0,4.0,7.14,24.3
2014.0,7.0,1.0,6.0,5.28,18.7
2014.0,7.0,2.0,6.0,3.01,11.7
2014.0,7.0,3.0,4.0,2.12,15.2
2014.0,7.0,4.0,3.0,1.81,16.9
2014.0,7.0,5.0,4.0,4.73,20.3
2014.0,7.0,6.0,4.0,4.43,22.4
2014.0,7.0,7.0,5.0,4.74,20.5
2014.0,7.0,8.0,1.0,2.49,10.5
2014.0,7.0,9.0,6.0,1.79,12.9
2014.0,7.0,10.0,1.0,2.49,15.4
2014.0,7.0,11.0,4.0,3.54,18.9
2014.0,7.0,12.0,4.0,1.97,18.2
2014.0,7.0,13.0,6.0,4.37,17.4
2014.0,7.0,14.0,6.0,3.65,13.0
2014.0,7.0,15.0,6.0,2.67,13.2
2014.0,7.0,16.0,6.0,2.24,14.6
2014.0,7.0,17.0,4.0,2.29,18.9
2014.0,7.0,18.0,4.0,3.3,19.7
2014.0,7.0,19.0,4.0,5.19,21.25
2014.0,7.0,20.0,4.0,4.34,21.2
2014.0,7.0,21.0,4.0,4.05,25.4
2014.0,7.0,22.0,4.0,3.95,21.0
2014.0,7.0,23.0,0.0,1.76,16.5
2014.0,7.0,24.0,1.0,1.95,15.5
2014.0,7.0,25.0,1.0,1.73,18.5
2014.0,7.0,26.0,6.0,3.26,21.6
2014.0,7.0,27.0,1.0,4.67,16.2
2014.0,7.0,28.0,6.0,2.56,14.8
2014.0,7.0,29.0,6.0,3.22,17.7
2014.0,7.0,30.0,5.0,2.13,15.1
2014.0,7.0,31.0,6.0,2.08,18.5
2014.0,8.0,1.0,3.0,2.24,16.4
2014.0,8.0,2.0,1.0,1.75,15.3
2014.0,8.0,3.0,1.0,2.38,18.2
2014.0,8.0,4.0,1.0,3.43,15.8
2014.0,8.0,5.0,1.0,1.43,13.0
2014.0,8.0,6.0,3.0,2.83,15.8
2014.0,8.0,7.0,1.0,2.89,14.8
2014.0,8.0,8.0,1.0,1.66,15.0
2014.0,8.0,9.0,1.0,1.89,18.2
2014.0,8.0,10.0,3.0,1.26,20.7
2014.0,8.0,11.0,0.0,3.51,18.3
2014.0,8.0,12.0,6.0,2.15,16.7
2014.0,8.0,13.0,1.0,3.03,18.0
2014.0,8.0,14.0,3.0,2.16,16.05
2014.0,8.0,15.0,3.0,1.4,17.4
2014.0,8.0,16.0,1.0,3.4,21.5
2014.0,8.0,17.0,2.0,3.78,15.3
2014.0,8.0,18.0,1.0,2.1,11.15
2014.0,8.0,19.0,1.0,2.35,13.05
2014.0,8.0,20.0,1.0,1.55,17.3
2014.0,8.0,21.0,1.0,3.68,17.8
2014.0,8.0,22.0,1.0,5.07,15.4
2014.0,8.0,23.0,1.0,4.18,16.3
2014.0,8.0,24.0,1.0,3.75,17.5
2014.0,8.0,25.0,6.0,4.18,19.45
2014.0,8.0,26.0,6.0,6.24,16.6
2014.0,8.0,27.0,7.0,2.25,16.3
2014.0,8.0,28.0,3.0,2.66,15.4
2014.0,8.0,29.0,1.0,1.69,17.3
2014.0,8.0,30.0,1.0,2.29,17.0
2014.0,8.0,31.0,3.0,1.66,16.7
2014.0,9.0,1.0,6.0,3.77,18.6
2014.0,9.0,2.0,4.0,3.68,16.5
2014.0,9.0,3.0,4.0,3.62,17.55
2014.0,9.0,4.0,1.0,3.8,17.0
2014.0,9.0,5.0,6.0,5.92,16.8
2014.0,9.0,6.0,6.0,4.04,15.3
2014.0,9.0,7.0,4.0,4.04,17.0
2014.0,9.0,8.0,4.0,5.14,19.6
2014.0,9.0,9.0,4.0,3.02,18.3
2014.0,9.0,10.0,1.0,11.43,9.1
2014.0,9.0,11.0,0.0,3.71,8.0
2014.0,9.0,12.0,4.0,1.37,8.2
2014.0,9.0,13.0,4.0,2.69,7.1
2014.0,9.0,14.0,4.0,5.13,11.2
2014.0,9.0,15.0,4.0,3.78,10.9
2014.0,9.0,16.0,4.0,4.07,10.0
2014.0,9.0,17.0,4.0,4.5,11.9
2014.0,9.0,18.0,1.0,3.97,7.5
2014.0,9.0,19.0,4.0,4.09,14.35
2014.0,9.0,20.0,6.0,3.57,16.6
2014.0,9.0,21.0,1.0,4.28,12.3
2014.0,9.0,22.0,4.0,2.87,10.5
2014.0,9.0,23.0,4.0,2.18,15.7
2014.0,9.0,24.0,4.0,2.86,16.1
2014.0,9.0,25.0,1.0,2.46,15.5
2014.0,9.0,26.0,1.0,2.43,14.1
2014.0,9.0,27.0,1.0,1.4,15.1
2014.0,9.0,28.0,4.0,1.62,15.9
2014.0,9.0,29.0,1.0,8.24,13.2
2014.0,9.0,30.0,,,
2014.0,10.0,1.0,,,
2014.0,10.0,2.0,,,
2014.0,10.0,3.0,6.0,8.72,6.9
2014.0,10.0,4.0,6.0,9.26,7.3
2014.0,10.0,5.0,6.0,8.03,6.1
2014.0,10.0,6.0,5.0,5.1,7.2
2014.0,10.0,7.0,6.0,6.61,8.8
2014.0,10.0,8.0,6.0,8.97,7.2
2014.0,10.0,9.0,6.0,6.49,7.4
2014.0,10.0,10.0,4.0,3.23,5.3
2014.0,10.0,11.0,4.0,3.0,8.3
2014.0,10.0,12.0,4.0,4.37,8.4
2014.0,10.0,13.0,4.0,2.19,10.9
2014.0,10.0,14.0,1.0,4.76,10.6
2014.0,10.0,15.0,4.0,2.91,5.8
2014.0,10.0,16.0,3.0,3.13,4.8
2014.0,10.0,17.0,0.0,5.68,8.7
2014.0,10.0,18.0,0.0,5.07,5.9
2014.0,10.0,19.0,4.0,2.98,6.7
2014.0,10.0,20.0,7.0,4.47,10.3
2014.0,10.0,21.0,2.0,3.62,7.4
2014.0,10.0,22.0,4.0,2.54,5.8
2014.0,10.0,23.0,4.0,2.59,11.4
2014.0,10.0,24.0,4.0,2.49,10.6
2014.0,10.0,25.0,6.0,6.44,13.1
2014.0,10.0,26.0,6.0,3.35,9.9
2014.0,10.0,27.0,1.0,3.58,9.5
2014.0,10.0,28.0,5.0,5.4,7.9
2014.0,10.0,29.0,6.0,6.94,5.3
2014.0,10.0,30.0,5.0,4.7,5.2
2014.0,10.0,31.0,0.0,8.88,1.1
2015.0,6.0,1.0,1.0,4.7,5.2
2015.0,6.0,2.0,1.0,4.12,6.3
2015.0,6.0,3.0,1.0,1.98,7.7
2015.0,6.0,4.0,1.0,3.48,6.9
2015.0,6.0,5.0,1.0,4.55,6.8
2015.0,6.0,6.0,1.0,4.98,5.6
2015.0,6.0,7.0,1.0,3.5,7.95
2015.0,6.0,8.0,6.0,3.15,15.8
2015.0,6.0,9.0,3.0,1.59,14.65
2015.0,6.0,10.0,6.0,4.29,15.5
2015.0,6.0,11.0,1.0,3.78,14.55
2015.0,6.0,12.0,4.0,1.89,10.8
2015.0,6.0,13.0,1.0,1.3,8.8
2015.0,6.0,14.0,1.0,1.37,23.1
2015.0,6.0,15.0,6.0,3.04,16.8
2015.0,6.0,16.0,7.0,3.0,12.2
2015.0,6.0,17.0,1.0,1.94,11.6
2015.0,6.0,18.0,1.0,3.19,14.1
2015.0,6.0,19.0,1.0,2.83,12.1
2015.0,6.0,20.0,1.0,2.12,10.6
2015.0,6.0,21.0,,,
2015.0,6.0,22.0,4.0,1.54,13.7
2015.0,6.0,23.0,4.0,3.77,23.9
2015.0,6.0,24.0,1.0,2.67,16.1
2015.0,6.0,25.0,0.0,3.15,13.0
2015.0,6.0,26.0,0.0,2.25,13.5
2015.0,6.0,27.0,4.0,1.35,13.55
2015.0,6.0,28.0,4.0,1.9,21.3
2015.0,6.0,29.0,,,
2015.0,6.0,30.0,,,
2015.0,7.0,1.0,1.0,3.37,15.75
2015.0,7.0,2.0,,,
2015.0,7.0,3.0,,,
2015.0,7.0,4.0,,,
2015.0,7.0,5.0,,,
2015.0,7.0,6.0,4.0,2.68,17.7
2015.0,7.0,7.0,7.0,4.39,15.4
2015.0,7.0,8.0,3.0,1.81,16.7
2015.0,7.0,9.0,3.0,1.71,18.5
2015.0,7.0,10.0,4.0,2.49,21.6
2015.0,7.0,11.0,4.0,2.41,23.3
2015.0,7.0,12.0,3.0,2.49,21.6
2015.0,7.0,13.0,6.0,3.09,19.8
2015.0,7.0,14.0,1.0,3.05,20.3
2015.0,7.0,15.0,3.0,3.13,13.9
2015.0,7.0,16.0,1.0,2.88,14.1
2015.0,7.0,17.0,5.0,2.62,18.8
2015.0,7.0,18.0,3.0,3.13,22.9
2015.0,7.0,19.0,5.0,5.97,21.7
2015.0,7.0,20.0,6.0,5.1,21.25
2015.0,7.0,21.0,6.0,4.22,19.9
2015.0,7.0,22.0,1.0,2.25,19.3
2015.0,7.0,23.0,4.0,1.83,21.0
2015.0,7.0,24.0,4.0,3.22,23.1
2015.0,7.0,25.0,6.0,2.81,22.4
2015.0,7.0,26.0,4.0,1.86,24.7
2015.0,7.0,27.0,1.0,2.3,23.6
2015.0,7.0,28.0,3.0,2.23,24.1
2015.0,7.0,29.0,5.0,6.05,21.7
2015.0,7.0,30.0,5.0,6.2,22.35
2015.0,7.0,31.0,6.0,4.76,20.7
2015.0,8.0,1.0,6.0,3.86,19.9
2015.0,8.0,2.0,4.0,2.72,20.0
2015.0,8.0,3.0,6.0,4.07,17.5
2015.0,8.0,4.0,6.0,2.8,17.3
2015.0,8.0,5.0,3.0,2.68,15.1
2015.0,8.0,6.0,1.0,3.37,15.0
2015.0,8.0,7.0,1.0,3.95,12.0
2015.0,8.0,8.0,1.0,2.24,11.3
2015.0,8.0,9.0,4.0,1.75,15.2
2015.0,8.0,10.0,6.0,2.25,17.4
2015.0,8.0,11.0,4.0,1.47,16.6
2015.0,8.0,12.0,6.0,2.77,17.6
2015.0,8.0,13.0,4.0,3.74,24.2
2015.0,8.0,14.0,4.0,2.72,22.6
2015.0,8.0,15.0,0.0,1.47,19.9
2015.0,8.0,16.0,5.0,3.88,25.2
2015.0,8.0,17.0,6.0,2.36,18.5
2015.0,8.0,18.0,1.0,4.3,16.9
2015.0,8.0,19.0,1.0,7.26,12.2
2015.0,8.0,20.0,6.0,4.6,11.4
2015.0,8.0,21.0,3.0,2.71,13.9
2015.0,8.0,22.0,4.0,5.98,21.75
2015.0,8.0,23.0,4.0,6.74,16.2
2015.0,8.0,24.0,6.0,8.66,12.85
2015.0,8.0,25.0,6.0,4.72,12.9
2015.0,8.0,26.0,4.0,1.93,12.7
2015.0,8.0,27.0,3.0,2.34,13.9
2015.0,8.0,28.0,5.0,2.69,16.6
2015.0,8.0,29.0,4.0,3.32,18.6
2015.0,8.0,30.0,4.0,3.14,19.4
2015.0,8.0,31.0,4.0,3.97,21.7
2015.0,9.0,1.0,4.0,2.78,23.4
2015.0,9.0,2.0,1.0,2.93,18.35
2015.0,9.0,3.0,1.0,4.18,14.9
2015.0,9.0,4.0,1.0,4.6,13.2
2015.0,9.0,5.0,1.0,2.83,14.3
2015.0,9.0,6.0,4.0,2.66,19.4
2015.0,9.0,7.0,6.0,2.64,18.85
2015.0,9.0,8.0,6.0,2.44,17.3
2015.0,9.0,9.0,4.0,3.36,16.4
2015.0,9.0,10.0,6.0,3.41,15.2
2015.0,9.0,11.0,0.0,5.07,13.3
2015.0,9.0,12.0,3.0,1.89,10.1
2015.0,9.0,13.0,4.0,4.32,13.8
2015.0,9.0,14.0,4.0,4.33,18.4
2015.0,9.0,15.0,4.0,3.11,21.3
2015.0,9.0,16.0,4.0,6.44,24.8
2015.0,9.0,17.0,4.0,5.23,23.4
2015.0,9.0,18.0,6.0,3.5,16.1
2015.0,9.0,19.0,6.0,3.67,14.4
2015.0,9.0,20.0,4.0,4.16,15.9
2015.0,9.0,21.0,4.0,6.07,17.2
2015.0,9.0,22.0,4.0,4.41,18.8
2015.0,9.0,23.0,1.0,3.73,13.25
2015.0,9.0,24.0,1.0,4.04,11.8
2015.0,9.0,25.0,1.0,4.06,10.5
2015.0,9.0,26.0,1.0,3.3,10.9
2015.0,9.0,27.0,4.0,2.32,12.2
2015.0,9.0,28.0,4.0,2.56,17.8
2015.0,9.0,29.0,0.0,4.21,12.0
2015.0,9.0,30.0,3.0,2.74,7.2
2015.0,10.0,1.0,1.0,3.55,9.1
2015.0,10.0,2.0,1.0,4.14,8.9
2015.0,10.0,3.0,1.0,4.67,9.7
2015.0,10.0,4.0,1.0,2.63,8.1
2015.0,10.0,5.0,4.0,1.42,8.8
2015.0,10.0,6.0,4.0,3.11,13.2
2015.0,10.0,7.0,0.0,3.01,10.3
2015.0,10.0,8.0,2.0,2.18,9.4
2015.0,10.0,9.0,7.0,5.42,10.8
2015.0,10.0,10.0,4.0,5.09,9.15
2015.0,10.0,11.0,4.0,4.56,18.8
2015.0,10.0,12.0,5.0,7.04,15.4
2015.0,10.0,13.0,7.0,8.4,9.5
2015.0,10.0,14.0,6.0,3.97,10.0
2015.0,10.0,15.0,5.0,5.76,10.4
2015.0,10.0,16.0,7.0,8.3,5.4
2015.0,10.0,17.0,0.0,3.32,5.4
2015.0,10.0,18.0,3.0,2.36,3.2
2015.0,10.0,19.0,4.0,4.21,12.6
2015.0,10.0,20.0,1.0,5.71,9.6
2015.0,10.0,21.0,1.0,4.59,8.3
2015.0,10.0,22.0,4.0,3.16,7.5
2015.0,10.0,23.0,2.0,1.94,7.3
2015.0,10.0,24.0,7.0,3.97,9.7
2015.0,10.0,25.0,0.0,3.56,7.7
2015.0,10.0,26.0,3.0,1.27,5.6
2015.0,10.0,27.0,1.0,2.3,7.75
2015.0,10.0,28.0,1.0,3.82,7.9
2015.0,10.0,29.0,7.0,8.08,6.3
2015.0,10.0,30.0,4.0,3.61,6.5
2015.0,10.0,31.0,4.0,3.43,8.0
2016.0,6.0,1.0,1.0,3.05,4.9
2016.0,6.0,2.0,5.0,5.55,12.7
2016.0,6.0,3.0,7.0,0.6,15.9
2016.0,6.0,4.0,1.0,3.85,6.75
2016.0,6.0,5.0,,,
2016.0,6.0,6.0,,,
2016.0,6.0,7.0,6.0,2.87,14.1
2016.0,6.0,8.0,1.0,2.25,12.85
2016.0,6.0,9.0,1.0,1.97,9.5
2016.0,6.0,10.0,1.0,4.71,7.7
2016.0,6.0,11.0,4.0,3.96,21.0
2016.0,6.0,12.0,1.0,3.01,10.5
2016.0,6.0,13.0,1.0,3.59,7.55
2016.0,6.0,14.0,1.0,3.04,6.7
2016.0,6.0,15.0,1.0,6.61,6.8
2016.0,6.0,16.0,7.0,3.12,6.3
2016.0,6.0,17.0,0.0,3.4,10.05
2016.0,6.0,18.0,1.0,1.15,12.5
2016.0,6.0,19.0,0.0,2.5,13.5
2016.0,6.0,20.0,,,
2016.0,6.0,21.0,6.0,6.26,19.1
2016.0,6.0,22.0,1.0,8.0,11.6
2016.0,6.0,23.0,0.0,0.0,18.7
2016.0,6.0,24.0,0.0,0.0,21.15
2016.0,6.0,25.0,0.0,0.0,19.4
2016.0,6.0,26.0,0.0,0.0,20.9
2016.0,6.0,27.0,,,14.05
2016.0,6.0,28.0,,,22.8
2016.0,6.0,29.0,,,18.6
2016.0,6.0,30.0,,,16.2
2016.0,7.0,1.0,,,13.8
2016.0,7.0,2.0,,,18.6
2016.0,7.0,3.0,,,19.4
2016.0,7.0,4.0,,,20.05
2016.0,7.0,5.0,,,20.6
2016.0,7.0,6.0,,,17.5
2016.0,7.0,7.0,,,18.1
2016.0,7.0,8.0,,,15.8
2016.0,7.0,9.0,,,12.6
2016.0,7.0,10.0,,,
2016.0,7.0,11.0,,,
2016.0,7.0,12.0,,,13.0
2016.0,7.0,13.0,,,24.2
2016.0,7.0,14.0,6.0,5.54,18.4
2016.0,7.0,15.0,4.0,2.14,15.1
2016.0,7.0,16.0,0.0,1.11,24.5
2016.0,7.0,17.0,6.0,4.77,20.6
2016.0,7.0,18.0,4.0,1.18,17.0
2016.0,7.0,19.0,,,
2016.0,7.0,20.0,,,
2016.0,7.0,21.0,,,
2016.0,7.0,22.0,4.0,2.71,22.3
2016.0,7.0,23.0,1.0,5.63,18.8
2016.0,7.0,24.0,1.0,3.92,17.2
2016.0,7.0,25.0,5.0,3.9,25.8
2016.0,7.0,26.0,5.0,1.85,28.1
2016.0,7.0,27.0,1.0,4.11,20.1
2016.0,7.0,28.0,1.0,4.38,16.2
2016.0,7.0,29.0,1.0,3.41,16.8
2016.0,7.0,30.0,3.0,2.47,17.2
2016.0,7.0,31.0,1.0,2.67,17.5
2016.0,8.0,1.0,1.0,2.58,20.0
2016.0,8.0,2.0,6.0,2.2,20.3
2016.0,8.0,3.0,3.0,1.39,20.8
2016.0,8.0,4.0,4.0,4.17,24.6
2016.0,8.0,5.0,6.0,5.86,19.9
2016.0,8.0,6.0,6.0,3.27,19.5
2016.0,8.0,7.0,3.0,1.53,16.6
2016.0,8.0,8.0,3.0,1.14,15.55
2016.0,8.0,9.0,5.0,4.42,25.2
2016.0,8.0,10.0,1.0,4.51,19.7
2016.0,8.0,11.0,1.0,3.82,14.3
2016.0,8.0,12.0,1.0,2.41,14.6
2016.0,8.0,13.0,6.0,2.04,16.85
2016.0,8.0,14.0,6.0,2.78,21.55
2016.0,8.0,15.0,0.0,1.2,23.0
2016.0,8.0,16.0,3.0,0.68,20.45
2016.0,8.0,17.0,6.0,3.02,24.0
2016.0,8.0,18.0,3.0,2.03,24.3
2016.0,8.0,19.0,4.0,1.57,20.7
2016.0,8.0,20.0,,,
2016.0,8.0,21.0,6.0,3.51,19.4
2016.0,8.0,22.0,4.0,3.83,16.4
2016.0,8.0,23.0,4.0,4.8,23.45
2016.0,8.0,24.0,4.0,3.52,21.75
2016.0,8.0,25.0,6.0,4.71,20.4
2016.0,8.0,26.0,6.0,3.14,18.2
2016.0,8.0,27.0,3.0,1.78,18.1
2016.0,8.0,28.0,4.0,2.22,16.8
2016.0,8.0,29.0,4.0,2.22,19.25
2016.0,8.0,30.0,7.0,2.76,20.5
2016.0,8.0,31.0,3.0,2.44,19.0
2016.0,9.0,1.0,1.0,3.58,17.7
2016.0,9.0,2.0,3.0,2.68,15.8
2016.0,9.0,3.0,3.0,1.96,16.25
2016.0,9.0,4.0,4.0,4.1,18.6
2016.0,9.0,5.0,4.0,4.24,21.8
2016.0,9.0,6.0,4.0,3.73,21.3
2016.0,9.0,7.0,,,
2016.0,9.0,8.0,,,
2016.0,9.0,9.0,,,
2016.0,9.0,10.0,,,
2016.0,9.0,11.0,4.0,3.21,13.75
2016.0,9.0,12.0,4.0,3.2,21.65
2016.0,9.0,13.0,6.0,6.46,17.2
2016.0,9.0,14.0,7.0,2.62,15.0
2016.0,9.0,15.0,3.0,2.65,11.8
2016.0,9.0,16.0,4.0,1.88,17.9
2016.0,9.0,17.0,5.0,2.05,16.0
2016.0,9.0,18.0,,,
2016.0,9.0,19.0,5.0,2.62,16.8
2016.0,9.0,20.0,3.0,2.41,12.7
2016.0,9.0,21.0,,,
2016.0,9.0,22.0,,,
2016.0,9.0,23.0,,,
2016.0,9.0,24.0,,,
2016.0,9.0,25.0,,,
2016.0,9.0,26.0,,,
2016.0,9.0,27.0,6.0,10.0,11.6
2016.0,9.0,28.0,1.0,6.1,14.5
2016.0,9.0,29.0,0.0,1.75,12.55
2016.0,9.0,30.0,,,
2016.0,10.0,1.0,,,
2016.0,10.0,2.0,1.0,5.35,14.0
2016.0,10.0,3.0,5.0,0.35,13.35
2016.0,10.0,4.0,,,
2016.0,10.0,5.0,,,
2016.0,10.0,6.0,,,
2016.0,10.0,7.0,,,
2016.0,10.0,8.0,,,
2016.0,10.0,9.0,,,
2016.0,10.0,10.0,,,
2016.0,10.0,11.0,,,
2016.0,10.0,12.0,,,
2016.0,10.0,13.0,,,
2016.0,10.0,14.0,,,
2016.0,10.0,15.0,,,
2016.0,10.0,16.0,,,
2016.0,10.0,17.0,,,
2016.0,10.0,18.0,,,
2016.0,10.0,19.0,,,
2016.0,10.0,20.0,,,
2016.0,10.0,21.0,,,
2016.0,10.0,22.0,,,
2016.0,10.0,23.0,,,
2016.0,10.0,24.0,,,
2016.0,10.0,25.0,,,
2016.0,10.0,26.0,,,
2016.0,10.0,27.0,,,
2016.0,10.0,28.0,,,
2016.0,10.0,29.0,,,
2016.0,10.0,30.0,,,
2016.0,10.0,31.0,,,
2017.0,6.0,1.0,4.0,1.56,7.3
2017.0,6.0,2.0,1.0,3.21,12.8
2017.0,6.0,3.0,1.0,3.64,8.0
2017.0,6.0,4.0,0.0,2.79,7.4
2017.0,6.0,5.0,0.0,3.16,7.5
2017.0,6.0,6.0,0.0,2.05,9.7
2017.0,6.0,7.0,,,
2017.0,6.0,8.0,3.0,1.56,12.3
2017.0,6.0,9.0,0.0,2.94,10.1
2017.0,6.0,10.0,1.0,5.09,8.9
2017.0,6.0,11.0,2.0,3.39,14.25
2017.0,6.0,12.0,1.0,1.15,13.25
2017.0,6.0,13.0,1.0,11.17,10.7
2017.0,6.0,14.0,1.0,3.42,9.4
2017.0,6.0,15.0,6.0,1.92,6.8
2017.0,6.0,16.0,5.0,5.4,21.3
2017.0,6.0,17.0,5.0,3.65,19.2
2017.0,6.0,18.0,0.0,6.1,14.95
2017.0,6.0,19.0,,,
2017.0,6.0,20.0,,,
2017.0,6.0,21.0,1.0,6.83,18.65
2017.0,6.0,22.0,0.0,8.9,12.2
2017.0,6.0,23.0,6.0,7.2,16.7
2017.0,6.0,24.0,,,
2017.0,6.0,25.0,6.0,9.3,14.0
2017.0,6.0,26.0,5.0,3.53,16.4
2017.0,6.0,27.0,5.0,4.3,14.0
2017.0,6.0,28.0,1.0,6.8,15.7
2017.0,6.0,29.0,5.0,2.15,13.5
2017.0,6.0,30.0,,,
2017.0,7.0,1.0,1.0,1.4,14.25
2017.0,7.0,2.0,4.0,2.5,13.15
2017.0,7.0,3.0,,,
2017.0,7.0,4.0,3.0,1.84,12.7
2017.0,7.0,5.0,6.0,2.52,16.6
2017.0,7.0,6.0,6.0,3.94,26.9
2017.0,7.0,7.0,0.0,1.57,16.0
2017.0,7.0,8.0,4.0,3.56,14.4
2017.0,7.0,9.0,5.0,1.85,18.7
2017.0,7.0,10.0,1.0,1.6,14.6
2017.0,7.0,11.0,1.0,2.3,21.5
2017.0,7.0,12.0,1.0,10.6,15.7
2017.0,7.0,13.0,0.0,2.23,9.7
2017.0,7.0,14.0,5.0,1.42,10.85
2017.0,7.0,15.0,6.0,3.84,21.0
2017.0,7.0,16.0,1.0,6.8,14.5
2017.0,7.0,17.0,0.0,3.12,15.15
2017.0,7.0,18.0,3.0,2.43,17.4
2017.0,7.0,19.0,1.0,2.45,20.2
2017.0,7.0,20.0,4.0,2.8,27.4
2017.0,7.0,21.0,1.0,6.1,18.0
2017.0,7.0,22.0,0.0,4.9,15.6
2017.0,7.0,23.0,1.0,3.35,14.0
2017.0,7.0,24.0,0.0,2.25,13.1
2017.0,7.0,25.0,4.0,3.21,21.9
2017.0,7.0,26.0,6.0,2.89,21.4
2017.0,7.0,27.0,4.0,1.63,15.4
2017.0,7.0,28.0,0.0,4.4,19.2
2017.0,7.0,29.0,7.0,2.12,22.65
2017.0,7.0,30.0,4.0,1.95,23.9
2017.0,7.0,31.0,3.0,1.2,20.5
2017.0,8.0,1.0,5.0,2.5,28.7
2017.0,8.0,2.0,1.0,8.94,18.3
2017.0,8.0,3.0,1.0,3.77,14.05
2017.0,8.0,4.0,1.0,3.05,14.9
2017.0,8.0,5.0,6.0,3.26,20.6
2017.0,8.0,6.0,0.0,4.32,18.0
2017.0,8.0,7.0,3.0,1.52,12.9
2017.0,8.0,8.0,5.0,3.89,
2017.0,8.0,9.0,1.0,7.92,19.1
2017.0,8.0,10.0,1.0,6.87,16.8
2017.0,8.0,11.0,,,
2017.0,8.0,12.0,6.0,2.45,24.3
2017.0,8.0,13.0,3.0,2.29,20.05
2017.0,8.0,14.0,1.0,6.2,19.7
2017.0,8.0,15.0,1.0,3.72,19.5
2017.0,8.0,16.0,1.0,2.74,18.1
2017.0,8.0,17.0,1.0,4.83,15.85
2017.0,8.0,18.0,6.0,2.0,21.4
2017.0,8.0,19.0,4.0,3.12,24.4
2017.0,8.0,20.0,6.0,3.68,29.9
2017.0,8.0,21.0,1.0,1.98,22.4
2017.0,8.0,22.0,7.0,5.88,16.5
2017.0,8.0,23.0,7.0,1.78,28.0
2017.0,8.0,24.0,3.0,2.44,23.8
2017.0,8.0,25.0,3.0,3.47,25.8
2017.0,8.0,26.0,3.0,1.9,15.65
2017.0,8.0,27.0,6.0,3.31,18.9
2017.0,8.0,28.0,0.0,2.85,23.2
2017.0,8.0,29.0,3.0,1.01,14.7
2017.0,8.0,30.0,1.0,5.34,25.6
2017.0,8.0,31.0,3.0,1.57,11.9
2017.0,9.0,1.0,4.0,2.32,12.9
2017.0,9.0,2.0,4.0,3.94,17.3
2017.0,9.0,3.0,3.0,2.26,15.1
2017.0,9.0,4.0,7.0,6.67,17.5
2017.0,9.0,5.0,7.0,9.27,16.0
2017.0,9.0,6.0,0.0,3.37,17.5
2017.0,9.0,7.0,1.0,0.8,16.95
2017.0,9.0,8.0,3.0,2.21,10.3
2017.0,9.0,9.0,3.0,2.56,17.1
2017.0,9.0,10.0,4.0,2.11,29.7
2017.0,9.0,11.0,5.0,4.09,19.1
2017.0,9.0,12.0,3.0,1.02,11.9
2017.0,9.0,13.0,,,
2017.0,9.0,14.0,3.0,1.55,22.4
2017.0,9.0,15.0,1.0,7.94,16.45
2017.0,9.0,16.0,1.0,7.81,10.7
2017.0,9.0,17.0,4.0,3.4,15.5
2017.0,9.0,18.0,3.0,1.49,11.4
2017.0,9.0,19.0,3.0,1.18,14.7
2017.0,9.0,20.0,3.0,3.83,18.0
2017.0,9.0,21.0,3.0,2.69,24.05
2017.0,9.0,22.0,4.0,4.86,20.7
2017.0,9.0,23.0,0.0,0.67,33.85
2017.0,9.0,24.0,1.0,2.5,19.5
2017.0,9.0,25.0,6.0,3.31,19.65
2017.0,9.0,26.0,1.0,4.53,15.8
2017.0,9.0,27.0,6.0,10.2,13.9
2017.0,9.0,28.0,3.0,2.08,10.6
2017.0,9.0,29.0,,,
2017.0,9.0,30.0,,,
2017.0,10.0,1.0,3.0,2.74,15.7
2017.0,10.0,2.0,3.0,4.05,16.8
2017.0,10.0,3.0,6.0,5.11,17.2
2017.0,10.0,4.0,6.0,5.26,16.3
2017.0,10.0,5.0,,,
2017.0,10.0,6.0,,,
2017.0,10.0,7.0,4.0,2.76,17.35
2017.0,10.0,8.0,3.0,2.95,12.7
2017.0,10.0,9.0,3.0,2.8,14.6
2017.0,10.0,10.0,3.0,1.81,2.3
2017.0,10.0,11.0,3.0,1.51,2.0
2017.0,10.0,12.0,3.0,2.12,13.1
2017.0,10.0,13.0,4.0,6.2,13.7
2017.0,10.0,14.0,2.0,4.33,2.9
2017.0,10.0,15.0,1.0,7.04,10.8
2017.0,10.0,16.0,4.0,2.88,
2017.0,10.0,17.0,3.0,2.65,
2017.0,10.0,18.0,4.0,5.7,
2017.0,10.0,19.0,1.0,2.05,
2017.0,10.0,20.0,4.0,4.48,
2017.0,10.0,21.0,4.0,6.93,
2017.0,10.0,22.0,5.0,4.46,
2017.0,10.0,23.0,6.0,6.5,
2017.0,10.0,24.0,7.0,10.56,
2017.0,10.0,25.0,7.0,4.86,
2017.0,10.0,26.0,3.0,2.66,
2017.0,10.0,27.0,0.0,12.84,
2017.0,10.0,28.0,0.0,10.65,2.7
2017.0,10.0,29.0,4.0,3.97,1.8
2017.0,10.0,30.0,6.0,6.93,3.35
2017.0,10.0,31.0,7.0,10.46,1.6
2018.0,6.0,1.0,,,
2018.0,6.0,2.0,,,
2018.0,6.0,3.0,,,
2018.0,6.0,4.0,,,
2018.0,6.0,5.0,,,
2018.0,6.0,6.0,,,
2018.0,6.0,7.0,,,
2018.0,6.0,8.0,,,
2018.0,6.0,9.0,,,
2018.0,6.0,10.0,,,
2018.0,6.0,11.0,,,
2018.0,6.0,12.0,,,
2018.0,6.0,13.0,,,
2018.0,6.0,14.0,,,
2018.0,6.0,15.0,,,
2018.0,6.0,16.0,,,
2018.0,6.0,17.0,,,
2018.0,6.0,18.0,,,
2018.0,6.0,19.0,,,
2018.0,6.0,20.0,,,
2018.0,6.0,21.0,,,
2018.0,6.0,22.0,,,
2018.0,6.0,23.0,,,
2018.0,6.0,24.0,,,
2018.0,6.0,25.0,,,
2018.0,6.0,26.0,,,
2018.0,6.0,27.0,,,
2018.0,6.0,28.0,,,
2018.0,6.0,29.0,,,
2018.0,6.0,30.0,,,
2018.0,7.0,1.0,,,
2018.0,7.0,2.0,,,
2018.0,7.0,3.0,,,
2018.0,7.0,4.0,,,
2018.0,7.0,5.0,,,
2018.0,7.0,6.0,,,
2018.0,7.0,7.0,,,
2018.0,7.0,8.0,,,
2018.0,7.0,9.0,,,
2018.0,7.0,10.0,,,
2018.0,7.0,11.0,,,
2018.0,7.0,12.0,,,
2018.0,7.0,13.0,,,
2018.0,7.0,14.0,,,
2018.0,7.0,15.0,,,
2018.0,7.0,16.0,,,
2018.0,7.0,17.0,,,
2018.0,7.0,18.0,,,
2018.0,7.0,19.0,,,
2018.0,7.0,20.0,,,
2018.0,7.0,21.0,,,
2018.0,7.0,22.0,,,
2018.0,7.0,23.0,,,
2018.0,7.0,24.0,,,
2018.0,7.0,25.0,,,
2018.0,7.0,26.0,,,
2018.0,7.0,27.0,,,
2018.0,7.0,28.0,,,
2018.0,7.0,29.0,,,
2018.0,7.0,30.0,,,
2018.0,7.0,31.0,,,
2018.0,8.0,1.0,,,
2018.0,8.0,2.0,,,
2018.0,8.0,3.0,,,
2018.0,8.0,4.0,,,
2018.0,8.0,5.0,,,
2018.0,8.0,6.0,,,
2018.0,8.0,7.0,,,
2018.0,8.0,8.0,,,
2018.0,8.0,9.0,,,
2018.0,8.0,10.0,,,
2018.0,8.0,11.0,,,
2018.0,8.0,12.0,,,
2018.0,8.0,13.0,,,
2018.0,8.0,14.0,,,
2018.0,8.0,15.0,,,
2018.0,8.0,16.0,,,
2018.0,8.0,17.0,,,
2018.0,8.0,18.0,,,
2018.0,8.0,19.0,,,
2018.0,8.0,20.0,,,
2018.0,8.0,21.0,,,
2018.0,8.0,22.0,,,
2018.0,8.0,23.0,,,
2018.0,8.0,24.0,,,
2018.0,8.0,25.0,,,
2018.0,8.0,26.0,,,
2018.0,8.0,27.0,,,
2018.0,8.0,28.0,,,
2018.0,8.0,29.0,,,
2018.0,8.0,30.0,,,
2018.0,8.0,31.0,,,
2018.0,9.0,1.0,,,
2018.0,9.0,2.0,,,
2018.0,9.0,3.0,,,
2018.0,9.0,4.0,,,
2018.0,9.0,5.0,,,
2018.0,9.0,6.0,,,
2018.0,9.0,7.0,,,
2018.0,9.0,8.0,,,
2018.0,9.0,9.0,,,
2018.0,9.0,10.0,,,
2018.0,9.0,11.0,,,
2018.0,9.0,12.0,,,
2018.0,9.0,13.0,,,
2018.0,9.0,14.0,,,
2018.0,9.0,15.0,,,
2018.0,9.0,16.0,,,
2018.0,9.0,17.0,,,
2018.0,9.0,18.0,,,
2018.0,9.0,19.0,,,
2018.0,9.0,20.0,,,
2018.0,9.0,21.0,,,
2018.0,9.0,22.0,,,
2018.0,9.0,23.0,,,
2018.0,9.0,24.0,,,
2018.0,9.0,25.0,,,
2018.0,9.0,26.0,,,
2018.0,9.0,27.0,,,
2018.0,9.0,28.0,,,
2018.0,9.0,29.0,,,
2018.0,9.0,30.0,,,
2018.0,10.0,1.0,,,
2018.0,10.0,2.0,,,
2018.0,10.0,3.0,,,
2018.0,10.0,4.0,,,
2018.0,10.0,5.0,,,
2018.0,10.0,6.0,,,
2018.0,10.0,7.0,,,
2018.0,10.0,8.0,,,
2018.0,10.0,9.0,,,
2018.0,10.0,10.0,,,
2018.0,10.0,11.0,,,
2018.0,10.0,12.0,,,
2018.0,10.0,13.0,,,
2018.0,10.0,14.0,,,
2018.0,10.0,15.0,,,
2018.0,10.0,16.0,,,
2018.0,10.0,17.0,,,
2018.0,10.0,18.0,,,
2018.0,10.0,19.0,,,
2018.0,10.0,20.0,,,
2018.0,10.0,21.0,,,
2018.0,10.0,22.0,,,
2018.0,10.0,23.0,,,
2018.0,10.0,24.0,,,
2018.0,10.0,25.0,,,
2018.0,10.0,26.0,,,
2018.0,10.0,27.0,,,
2018.0,10.0,28.0,,,
2018.0,10.0,29.0,,,
2018.0,10.0,30.0,,,
2018.0,10.0,31.0,,,
2019.0,6.0,1.0,,,
2019.0,6.0,2.0,,,
2019.0,6.0,3.0,,,
2019.0,6.0,4.0,,,
2019.0,6.0,5.0,,,
2019.0,6.0,6.0,,,
2019.0,6.0,7.0,,,
2019.0,6.0,8.0,,,
2019.0,6.0,9.0,,,
2019.0,6.0,10.0,,,
2019.0,6.0,11.0,,,
2019.0,6.0,12.0,,,
2019.0,6.0,13.0,,,
2019.0,6.0,14.0,,,
2019.0,6.0,15.0,,,
2019.0,6.0,16.0,,,
2019.0,6.0,17.0,,,
2019.0,6.0,18.0,,,
2019.0,6.0,19.0,,,
2019.0,6.0,20.0,,,
2019.0,6.0,21.0,,,
2019.0,6.0,22.0,,,
2019.0,6.0,23.0,,,
2019.0,6.0,24.0,,,
2019.0,6.0,25.0,,,
2019.0,6.0,26.0,,,
2019.0,6.0,27.0,,,
2019.0,6.0,28.0,,,
2019.0,6.0,29.0,,,
2019.0,6.0,30.0,,,
2019.0,7.0,1.0,,,
2019.0,7.0,2.0,,,
2019.0,7.0,3.0,,,
2019.0,7.0,4.0,,,
2019.0,7.0,5.0,,,
2019.0,7.0,6.0,,,
2019.0,7.0,7.0,,,
2019.0,7.0,8.0,,,
2019.0,7.0,9.0,,,
2019.0,7.0,10.0,,,
2019.0,7.0,11.0,,,
2019.0,7.0,12.0,,,
2019.0,7.0,13.0,,,
2019.0,7.0,14.0,,,
2019.0,7.0,15.0,,,
2019.0,7.0,16.0,,,
2019.0,7.0,17.0,,,
2019.0,7.0,18.0,,,
2019.0,7.0,19.0,,,
2019.0,7.0,20.0,,,
2019.0,7.0,21.0,,,
2019.0,7.0,22.0,,,
2019.0,7.0,23.0,,,
2019.0,7.0,24.0,,,
2019.0,7.0,25.0,,,
2019.0,7.0,26.0,,,
2019.0,7.0,27.0,,,
2019.0,7.0,28.0,,,
2019.0,7.0,29.0,,,
2019.0,7.0,30.0,,,
2019.0,7.0,31.0,,,
2019.0,8.0,1.0,,,
2019.0,8.0,2.0,,,
2019.0,8.0,3.0,,,
2019.0,8.0,4.0,,,
2019.0,8.0,5.0,,,
2019.0,8.0,6.0,,,
2019.0,8.0,7.0,,,
2019.0,8.0,8.0,,,
2019.0,8.0,9.0,,,
2019.0,8.0,10.0,,,
2019.0,8.0,11.0,,,
2019.0,8.0,12.0,,,
2019.0,8.0,13.0,,,
2019.0,8.0,14.0,,,
2019.0,8.0,15.0,,,
2019.0,8.0,16.0,,,
2019.0,8.0,17.0,,,
2019.0,8.0,18.0,,,
2019.0,8.0,19.0,,,
2019.0,8.0,20.0,,,
2019.0,8.0,21.0,,,
2019.0,8.0,22.0,,,
2019.0,8.0,23.0,,,
2019.0,8.0,24.0,,,
2019.0,8.0,25.0,,,
2019.0,8.0,26.0,,,
2019.0,8.0,27.0,,,
2019.0,8.0,28.0,,,
2019.0,8.0,29.0,,,
2019.0,8.0,30.0,,,
2019.0,8.0,31.0,,,
2019.0,9.0,1.0,,,
2019.0,9.0,2.0,,,
2019.0,9.0,3.0,,,
2019.0,9.0,4.0,,,
2019.0,9.0,5.0,,,
2019.0,9.0,6.0,,,
2019.0,9.0,7.0,,,
2019.0,9.0,8.0,,,
2019.0,9.0,9.0,,,
2019.0,9.0,10.0,,,
2019.0,9.0,11.0,,,
2019.0,9.0,12.0,,,
2019.0,9.0,13.0,,,
2019.0,9.0,14.0,,,
2019.0,9.0,15.0,,,
2019.0,9.0,16.0,,,
2019.0,9.0,17.0,,,
2019.0,9.0,18.0,,,
2019.0,9.0,19.0,,,
2019.0,9.0,20.0,,,
2019.0,9.0,21.0,,,
2019.0,9.0,22.0,,,
2019.0,9.0,23.0,,,
2019.0,9.0,24.0,,,
2019.0,9.0,25.0,,,
2019.0,9.0,26.0,,,
2019.0,9.0,27.0,,,
2019.0,9.0,28.0,,,
2019.0,9.0,29.0,,,
2019.0,9.0,30.0,,,
2019.0,10.0,1.0,,,
2019.0,10.0,2.0,,,
2019.0,10.0,3.0,,,
2019.0,10.0,4.0,,,
2019.0,10.0,5.0,,,
2019.0,10.0,6.0,,,
2019.0,10.0,7.0,,,
2019.0,10.0,8.0,,,
2019.0,10.0,9.0,,,
2019.0,10.0,10.0,,,
2019.0,10.0,11.0,,,
2019.0,10.0,12.0,,,
2019.0,10.0,13.0,,,
2019.0,10.0,14.0,,,
2019.0,10.0,15.0,,,
2019.0,10.0,16.0,,,
2019.0,10.0,17.0,,,
2019.0,10.0,18.0,,,
2019.0,10.0,19.0,,,
2019.0,10.0,20.0,,,
2019.0,10.0,21.0,,,
2019.0,10.0,22.0,,,
2019.0,10.0,23.0,,,
2019.0,10.0,24.0,,,
2019.0,10.0,25.0,,,
2019.0,10.0,26.0,,,
2019.0,10.0,27.0,,,
2019.0,10.0,28.0,,,
2019.0,10.0,29.0,,,
2019.0,10.0,30.0,,,
2019.0,10.0,31.0,,,
2020.0,6.0,1.0,1.0,3.23,15.05
2020.0,6.0,2.0,6.0,2.5,13.5
2020.0,6.0,3.0,6.0,2.82,19.6
2020.0,6.0,4.0,3.0,2.81,17.2
2020.0,6.0,5.0,6.0,3.14,18.4
2020.0,6.0,6.0,1.0,4.31,13.6
2020.0,6.0,7.0,1.0,5.9,9.9
2020.0,6.0,8.0,1.0,5.54,7.4
2020.0,6.0,9.0,0.0,4.19,7.9
2020.0,6.0,10.0,6.0,4.47,13.1
2020.0,6.0,11.0,6.0,5.0,13.1
2020.0,6.0,12.0,0.0,3.3,9.7
2020.0,6.0,13.0,1.0,4.89,8.7
2020.0,6.0,14.0,0.0,3.84,8.7
2020.0,6.0,15.0,1.0,3.17,11.8
2020.0,6.0,16.0,1.0,3.02,10.8
2020.0,6.0,17.0,4.0,3.73,21.8
2020.0,6.0,18.0,4.0,2.83,23.2
2020.0,6.0,19.0,6.0,3.48,18.2
2020.0,6.0,20.0,1.0,3.06,14.5
2020.0,6.0,21.0,0.0,2.16,13.75
2020.0,6.0,22.0,6.0,2.29,15.2
2020.0,6.0,23.0,7.0,1.58,16.6
2020.0,6.0,24.0,6.0,2.53,17.0
2020.0,6.0,25.0,3.0,2.01,19.1
2020.0,6.0,26.0,4.0,3.77,23.1
2020.0,6.0,27.0,6.0,2.57,20.7
2020.0,6.0,28.0,1.0,4.46,19.3
2020.0,6.0,29.0,1.0,4.3,14.1
2020.0,6.0,30.0,0.0,3.78,13.2
2020.0,7.0,1.0,1.0,2.38,13.25
2020.0,7.0,2.0,0.0,1.14,17.4
2020.0,7.0,3.0,3.0,2.77,22.0
2020.0,7.0,4.0,1.0,1.83,18.8
2020.0,7.0,5.0,0.0,2.6,20.9
2020.0,7.0,6.0,4.0,2.7,20.3
2020.0,7.0,7.0,4.0,1.62,20.1
2020.0,7.0,8.0,3.0,2.12,21.4
2020.0,7.0,9.0,5.0,4.26,20.8
2020.0,7.0,10.0,6.0,3.58,22.6
2020.0,7.0,11.0,4.0,2.15,19.8
2020.0,7.0,12.0,0.0,1.26,19.7
2020.0,7.0,13.0,3.0,2.05,20.8
2020.0,7.0,14.0,3.0,2.53,20.0
2020.0,7.0,15.0,4.0,3.45,20.3
2020.0,7.0,16.0,4.0,4.63,22.9
2020.0,7.0,17.0,1.0,2.31,22.3
2020.0,7.0,18.0,1.0,2.52,24.0
2020.0,7.0,19.0,6.0,5.68,21.2
2020.0,7.0,20.0,0.0,4.42,18.8
2020.0,7.0,21.0,3.0,2.81,16.5
2020.0,7.0,22.0,0.0,6.2,13.0
2020.0,7.0,23.0,1.0,2.34,13.8
2020.0,7.0,24.0,1.0,2.66,15.9
2020.0,7.0,25.0,4.0,3.53,25.65
2020.0,7.0,26.0,6.0,2.73,22.8
2020.0,7.0,27.0,6.0,4.18,20.8
2020.0,7.0,28.0,5.0,3.4,20.7
2020.0,7.0,29.0,4.0,1.82,18.9
2020.0,7.0,30.0,3.0,1.89,19.3
2020.0,7.0,31.0,3.0,1.54,19.8
2020.0,8.0,1.0,3.0,2.24,21.2
2020.0,8.0,2.0,1.0,7.25,17.6
2020.0,8.0,3.0,3.0,1.42,14.8
2020.0,8.0,4.0,1.0,2.35,16.5
2020.0,8.0,5.0,3.0,2.37,17.1
2020.0,8.0,6.0,3.0,2.35,19.7
2020.0,8.0,7.0,4.0,2.91,21.2
2020.0,8.0,8.0,4.0,3.32,24.1
2020.0,8.0,9.0,4.0,1.97,23.1
2020.0,8.0,10.0,6.0,2.92,19.8
2020.0,8.0,11.0,4.0,4.09,20.1
2020.0,8.0,12.0,4.0,2.32,22.6
2020.0,8.0,13.0,3.0,2.55,19.1
2020.0,8.0,14.0,4.0,4.0,24.0
2020.0,8.0,15.0,6.0,4.89,19.2
2020.0,8.0,16.0,6.0,2.49,18.7
2020.0,8.0,17.0,6.0,2.39,18.2
2020.0,8.0,18.0,3.0,1.81,17.2
2020.0,8.0,19.0,4.0,3.26,19.8
2020.0,8.0,20.0,4.0,4.33,20.2
2020.0,8.0,21.0,1.0,3.99,18.4
2020.0,8.0,22.0,1.0,2.7,16.8
2020.0,8.0,23.0,1.0,2.19,15.4
2020.0,8.0,24.0,6.0,2.27,16.9
2020.0,8.0,25.0,3.0,2.99,19.2
2020.0,8.0,26.0,1.0,3.01,18.3
2020.0,8.0,27.0,0.0,1.61,20.9
2020.0,8.0,28.0,1.0,2.85,18.6
2020.0,8.0,29.0,6.0,4.95,17.9
2020.0,8.0,30.0,3.0,2.24,16.7
2020.0,8.0,31.0,3.0,4.57,17.4
2020.0,9.0,1.0,4.0,3.64,15.8
2020.0,9.0,2.0,5.0,5.24,17.4
2020.0,9.0,3.0,6.0,8.25,17.4
2020.0,9.0,4.0,5.0,4.95,15.4
2020.0,9.0,5.0,6.0,2.74,15.1
2020.0,9.0,6.0,3.0,3.55,16.7
2020.0,9.0,7.0,6.0,7.96,13.6
2020.0,9.0,8.0,0.0,4.77,10.6
2020.0,9.0,9.0,3.0,1.64,8.3
2020.0,9.0,10.0,3.0,2.34,7.1
2020.0,9.0,11.0,3.0,2.56,10.6
2020.0,9.0,12.0,0.0,1.32,13.4
2020.0,9.0,13.0,6.0,3.05,14.8
2020.0,9.0,14.0,3.0,2.64,11.9
2020.0,9.0,15.0,5.0,4.28,18.3
2020.0,9.0,16.0,6.0,2.87,14.9
2020.0,9.0,17.0,0.0,3.46,10.4
2020.0,9.0,18.0,3.0,1.82,6.5
2020.0,9.0,19.0,4.0,3.36,9.7
2020.0,9.0,20.0,4.0,3.56,16.0
2020.0,9.0,21.0,4.0,7.07,18.0
2020.0,9.0,22.0,4.0,2.16,17.8
2020.0,9.0,23.0,4.0,1.27,15.8
2020.0,9.0,24.0,1.0,5.26,12.8
2020.0,9.0,25.0,1.0,4.12,9.4
2020.0,9.0,26.0,1.0,1.23,12.0
2020.0,9.0,27.0,5.0,3.85,13.6
2020.0,9.0,28.0,6.0,3.87,11.0
2020.0,9.0,29.0,6.0,4.03,11.2
2020.0,9.0,30.0,6.0,4.94,10.6
2020.0,10.0,1.0,0.0,5.63,9.3
2020.0,10.0,2.0,0.0,4.4,5.6
2020.0,10.0,3.0,3.0,1.86,3.8
2020.0,10.0,4.0,3.0,1.55,2.0
2020.0,10.0,5.0,4.0,6.73,10.0
2020.0,10.0,6.0,4.0,4.02,14.7
2020.0,10.0,7.0,6.0,4.26,12.7
2020.0,10.0,8.0,6.0,2.56,11.2
2020.0,10.0,9.0,5.0,3.27,14.0
2020.0,10.0,10.0,7.0,5.67,11.4
2020.0,10.0,11.0,2.0,2.58,7.0
2020.0,10.0,12.0,6.0,4.83,14.4
2020.0,10.0,13.0,4.0,5.16,11.9
2020.0,10.0,14.0,4.0,2.59,8.4
2020.0,10.0,15.0,7.0,8.57,5.6
2020.0,10.0,16.0,6.0,5.43,3.9
2020.0,10.0,17.0,4.0,2.55,1.3
2020.0,10.0,18.0,6.0,5.84,1.5
2020.0,10.0,19.0,5.0,4.04,1.3
2020.0,10.0,20.0,3.0,1.44,0.0
2020.0,10.0,21.0,5.0,3.73,0.9
2020.0,10.0,22.0,1.0,4.95,3.0
2020.0,10.0,23.0,0.0,8.71,2.8
2020.0,10.0,24.0,6.0,7.12,0.1
2020.0,10.0,25.0,7.0,3.69,-0.6
2020.0,10.0,26.0,7.0,5.92,-1.1
2020.0,10.0,27.0,4.0,3.87,-1.6
2020.0,10.0,28.0,4.0,4.96,1.9
2020.0,10.0,29.0,0.0,5.36,-0.7
2020.0,10.0,30.0,3.0,1.48,-1.1
2020.0,10.0,31.0,,,
2021.0,6.0,1.0,1.0,1.8,12.0
2021.0,6.0,2.0,0.0,2.7,12.0
2021.0,6.0,3.0,4.0,1.97,13.4
2021.0,6.0,4.0,0.0,1.49,11.7
2021.0,6.0,5.0,4.0,4.94,25.9
2021.0,6.0,6.0,1.0,3.94,31.1
2021.0,6.0,7.0,4.0,3.49,21.8
2021.0,6.0,8.0,1.0,3.41,16.5
2021.0,6.0,9.0,1.0,5.52,12.3
2021.0,6.0,10.0,7.0,2.87,11.1
2021.0,6.0,11.0,1.0,7.55,7.9
2021.0,6.0,12.0,6.0,3.96,11.6
2021.0,6.0,13.0,3.0,3.44,17.3
2021.0,6.0,14.0,4.0,2.99,16.15
2021.0,6.0,15.0,0.0,3.11,14.4
2021.0,6.0,16.0,1.0,2.79,13.9
2021.0,6.0,17.0,6.0,2.89,16.2
2021.0,6.0,18.0,5.0,4.47,21.75
2021.0,6.0,19.0,0.0,2.7,15.2
2021.0,6.0,20.0,2.0,1.32,13.7
2021.0,6.0,21.0,7.0,5.69,13.7
2021.0,6.0,22.0,6.0,3.08,14.1
2021.0,6.0,23.0,4.0,5.47,18.75
2021.0,6.0,24.0,0.0,3.29,21.75
2021.0,6.0,25.0,0.0,2.9,18.1
2021.0,6.0,26.0,1.0,2.6,16.15
2021.0,6.0,27.0,4.0,1.76,16.4
2021.0,6.0,28.0,1.0,1.71,17.15
2021.0,6.0,29.0,7.0,1.84,19.0
2021.0,6.0,30.0,4.0,2.68,21.6
2021.0,7.0,1.0,1.0,6.15,15.4
2021.0,7.0,2.0,3.0,2.0,13.15
2021.0,7.0,3.0,4.0,3.61,24.95
2021.0,7.0,4.0,4.0,4.44,24.95
2021.0,7.0,5.0,6.0,3.61,27.0
2021.0,7.0,6.0,1.0,2.81,18.85
2021.0,7.0,7.0,1.0,4.77,12.6
2021.0,7.0,8.0,3.0,2.58,9.4
2021.0,7.0,9.0,0.0,1.68,14.6
2021.0,7.0,10.0,0.0,1.39,17.45
2021.0,7.0,11.0,3.0,2.01,19.5
2021.0,7.0,12.0,1.0,2.21,18.35
2021.0,7.0,13.0,3.0,2.49,20.75
2021.0,7.0,14.0,1.0,3.52,19.4
2021.0,7.0,15.0,1.0,2.51,17.0
2021.0,7.0,16.0,3.0,1.91,19.7
2021.0,7.0,17.0,0.0,1.52,18.9
2021.0,7.0,18.0,4.0,1.48,20.7
2021.0,7.0,19.0,4.0,2.73,24.3
2021.0,7.0,20.0,1.0,3.08,19.6
2021.0,7.0,21.0,1.0,2.79,16.3
2021.0,7.0,22.0,1.0,3.13,17.8
2021.0,7.0,23.0,1.0,3.97,16.8
2021.0,7.0,24.0,6.0,3.65,20.4
2021.0,7.0,25.0,6.0,3.82,22.7
2021.0,7.0,26.0,3.0,2.63,22.2
2021.0,7.0,27.0,1.0,4.26,19.9
2021.0,7.0,28.0,1.0,2.08,20.1
2021.0,7.0,29.0,4.0,1.82,20.5
2021.0,7.0,30.0,3.0,1.91,19.3
2021.0,7.0,31.0,6.0,3.29,21.5
2021.0,8.0,1.0,0.0,4.27,20.1
2021.0,8.0,2.0,3.0,1.89,18.3
2021.0,8.0,3.0,4.0,2.87,21.3
2021.0,8.0,4.0,4.0,3.25,24.1
2021.0,8.0,5.0,4.0,4.24,22.2
2021.0,8.0,6.0,4.0,3.18,21.2
2021.0,8.0,7.0,1.0,3.92,18.7
2021.0,8.0,8.0,1.0,4.44,12.6
2021.0,8.0,9.0,0.0,2.11,17.2
2021.0,8.0,10.0,1.0,2.15,18.4
2021.0,8.0,11.0,4.0,4.05,21.8
2021.0,8.0,12.0,6.0,4.86,21.6
2021.0,8.0,13.0,6.0,3.25,17.5
2021.0,8.0,14.0,4.0,2.23,17.9
2021.0,8.0,15.0,4.0,5.19,24.1
2021.0,8.0,16.0,4.0,5.37,23.8
2021.0,8.0,17.0,4.0,5.33,23.0
2021.0,8.0,18.0,4.0,3.62,24.8
2021.0,8.0,19.0,4.0,2.68,24.7
2021.0,8.0,20.0,4.0,3.64,26.6
2021.0,8.0,21.0,6.0,6.22,21.7
2021.0,8.0,22.0,3.0,3.12,17.4
2021.0,8.0,23.0,6.0,3.83,20.6
2021.0,8.0,24.0,1.0,3.92,18.0
2021.0,8.0,25.0,6.0,2.99,18.5
2021.0,8.0,26.0,1.0,3.03,18.3
2021.0,8.0,27.0,1.0,3.65,12.5
2021.0,8.0,28.0,1.0,4.02,12.4
2021.0,8.0,29.0,6.0,4.4,19.4
2021.0,8.0,30.0,6.0,3.09,18.3
2021.0,8.0,31.0,1.0,3.75,17.8
2021.0,9.0,1.0,1.0,3.23,15.9
2021.0,9.0,2.0,3.0,2.02,15.2
2021.0,9.0,3.0,3.0,2.13,17.6
2021.0,9.0,4.0,5.0,2.29,15.8
2021.0,9.0,5.0,6.0,4.34,16.7
2021.0,9.0,6.0,0.0,2.53,16.6
2021.0,9.0,7.0,6.0,4.65,18.6
2021.0,9.0,8.0,6.0,4.92,16.8
2021.0,9.0,9.0,4.0,2.23,15.6
2021.0,9.0,10.0,3.0,2.05,15.5
2021.0,9.0,11.0,4.0,3.57,19.5
2021.0,9.0,12.0,7.0,3.5,17.6
2021.0,9.0,13.0,1.0,3.24,13.9
2021.0,9.0,14.0,6.0,4.74,16.2
2021.0,9.0,15.0,4.0,2.44,15.0
2021.0,9.0,16.0,4.0,6.17,20.3
2021.0,9.0,17.0,6.0,5.42,18.8
2021.0,9.0,18.0,3.0,2.74,14.0
2021.0,9.0,19.0,4.0,5.27,21.3
2021.0,9.0,20.0,4.0,5.66,23.9
2021.0,9.0,21.0,7.0,6.88,15.3
2021.0,9.0,22.0,3.0,2.17,14.6
2021.0,9.0,23.0,3.0,1.62,13.0
2021.0,9.0,24.0,4.0,2.68,11.7
2021.0,9.0,25.0,5.0,4.82,12.4
2021.0,9.0,26.0,4.0,3.42,15.6
2021.0,9.0,27.0,1.0,4.03,14.6
2021.0,9.0,28.0,3.0,2.53,11.4
2021.0,9.0,29.0,3.0,3.25,12.2
2021.0,9.0,30.0,0.0,2.13,11.6
2021.0,10.0,1.0,7.0,0.65,12.8
2021.0,10.0,2.0,3.0,1.42,16.3
2021.0,10.0,3.0,1.0,4.1,14.6
2021.0,10.0,4.0,0.0,1.58,14.6
2021.0,10.0,5.0,3.0,1.57,12.8
2021.0,10.0,6.0,1.0,2.19,14.4
2021.0,10.0,7.0,1.0,3.65,14.3
2021.0,10.0,8.0,1.0,2.67,14.1
2021.0,10.0,9.0,1.0,3.42,14.6
2021.0,10.0,10.0,3.0,2.98,17.9
2021.0,10.0,11.0,5.0,3.35,14.2
2021.0,10.0,12.0,6.0,1.61,14.9
2021.0,10.0,13.0,2.0,2.26,15.0
2021.0,10.0,14.0,5.0,5.09,12.1
2021.0,10.0,15.0,5.0,4.17,9.9
2021.0,10.0,16.0,6.0,5.39,9.1
2021.0,10.0,17.0,4.0,3.62,11.3
2021.0,10.0,18.0,3.0,2.91,9.1
2021.0,10.0,19.0,4.0,1.56,13.0
2021.0,10.0,20.0,1.0,6.63,9.9
2021.0,10.0,21.0,1.0,5.94,6.2
2021.0,10.0,22.0,0.0,3.11,5.0
2021.0,10.0,23.0,4.0,2.12,5.1
2021.0,10.0,24.0,1.0,4.26,7.15
2021.0,10.0,25.0,1.0,4.22,6.6
2021.0,10.0,26.0,2.0,2.13,5.3
2021.0,10.0,27.0,2.0,2.32,5.9
2021.0,10.0,28.0,1.0,2.37,9.7
2021.0,10.0,29.0,0.0,4.72,10.2
2021.0,10.0,30.0,3.0,1.71,5.1
2021.0,10.0,31.0,7.0,8.46,6.9
2022.0,6.0,1.0,6.0,5.35,11.6
2022.0,6.0,2.0,4.0,4.48,15.0
2022.0,6.0,3.0,6.0,4.94,12.4
2022.0,6.0,4.0,6.0,2.71,12.9
2022.0,6.0,5.0,0.0,3.23,7.5
2022.0,6.0,6.0,1.0,4.47,7.9
2022.0,6.0,7.0,1.0,2.27,8.3
2022.0,6.0,8.0,6.0,2.32,11.1
2022.0,6.0,9.0,6.0,2.34,13.7
2022.0,6.0,10.0,6.0,2.37,16.0
2022.0,6.0,11.0,4.0,3.77,14.5
2022.0,6.0,12.0,1.0,4.94,7.1
2022.0,6.0,13.0,1.0,5.63,5.8
2022.0,6.0,14.0,1.0,7.52,5.6
2022.0,6.0,15.0,4.0,1.65,8.9
2022.0,6.0,16.0,6.0,6.59,17.7
2022.0,6.0,17.0,6.0,4.24,17.2
2022.0,6.0,18.0,1.0,3.81,8.6
2022.0,6.0,19.0,1.0,4.23,7.2
2022.0,6.0,20.0,7.0,2.29,8.4
2022.0,6.0,21.0,6.0,5.43,24.4
2022.0,6.0,22.0,6.0,5.01,19.5
2022.0,6.0,23.0,4.0,3.83,23.4
2022.0,6.0,24.0,4.0,3.42,22.3
2022.0,6.0,25.0,1.0,4.11,15.65
2022.0,6.0,26.0,6.0,6.66,15.3
2022.0,6.0,27.0,4.0,2.27,13.1
2022.0,6.0,28.0,4.0,3.52,19.3
2022.0,6.0,29.0,3.0,2.43,12.3
2022.0,6.0,30.0,6.0,4.55,16.1
2022.0,7.0,1.0,6.0,3.97,16.3
2022.0,7.0,2.0,6.0,2.69,17.2
2022.0,7.0,3.0,3.0,2.45,13.2
2022.0,7.0,4.0,1.0,4.42,9.8
2022.0,7.0,5.0,0.0,3.09,8.4
2022.0,7.0,6.0,1.0,6.07,8.65
2022.0,7.0,7.0,1.0,2.16,10.0
2022.0,7.0,8.0,1.0,7.14,9.8
2022.0,7.0,9.0,1.0,2.59,9.8
2022.0,7.0,10.0,0.0,2.3,12.25
2022.0,7.0,11.0,4.0,3.64,19.7
2022.0,7.0,12.0,6.0,4.32,17.3
2022.0,7.0,13.0,0.0,2.69,11.2
2022.0,7.0,14.0,1.0,3.84,13.3
2022.0,7.0,15.0,1.0,2.52,12.5
2022.0,7.0,16.0,6.0,1.38,15.4
2022.0,7.0,17.0,0.0,1.61,14.9
2022.0,7.0,18.0,1.0,2.06,17.8
2022.0,7.0,19.0,4.0,3.86,26.1
2022.0,7.0,20.0,6.0,3.62,18.4
2022.0,7.0,21.0,6.0,5.27,21.7
2022.0,7.0,22.0,5.0,4.24,22.1
2022.0,7.0,23.0,3.0,2.19,19.4
2022.0,7.0,24.0,6.0,4.24,18.5
2022.0,7.0,25.0,6.0,3.72,17.3
2022.0,7.0,26.0,4.0,3.7,19.9
2022.0,7.0,27.0,4.0,3.15,18.0
2022.0,7.0,28.0,6.0,5.05,16.9
2022.0,7.0,29.0,6.0,3.29,17.2
2022.0,7.0,30.0,3.0,2.12,19.5
2022.0,7.0,31.0,4.0,5.01,25.3
2022.0,8.0,1.0,6.0,4.24,19.0
2022.0,8.0,2.0,3.0,3.26,17.4
2022.0,8.0,3.0,6.0,4.27,21.0
2022.0,8.0,4.0,4.0,1.96,17.8
2022.0,8.0,5.0,3.0,2.81,19.2
2022.0,8.0,6.0,4.0,3.02,22.5
2022.0,8.0,7.0,1.0,5.0,16.5
2022.0,8.0,8.0,6.0,2.74,10.7
2022.0,8.0,9.0,3.0,3.17,18.1
2022.0,8.0,10.0,6.0,2.55,21.3
2022.0,8.0,11.0,1.0,2.97,16.6
2022.0,8.0,12.0,3.0,1.92,16.1
2022.0,8.0,13.0,1.0,2.81,15.9
2022.0,8.0,14.0,1.0,2.51,14.0
2022.0,8.0,15.0,1.0,3.27,14.4
2022.0,8.0,16.0,1.0,3.07,14.1
2022.0,8.0,17.0,6.0,2.09,16.75
2022.0,8.0,18.0,4.0,2.3,19.9
2022.0,8.0,19.0,3.0,2.81,19.4
2022.0,8.0,20.0,1.0,4.66,16.8
2022.0,8.0,21.0,4.0,1.67,15.1
2022.0,8.0,22.0,3.0,1.69,18.9
2022.0,8.0,23.0,6.0,1.87,19.7
2022.0,8.0,24.0,1.0,3.91,18.9
2022.0,8.0,25.0,1.0,4.3,15.6
2022.0,8.0,26.0,6.0,2.24,15.3
2022.0,8.0,27.0,4.0,3.64,19.6
2022.0,8.0,28.0,4.0,5.5,22.3
2022.0,8.0,29.0,6.0,4.04,20.8
2022.0,8.0,30.0,6.0,6.46,19.3
2022.0,8.0,31.0,6.0,3.57,20.7
2022.0,9.0,1.0,3.0,1.54,20.0
2022.0,9.0,2.0,4.0,4.94,23.7
2022.0,9.0,3.0,1.0,6.56,17.7
2022.0,9.0,4.0,1.0,3.87,12.1
2022.0,9.0,5.0,1.0,3.18,10.9
2022.0,9.0,6.0,1.0,2.1,11.2
2022.0,9.0,7.0,4.0,1.88,15.1
2022.0,9.0,8.0,4.0,3.71,18.0
2022.0,9.0,9.0,1.0,4.05,16.9
2022.0,9.0,10.0,4.0,1.39,14.4
2022.0,9.0,11.0,3.0,1.56,13.1
2022.0,9.0,12.0,3.0,1.58,12.9
2022.0,9.0,13.0,3.0,2.39,14.7
2022.0,9.0,14.0,1.0,3.58,15.6
2022.0,9.0,15.0,1.0,2.86,13.2
2022.0,9.0,16.0,1.0,5.16,10.6
2022.0,9.0,17.0,1.0,1.95,13.8
2022.0,9.0,18.0,6.0,3.27,16.3
2022.0,9.0,19.0,4.0,3.02,16.1
2022.0,9.0,20.0,3.0,1.51,18.1
2022.0,9.0,21.0,6.0,7.03,15.4
2022.0,9.0,22.0,7.0,5.05,12.1
2022.0,9.0,23.0,3.0,2.75,10.2
2022.0,9.0,24.0,3.0,1.98,11.6
2022.0,9.0,25.0,6.0,4.54,12.6
2022.0,9.0,26.0,7.0,8.65,12.1
2022.0,9.0,27.0,0.0,6.32,9.6
2022.0,9.0,28.0,3.0,2.23,4.5
2022.0,9.0,29.0,4.0,3.58,8.5
2022.0,9.0,30.0,4.0,3.29,13.0
2022.0,10.0,1.0,1.0,4.42,12.3
2022.0,10.0,2.0,1.0,3.62,11.6
2022.0,10.0,3.0,4.0,1.78,11.9
2022.0,10.0,4.0,4.0,2.09,15.8
2022.0,10.0,5.0,4.0,2.31,15.1
2022.0,10.0,6.0,0.0,7.57,11.8
2022.0,10.0,7.0,0.0,6.16,5.3
2022.0,10.0,8.0,4.0,4.57,3.5
2022.0,10.0,9.0,3.0,3.3,10.3
2022.0,10.0,10.0,3.0,2.46,5.2
2022.0,10.0,11.0,4.0,4.13,13.1
2022.0,10.0,12.0,6.0,6.77,12.7
2022.0,10.0,13.0,6.0,7.39,6.6
2022.0,10.0,14.0,4.0,3.83,2.0
2022.0,10.0,15.0,4.0,4.41,1.4
2022.0,10.0,16.0,7.0,9.51,6.7
2022.0,10.0,17.0,0.0,10.83,2.2
2022.0,10.0,18.0,0.0,6.79,0.6
2022.0,10.0,19.0,0.0,5.45,2.9
2022.0,10.0,20.0,6.0,2.79,6.65
2022.0,10.0,21.0,4.0,4.11,12.4
2022.0,10.0,22.0,3.0,3.5,8.5
2022.0,10.0,23.0,1.0,4.02,9.9
2022.0,10.0,24.0,4.0,6.16,19.6
2022.0,10.0,25.0,5.0,4.76,6.9
2022.0,10.0,26.0,7.0,6.43,5.4
2022.0,10.0,27.0,3.0,1.36,1.5
2022.0,10.0,28.0,4.0,5.55,10.4
2022.0,10.0,29.0,4.0,4.43,12.1
2022.0,10.0,30.0,4.0,2.87,11.9
2022.0,10.0,31.0,3.0,2.12,5.0
2023.0,6.0,1.0,0.0,1.65,7.4
2023.0,6.0,2.0,0.0,3.25,6.5
2023.0,6.0,3.0,7.0,1.78,6.7
2023.0,6.0,4.0,0.0,0.99,9.1
2023.0,6.0,5.0,1.0,4.35,8.1
2023.0,6.0,6.0,1.0,6.31,6.4
2023.0,6.0,7.0,1.0,5.77,6.6
2023.0,6.0,8.0,1.0,2.95,6.9
2023.0,6.0,9.0,6.0,1.69,9.1
2023.0,6.0,10.0,1.0,3.72,11.8
2023.0,6.0,11.0,0.0,2.85,6.5
2023.0,6.0,12.0,0.0,2.18,8.6
2023.0,6.0,13.0,4.0,1.37,13.65
2023.0,6.0,14.0,0.0,1.48,12.5
2023.0,6.0,15.0,1.0,4.2,9.4
2023.0,6.0,16.0,0.0,2.47,8.4
2023.0,6.0,17.0,0.0,1.81,9.7
2023.0,6.0,18.0,1.0,3.82,8.0
2023.0,6.0,19.0,1.0,3.31,7.7
2023.0,6.0,20.0,1.0,4.16,8.0
2023.0,6.0,21.0,1.0,2.53,9.0
2023.0,6.0,22.0,0.0,1.15,10.6
2023.0,6.0,23.0,0.0,2.19,14.3
2023.0,6.0,24.0,1.0,4.17,12.7
2023.0,6.0,25.0,1.0,5.55,8.1
2023.0,6.0,26.0,6.0,1.4,12.8
2023.0,6.0,27.0,1.0,2.67,12.6
2023.0,6.0,28.0,1.0,3.7,9.85
2023.0,6.0,29.0,1.0,2.72,15.7
2023.0,6.0,30.0,6.0,2.79,18.7
2023.0,7.0,1.0,4.0,2.74,18.4
2023.0,7.0,2.0,1.0,2.35,13.8
2023.0,7.0,3.0,1.0,2.5,16.6
2023.0,7.0,4.0,3.0,1.33,17.2
2023.0,7.0,5.0,6.0,3.11,18.1
2023.0,7.0,6.0,7.0,2.07,15.2
2023.0,7.0,7.0,5.0,2.68,19.3
2023.0,7.0,8.0,1.0,4.03,17.7
2023.0,7.0,9.0,4.0,3.84,17.5
2023.0,7.0,10.0,6.0,3.4,19.0
2023.0,7.0,11.0,6.0,4.28,16.7
2023.0,7.0,12.0,4.0,2.1,16.9
2023.0,7.0,13.0,1.0,1.59,17.4
2023.0,7.0,14.0,4.0,2.24,20.4
2023.0,7.0,15.0,6.0,3.01,19.2
2023.0,7.0,16.0,6.0,3.88,17.6
2023.0,7.0,17.0,6.0,4.9,16.7
2023.0,7.0,18.0,7.0,2.8,16.7
2023.0,7.0,19.0,1.0,3.17,15.7
2023.0,7.0,20.0,6.0,2.38,13.7
2023.0,7.0,21.0,4.0,2.35,17.9
2023.0,7.0,22.0,6.0,2.41,19.3
2023.0,7.0,23.0,6.0,2.53,19.5
2023.0,7.0,24.0,0.0,2.26,18.0
2023.0,7.0,25.0,1.0,2.14,16.9
2023.0,7.0,26.0,1.0,3.24,18.1
2023.0,7.0,27.0,1.0,2.55,16.9
2023.0,7.0,28.0,1.0,3.68,15.7
2023.0,7.0,29.0,6.0,2.3,14.1
2023.0,7.0,30.0,6.0,2.68,17.7
2023.0,7.0,31.0,6.0,1.82,17.9
2023.0,8.0,1.0,3.0,2.16,19.2
2023.0,8.0,2.0,6.0,1.93,19.1
2023.0,8.0,3.0,4.0,1.87,22.4
2023.0,8.0,4.0,1.0,4.59,19.6
2023.0,8.0,5.0,1.0,3.9,15.1
2023.0,8.0,6.0,1.0,1.85,13.6
2023.0,8.0,7.0,6.0,2.45,17.2
2023.0,8.0,8.0,6.0,2.6,20.1
2023.0,8.0,9.0,4.0,2.57,18.8
2023.0,8.0,10.0,7.0,2.74,18.8
2023.0,8.0,11.0,1.0,3.27,17.3
2023.0,8.0,12.0,1.0,3.73,17.1
2023.0,8.0,13.0,1.0,3.43,17.0
2023.0,8.0,14.0,1.0,4.11,16.0
2023.0,8.0,15.0,3.0,3.02,15.5
2023.0,8.0,16.0,4.0,5.96,24.2
2023.0,8.0,17.0,6.0,6.63,18.8
2023.0,8.0,18.0,4.0,2.92,18.9
2023.0,8.0,19.0,4.0,3.23,21.0
2023.0,8.0,20.0,6.0,2.56,21.9
2023.0,8.0,21.0,1.0,3.77,18.4
2023.0,8.0,22.0,1.0,4.49,16.1
2023.0,8.0,23.0,1.0,5.21,10.7
2023.0,8.0,24.0,1.0,3.17,14.9
2023.0,8.0,25.0,6.0,2.37,18.2
2023.0,8.0,26.0,1.0,6.15,16.5
2023.0,8.0,27.0,3.0,2.26,13.3
2023.0,8.0,28.0,3.0,1.51,16.3
2023.0,8.0,29.0,4.0,2.87,17.3
2023.0,8.0,30.0,3.0,1.52,15.4
2023.0,8.0,31.0,3.0,2.06,16.5
2023.0,9.0,1.0,4.0,5.45,21.2
2023.0,9.0,2.0,4.0,3.02,24.4
2023.0,9.0,3.0,4.0,2.89,25.6
2023.0,9.0,4.0,1.0,3.24,21.2
2023.0,9.0,5.0,4.0,4.09,25.5
2023.0,9.0,6.0,0.0,5.49,18.6
2023.0,9.0,7.0,1.0,5.32,13.6
2023.0,9.0,8.0,3.0,2.03,13.1
2023.0,9.0,9.0,3.0,2.56,13.8
2023.0,9.0,10.0,0.0,1.98,15.6
2023.0,9.0,11.0,3.0,1.94,15.4
2023.0,9.0,12.0,2.0,3.67,12.9
2023.0,9.0,13.0,3.0,2.36,10.9
2023.0,9.0,14.0,3.0,3.12,11.0
2023.0,9.0,15.0,4.0,3.77,16.9
2023.0,9.0,16.0,4.0,2.25,15.1
2023.0,9.0,17.0,3.0,2.38,13.1
2023.0,9.0,18.0,3.0,1.88,13.3
2023.0,9.0,19.0,1.0,3.22,14.3
2023.0,9.0,20.0,1.0,2.75,18.2
2023.0,9.0,21.0,4.0,1.58,17.2
2023.0,9.0,22.0,1.0,3.73,16.9
2023.0,9.0,23.0,2.0,3.01,16.9
2023.0,9.0,24.0,1.0,2.7,16.5
2023.0,9.0,25.0,1.0,3.08,16.3
2023.0,9.0,26.0,1.0,5.92,16.5
2023.0,9.0,27.0,1.0,2.73,16.4
2023.0,9.0,28.0,3.0,1.62,16.9
2023.0,9.0,29.0,3.0,2.52,16.6
2023.0,9.0,30.0,1.0,3.16,16.7
2023.0,10.0,1.0,1.0,5.17,16.3
2023.0,10.0,2.0,5.0,1.75,19.4
2023.0,10.0,3.0,4.0,5.49,24.0
2023.0,10.0,4.0,5.0,5.91,20.3
2023.0,10.0,5.0,5.0,4.59,13.6
2023.0,10.0,6.0,7.0,8.89,11.3
2023.0,10.0,7.0,7.0,5.83,9.2
2023.0,10.0,8.0,4.0,2.03,8.3
2023.0,10.0,9.0,7.0,8.14,8.7
2023.0,10.0,10.0,7.0,5.27,9.3
2023.0,10.0,11.0,0.0,2.51,9.9
2023.0,10.0,12.0,3.0,2.87,6.5
2023.0,10.0,13.0,1.0,5.55,9.5
2023.0,10.0,14.0,1.0,6.07,9.3
2023.0,10.0,15.0,0.0,5.94,9.8
2023.0,10.0,16.0,1.0,3.93,8.9
2023.0,10.0,17.0,3.0,1.66,3.5
2023.0,10.0,18.0,1.0,2.03,11.0
2023.0,10.0,19.0,0.0,2.45,10.3
2023.0,10.0,20.0,0.0,3.42,10.4
2023.0,10.0,21.0,3.0,2.02,7.9
2023.0,10.0,22.0,3.0,1.47,7.3
2023.0,10.0,23.0,4.0,2.72,10.0
2023.0,10.0,24.0,4.0,2.22,11.8
2023.0,10.0,25.0,1.0,3.61,10.1
2023.0,10.0,26.0,1.0,4.95,9.2
2023.0,10.0,27.0,1.0,7.11,7.6
2023.0,10.0,28.0,6.0,6.91,1.2
2023.0,10.0,29.0,5.0,5.0,0.5
2023.0,10.0,30.0,6.0,7.02,-0.4
2023.0,10.0,31.0,0.0,7.62,1.0
