YY,MM,DD,WDIR,WSPD,ATMP
2012.0,6.0,1.0,4.0,2.22,10.4
2012.0,6.0,2.0,4.0,3.12,15.4
2012.0,6.0,3.0,4.0,1.98,18.3
2012.0,6.0,4.0,1.0,1.85,15.8
2012.0,6.0,5.0,4.0,1.86,13.7
2012.0,6.0,6.0,4.0,1.74,14.7
2012.0,6.0,7.0,4.0,1.54,16.8
2012.0,6.0,8.0,4.0,3.24,19.1
2012.0,6.0,9.0,1.0,1.82,19.9
2012.0,6.0,10.0,4.0,3.61,24.4
2012.0,6.0,11.0,4.0,4.21,24.3
2012.0,6.0,12.0,6.0,4.55,13.55
2012.0,6.0,13.0,4.0,3.31,16.0
2012.0,6.0,14.0,4.0,2.63,17.4
2012.0,6.0,15.0,4.0,2.11,19.9
2012.0,6.0,16.0,4.0,1.38,16.8
2012.0,6.0,17.0,5.0,3.79,17.6
2012.0,6.0,18.0,4.0,3.09,21.45
2012.0,6.0,19.0,4.0,2.75,17.7
2012.0,6.0,20.0,4.0,3.45,19.2
2012.0,6.0,21.0,5.0,3.7,19.2
2012.0,6.0,22.0,4.0,2.5,19.6
2012.0,6.0,23.0,4.0,2.63,18.8
2012.0,6.0,24.0,1.0,3.49,17.1
2012.0,6.0,25.0,4.0,2.0,15.5
2012.0,6.0,26.0,4.0,2.18,19.0
2012.0,6.0,27.0,4.0,2.47,22.1
2012.0,6.0,28.0,6.0,1.97,21.1
2012.0,6.0,29.0,5.0,3.63,23.4
2012.0,6.0,30.0,4.0,1.99,22.6
2012.0,7.0,1.0,4.0,2.07,22.1
2012.0,7.0,2.0,4.0,1.53,23.3
2012.0,7.0,3.0,4.0,2.6,24.1
2012.0,7.0,4.0,4.0,2.4,23.65
2012.0,7.0,5.0,4.0,1.96,24.7
2012.0,7.0,6.0,4.0,3.64,20.3
2012.0,7.0,7.0,1.0,2.2,18.5
2012.0,7.0,8.0,4.0,2.19,21.2
2012.0,7.0,9.0,4.0,1.51,20.5
2012.0,7.0,10.0,1.0,1.82,20.75
2012.0,7.0,11.0,4.0,3.18,22.6
2012.0,7.0,12.0,4.0,3.16,24.3
2012.0,7.0,13.0,5.0,2.51,24.1
2012.0,7.0,14.0,4.0,2.33,23.8
2012.0,7.0,15.0,4.0,1.84,23.6
2012.0,7.0,16.0,4.0,3.46,24.7
2012.0,7.0,17.0,1.0,3.88,20.5
2012.0,7.0,18.0,1.0,2.6,20.0
2012.0,7.0,19.0,1.0,2.22,19.6
2012.0,7.0,20.0,4.0,3.19,20.5
2012.0,7.0,21.0,4.0,2.94,24.7
2012.0,7.0,22.0,4.0,2.7,22.8
2012.0,7.0,23.0,4.0,2.98,26.05
2012.0,7.0,24.0,4.0,3.46,22.2
2012.0,7.0,25.0,4.0,2.52,22.9
2012.0,7.0,26.0,1.0,2.96,20.9
2012.0,7.0,27.0,1.0,5.28,19.9
2012.0,7.0,28.0,4.0,2.61,17.9
2012.0,7.0,29.0,4.0,2.83,20.9
2012.0,7.0,30.0,4.0,3.4,21.8
2012.0,7.0,31.0,4.0,1.49,22.2
2012.0,8.0,1.0,4.0,3.26,21.7
2012.0,8.0,2.0,4.0,2.45,24.6
2012.0,8.0,3.0,4.0,2.52,21.2
2012.0,8.0,4.0,4.0,2.63,22.35
2012.0,8.0,5.0,7.0,5.78,19.5
2012.0,8.0,6.0,4.0,3.67,19.1
2012.0,8.0,7.0,4.0,2.5,21.2
2012.0,8.0,8.0,4.0,2.09,17.85
2012.0,8.0,9.0,4.0,3.76,17.4
2012.0,8.0,10.0,1.0,4.78,18.1
2012.0,8.0,11.0,4.0,2.42,17.4
2012.0,8.0,12.0,4.0,1.98,15.8
2012.0,8.0,13.0,4.0,2.17,19.0
2012.0,8.0,14.0,4.0,1.91,17.7
2012.0,8.0,15.0,4.0,2.98,18.1
2012.0,8.0,16.0,6.0,4.23,19.6
2012.0,8.0,17.0,7.0,5.32,17.15
2012.0,8.0,18.0,4.0,3.44,15.9
2012.0,8.0,19.0,4.0,2.36,16.5
2012.0,8.0,20.0,4.0,2.8,13.3
2012.0,8.0,21.0,4.0,3.1,16.4
2012.0,8.0,22.0,4.0,3.31,19.3
2012.0,8.0,23.0,4.0,2.65,20.0
2012.0,8.0,24.0,4.0,2.7,23.8
2012.0,8.0,25.0,4.0,2.72,24.7
2012.0,8.0,26.0,5.0,1.98,22.3
2012.0,8.0,27.0,4.0,2.13,20.3
2012.0,8.0,28.0,4.0,3.07,18.7
2012.0,8.0,29.0,4.0,1.83,17.9
2012.0,8.0,30.0,4.0,3.98,25.9
2012.0,8.0,31.0,4.0,1.43,21.1
2012.0,9.0,1.0,4.0,2.6,17.8
2012.0,9.0,2.0,4.0,1.98,18.4
2012.0,9.0,3.0,4.0,2.43,24.3
2012.0,9.0,4.0,4.0,2.48,18.15
2012.0,9.0,5.0,4.0,2.57,19.5
2012.0,9.0,6.0,4.0,2.96,16.6
2012.0,9.0,7.0,4.0,3.96,16.55
2012.0,9.0,8.0,7.0,5.71,15.9
2012.0,9.0,9.0,0.0,5.33,16.9
2012.0,9.0,10.0,4.0,3.84,13.1
2012.0,9.0,11.0,4.0,5.29,21.7
2012.0,9.0,12.0,4.0,4.4,16.9
2012.0,9.0,13.0,4.0,4.69,13.9
2012.0,9.0,14.0,4.0,2.73,12.5
2012.0,9.0,15.0,4.0,2.88,10.6
2012.0,9.0,16.0,4.0,2.91,18.6
2012.0,9.0,17.0,0.0,5.6,14.4
2012.0,9.0,18.0,0.0,5.68,10.9
2012.0,9.0,19.0,4.0,4.35,8.8
2012.0,9.0,20.0,5.0,3.65,11.1
2012.0,9.0,21.0,5.0,2.98,9.5
2012.0,9.0,22.0,7.0,7.22,10.1
2012.0,9.0,23.0,7.0,5.33,10.0
2012.0,9.0,24.0,4.0,4.62,9.15
2012.0,9.0,25.0,4.0,2.43,11.65
2012.0,9.0,26.0,4.0,2.18,6.5
2012.0,9.0,27.0,4.0,2.96,5.25
2012.0,9.0,28.0,4.0,2.59,7.2
2012.0,9.0,29.0,4.0,2.59,11.1
2012.0,9.0,30.0,4.0,2.28,7.8
2012.0,10.0,1.0,4.0,1.89,9.0
2012.0,10.0,2.0,4.0,2.96,10.7
2012.0,10.0,3.0,4.0,2.51,11.95
2012.0,10.0,4.0,4.0,4.25,13.85
2012.0,10.0,5.0,5.0,5.45,5.7
2012.0,10.0,6.0,0.0,7.76,5.2
2012.0,10.0,7.0,5.0,3.6,3.9
2012.0,10.0,8.0,4.0,3.94,6.2
2012.0,10.0,9.0,4.0,3.23,8.0
2012.0,10.0,10.0,6.0,4.07,4.7
2012.0,10.0,11.0,5.0,3.85,4.6
2012.0,10.0,12.0,4.0,3.54,4.8
2012.0,10.0,13.0,4.0,1.96,7.2
2012.0,10.0,14.0,1.0,5.74,7.3
2012.0,10.0,15.0,1.0,3.49,7.2
2012.0,10.0,16.0,4.0,2.48,11.4
2012.0,10.0,17.0,4.0,1.79,10.7
2012.0,10.0,18.0,4.0,1.92,10.3
2012.0,10.0,19.0,1.0,1.32,8.7
2012.0,10.0,20.0,4.0,1.64,7.7
2012.0,10.0,21.0,4.0,1.72,4.0
2012.0,10.0,22.0,1.0,3.44,8.9
2012.0,10.0,23.0,1.0,2.07,9.0
2012.0,10.0,24.0,4.0,1.55,11.7
2012.0,10.0,25.0,7.0,5.14,8.7
2012.0,10.0,26.0,5.0,3.87,3.2
2012.0,10.0,27.0,5.0,2.39,2.6
2012.0,10.0,28.0,4.0,2.36,-0.9
2012.0,10.0,29.0,4.0,2.43,0.0
2012.0,10.0,30.0,1.0,6.95,4.0
2012.0,10.0,31.0,0.0,5.36,3.3
2013.0,6.0,1.0,4.0,2.68,12.5
2013.0,6.0,2.0,0.0,4.39,7.1
2013.0,6.0,3.0,4.0,2.34,8.4
2013.0,6.0,4.0,4.0,1.76,10.7
2013.0,6.0,5.0,1.0,1.89,9.9
2013.0,6.0,6.0,1.0,2.49,7.3
2013.0,6.0,7.0,0.0,0.94,7.5
2013.0,6.0,8.0,0.0,1.18,10.9
2013.0,6.0,9.0,4.0,1.68,11.7
2013.0,6.0,10.0,7.0,1.12,11.2
2013.0,6.0,11.0,1.0,1.65,14.9
2013.0,6.0,12.0,4.0,1.77,16.5
2013.0,6.0,13.0,1.0,1.49,14.8
2013.0,6.0,14.0,4.0,1.78,13.2
2013.0,6.0,15.0,1.0,1.27,13.3
2013.0,6.0,16.0,4.0,3.24,17.6
2013.0,6.0,17.0,0.0,2.78,9.6
2013.0,6.0,18.0,0.0,1.87,10.0
2013.0,6.0,19.0,4.0,2.61,15.9
2013.0,6.0,20.0,4.0,1.98,17.9
2013.0,6.0,21.0,7.0,2.6,14.6
2013.0,6.0,22.0,7.0,1.95,11.6
2013.0,6.0,23.0,7.0,1.9,12.8
2013.0,6.0,24.0,4.0,2.13,22.9
2013.0,6.0,25.0,4.0,1.73,21.8
2013.0,6.0,26.0,4.0,1.6,19.6
2013.0,6.0,27.0,4.0,1.91,20.2
2013.0,6.0,28.0,0.0,2.38,17.4
2013.0,6.0,29.0,0.0,1.7,13.7
2013.0,6.0,30.0,4.0,1.61,17.0
2013.0,7.0,1.0,4.0,2.19,13.35
2013.0,7.0,2.0,4.0,2.15,13.7
2013.0,7.0,3.0,4.0,1.89,15.3
2013.0,7.0,4.0,4.0,2.92,20.0
2013.0,7.0,5.0,4.0,4.55,24.4
2013.0,7.0,6.0,4.0,4.81,26.0
2013.0,7.0,7.0,4.0,3.05,18.6
2013.0,7.0,8.0,7.0,1.91,11.9
2013.0,7.0,9.0,1.0,1.27,13.6
2013.0,7.0,10.0,7.0,3.12,17.9
2013.0,7.0,11.0,4.0,1.78,18.9
2013.0,7.0,12.0,4.0,3.68,22.8
2013.0,7.0,13.0,4.0,3.52,25.4
2013.0,7.0,14.0,4.0,1.83,20.7
2013.0,7.0,15.0,4.0,1.16,20.1
2013.0,7.0,16.0,5.0,2.12,22.1
2013.0,7.0,17.0,4.0,2.7,25.8
2013.0,7.0,18.0,5.0,3.15,23.25
2013.0,7.0,19.0,7.0,3.94,24.5
2013.0,7.0,20.0,1.0,4.49,17.5
2013.0,7.0,21.0,1.0,3.31,16.5
2013.0,7.0,22.0,4.0,3.43,18.85
2013.0,7.0,23.0,0.0,4.23,17.3
2013.0,7.0,24.0,4.0,2.23,16.2
2013.0,7.0,25.0,4.0,3.13,18.1
2013.0,7.0,26.0,1.0,4.21,14.3
2013.0,7.0,27.0,7.0,5.57,11.8
2013.0,7.0,28.0,0.0,4.48,13.2
2013.0,7.0,29.0,4.0,2.26,14.65
2013.0,7.0,30.0,4.0,2.43,18.1
2013.0,7.0,31.0,4.0,2.8,19.2
2013.0,8.0,1.0,5.0,2.43,18.0
2013.0,8.0,2.0,4.0,2.25,18.1
2013.0,8.0,3.0,4.0,2.27,16.8
2013.0,8.0,4.0,4.0,2.51,16.45
2013.0,8.0,5.0,4.0,2.65,15.4
2013.0,8.0,6.0,0.0,1.26,18.6
2013.0,8.0,7.0,0.0,2.11,18.0
2013.0,8.0,8.0,4.0,1.77,16.4
2013.0,8.0,9.0,4.0,3.4,17.5
2013.0,8.0,10.0,4.0,2.04,16.2
2013.0,8.0,11.0,4.0,2.17,16.5
2013.0,8.0,12.0,4.0,3.78,16.8
2013.0,8.0,13.0,4.0,2.4,13.8
2013.0,8.0,14.0,4.0,2.08,13.5
2013.0,8.0,15.0,4.0,2.46,16.05
2013.0,8.0,16.0,4.0,2.22,17.3
2013.0,8.0,17.0,4.0,3.21,19.3
2013.0,8.0,18.0,4.0,2.88,19.3
2013.0,8.0,19.0,4.0,3.46,21.4
2013.0,8.0,20.0,4.0,3.58,24.0
2013.0,8.0,21.0,4.0,2.69,26.1
2013.0,8.0,22.0,4.0,1.85,20.6
2013.0,8.0,23.0,4.0,2.08,18.1
2013.0,8.0,24.0,4.0,3.15,20.6
2013.0,8.0,25.0,4.0,5.33,27.15
2013.0,8.0,26.0,4.0,3.09,23.8
2013.0,8.0,27.0,4.0,2.13,22.8
2013.0,8.0,28.0,0.0,0.71,21.3
2013.0,8.0,29.0,4.0,1.84,23.3
2013.0,8.0,30.0,1.0,4.2,23.1
2013.0,8.0,31.0,4.0,1.45,19.4
2013.0,9.0,1.0,4.0,3.66,21.2
2013.0,9.0,2.0,0.0,5.77,16.0
2013.0,9.0,3.0,4.0,3.17,13.5
2013.0,9.0,4.0,1.0,5.06,19.3
2013.0,9.0,5.0,4.0,2.5,13.7
2013.0,9.0,6.0,4.0,3.17,19.1
2013.0,9.0,7.0,4.0,4.46,21.55
2013.0,9.0,8.0,4.0,2.5,16.8
2013.0,9.0,9.0,4.0,2.02,18.7
2013.0,9.0,10.0,5.0,2.06,21.1
2013.0,9.0,11.0,4.0,3.12,20.6
2013.0,9.0,12.0,0.0,5.22,16.0
2013.0,9.0,13.0,0.0,3.39,15.4
2013.0,9.0,14.0,4.0,3.3,11.2
2013.0,9.0,15.0,1.0,5.53,13.9
2013.0,9.0,16.0,4.0,2.79,7.0
2013.0,9.0,17.0,4.0,2.61,9.9
2013.0,9.0,18.0,4.0,2.62,16.5
2013.0,9.0,19.0,4.0,1.39,19.5
2013.0,9.0,20.0,5.0,3.36,17.4
2013.0,9.0,21.0,7.0,4.96,12.0
2013.0,9.0,22.0,4.0,3.32,7.0
2013.0,9.0,23.0,4.0,2.25,11.0
2013.0,9.0,24.0,4.0,2.72,12.5
2013.0,9.0,25.0,4.0,1.97,13.3
2013.0,9.0,26.0,4.0,2.16,14.4
2013.0,9.0,27.0,4.0,3.36,19.4
2013.0,9.0,28.0,4.0,4.5,21.6
2013.0,9.0,29.0,4.0,3.23,12.6
2013.0,9.0,30.0,4.0,5.03,16.9
2013.0,10.0,1.0,4.0,4.26,19.3
2013.0,10.0,2.0,4.0,3.31,16.0
2013.0,10.0,3.0,1.0,2.71,12.6
2013.0,10.0,4.0,1.0,5.97,13.2
2013.0,10.0,5.0,1.0,6.15,11.4
2013.0,10.0,6.0,1.0,3.67,10.9
2013.0,10.0,7.0,4.0,3.23,10.6
2013.0,10.0,8.0,4.0,4.19,11.6
2013.0,10.0,9.0,4.0,5.05,20.25
2013.0,10.0,10.0,4.0,1.49,14.4
2013.0,10.0,11.0,4.0,2.1,14.3
2013.0,10.0,12.0,4.0,4.52,18.6
2013.0,10.0,13.0,5.0,3.04,11.2
2013.0,10.0,14.0,4.0,2.82,6.2
2013.0,10.0,15.0,2.0,4.32,11.0
2013.0,10.0,16.0,0.0,7.3,9.7
2013.0,10.0,17.0,4.0,3.04,6.0
2013.0,10.0,18.0,0.0,4.31,9.8
2013.0,10.0,19.0,4.0,2.03,6.9
2013.0,10.0,20.0,4.0,2.63,4.9
2013.0,10.0,21.0,5.0,3.35,4.3
2013.0,10.0,22.0,7.0,6.76,6.0
2013.0,10.0,23.0,5.0,3.55,4.1
2013.0,10.0,24.0,6.0,4.24,5.0
2013.0,10.0,25.0,4.0,4.53,4.5
2013.0,10.0,26.0,7.0,7.3,8.5
2013.0,10.0,27.0,4.0,4.02,6.2
2013.0,10.0,28.0,1.0,7.13,5.1
2013.0,10.0,29.0,4.0,1.84,-0.55
2013.0,10.0,30.0,0.0,0.79,6.1
2013.0,10.0,31.0,0.0,1.3,10.7
2014.0,6.0,1.0,4.0,1.06,20.6
2014.0,6.0,2.0,0.0,0.22,10.45
2014.0,6.0,3.0,6.0,3.16,17.7
2014.0,6.0,4.0,0.0,0.65,13.0
2014.0,6.0,5.0,0.0,0.15,9.9
2014.0,6.0,6.0,4.0,0.95,17.05
2014.0,6.0,7.0,0.0,1.28,14.2
2014.0,6.0,8.0,0.0,0.68,19.65
2014.0,6.0,9.0,0.0,0.03,19.4
2014.0,6.0,10.0,0.0,0.4,20.5
2014.0,6.0,11.0,0.0,0.22,21.4
2014.0,6.0,12.0,0.0,3.16,22.7
2014.0,6.0,13.0,6.0,2.69,17.3
2014.0,6.0,14.0,0.0,0.65,20.1
2014.0,6.0,15.0,4.0,2.84,22.8
2014.0,6.0,16.0,4.0,2.37,30.25
2014.0,6.0,17.0,0.0,0.83,28.2
2014.0,6.0,18.0,0.0,1.91,
2014.0,6.0,19.0,0.0,0.89,
2014.0,6.0,20.0,0.0,0.09,
2014.0,6.0,21.0,0.0,0.44,
2014.0,6.0,22.0,0.0,0.52,
2014.0,6.0,23.0,0.0,0.48,
2014.0,6.0,24.0,0.0,2.04,
2014.0,6.0,25.0,0.0,1.27,
2014.0,6.0,26.0,0.0,0.14,
2014.0,6.0,27.0,0.0,1.02,
2014.0,6.0,28.0,4.0,2.82,
2014.0,6.0,29.0,4.0,3.34,
2014.0,6.0,30.0,4.0,5.16,
2014.0,7.0,1.0,5.0,2.64,
2014.0,7.0,2.0,0.0,1.25,
2014.0,7.0,3.0,0.0,0.95,
2014.0,7.0,4.0,4.0,2.39,
2014.0,7.0,5.0,4.0,3.96,
2014.0,7.0,6.0,4.0,3.26,
2014.0,7.0,7.0,5.0,2.59,
2014.0,7.0,8.0,0.0,1.47,
2014.0,7.0,9.0,0.0,1.5,
2014.0,7.0,10.0,4.0,1.78,
2014.0,7.0,11.0,4.0,3.13,
2014.0,7.0,12.0,0.0,1.4,
2014.0,7.0,13.0,6.0,1.7,
2014.0,7.0,14.0,0.0,1.45,
2014.0,7.0,15.0,0.0,3.09,
2014.0,7.0,16.0,0.0,0.82,
2014.0,7.0,17.0,4.0,1.62,
2014.0,7.0,18.0,4.0,2.21,
2014.0,7.0,19.0,4.0,3.23,
2014.0,7.0,20.0,4.0,3.32,
2014.0,7.0,21.0,4.0,3.27,
2014.0,7.0,22.0,4.0,2.94,
2014.0,7.0,23.0,0.0,0.54,
2014.0,7.0,24.0,0.0,1.02,
2014.0,7.0,25.0,4.0,1.39,
2014.0,7.0,26.0,4.0,1.97,
2014.0,7.0,27.0,0.0,3.03,
2014.0,7.0,28.0,0.0,0.56,
2014.0,7.0,29.0,4.0,1.79,
2014.0,7.0,30.0,4.0,1.3,
2014.0,7.0,31.0,4.0,1.14,
2014.0,8.0,1.0,4.0,0.98,
2014.0,8.0,2.0,0.0,0.41,
2014.0,8.0,3.0,0.0,1.82,
2014.0,8.0,4.0,0.0,1.6,
2014.0,8.0,5.0,0.0,0.51,
2014.0,8.0,6.0,0.0,1.86,
2014.0,8.0,7.0,0.0,0.82,20.8
2014.0,8.0,8.0,4.0,1.14,19.9
2014.0,8.0,9.0,4.0,1.38,19.4
2014.0,8.0,10.0,4.0,1.38,20.0
2014.0,8.0,11.0,0.0,2.54,18.6
2014.0,8.0,12.0,0.0,3.24,17.0
2014.0,8.0,13.0,1.0,2.6,17.8
2014.0,8.0,14.0,4.0,1.38,14.3
2014.0,8.0,15.0,4.0,2.75,15.0
2014.0,8.0,16.0,1.0,3.54,20.8
2014.0,8.0,17.0,1.0,2.23,14.5
2014.0,8.0,18.0,0.0,0.56,16.7
2014.0,8.0,19.0,0.0,1.66,16.7
2014.0,8.0,20.0,0.0,1.48,16.0
2014.0,8.0,21.0,0.0,0.96,18.3
2014.0,8.0,22.0,0.0,0.53,18.6
2014.0,8.0,23.0,0.0,0.74,17.0
2014.0,8.0,24.0,0.0,1.27,21.1
2014.0,8.0,25.0,4.0,3.35,25.3
2014.0,8.0,26.0,5.0,1.87,17.4
2014.0,8.0,27.0,4.0,0.99,14.25
2014.0,8.0,28.0,4.0,2.47,15.1
2014.0,8.0,29.0,4.0,1.23,18.4
2014.0,8.0,30.0,1.0,3.21,16.8
2014.0,8.0,31.0,4.0,1.16,15.2
2014.0,9.0,1.0,4.0,2.44,19.9
2014.0,9.0,2.0,4.0,2.34,16.7
2014.0,9.0,3.0,4.0,3.31,17.0
2014.0,9.0,4.0,4.0,1.76,17.8
2014.0,9.0,5.0,5.0,2.53,17.65
2014.0,9.0,6.0,4.0,2.58,14.4
2014.0,9.0,7.0,4.0,3.36,16.4
2014.0,9.0,8.0,4.0,2.89,19.0
2014.0,9.0,9.0,4.0,2.74,18.6
2014.0,9.0,10.0,1.0,13.01,11.0
2014.0,9.0,11.0,1.0,7.98,9.7
2014.0,9.0,12.0,4.0,2.13,6.1
2014.0,9.0,13.0,4.0,1.8,7.1
2014.0,9.0,14.0,4.0,3.25,10.8
2014.0,9.0,15.0,4.0,2.88,10.5
2014.0,9.0,16.0,4.0,3.71,10.1
2014.0,9.0,17.0,4.0,3.83,12.4
2014.0,9.0,18.0,1.0,2.6,8.1
2014.0,9.0,19.0,4.0,3.66,15.4
2014.0,9.0,20.0,4.0,2.8,19.8
2014.0,9.0,21.0,1.0,5.0,11.9
2014.0,9.0,22.0,4.0,2.67,10.4
2014.0,9.0,23.0,4.0,2.28,15.3
2014.0,9.0,24.0,4.0,1.66,14.7
2014.0,9.0,25.0,4.0,1.67,16.9
2014.0,9.0,26.0,0.0,0.31,15.7
2014.0,9.0,27.0,4.0,2.22,17.4
2014.0,9.0,28.0,4.0,1.73,18.7
2014.0,9.0,29.0,1.0,8.64,8.9
2014.0,9.0,30.0,2.0,3.14,7.0
2014.0,10.0,1.0,0.0,0.49,6.5
2014.0,10.0,2.0,0.0,0.48,12.3
2014.0,10.0,3.0,6.0,2.94,11.5
2014.0,10.0,4.0,6.0,6.56,7.35
2014.0,10.0,5.0,5.0,2.85,5.0
2014.0,10.0,6.0,5.0,3.69,6.4
2014.0,10.0,7.0,4.0,2.91,8.6
2014.0,10.0,8.0,6.0,3.56,7.3
2014.0,10.0,9.0,5.0,3.06,6.0
2014.0,10.0,10.0,4.0,2.41,3.1
2014.0,10.0,11.0,5.0,1.8,6.5
2014.0,10.0,12.0,4.0,2.42,8.1
2014.0,10.0,13.0,0.0,1.07,10.3
2014.0,10.0,14.0,1.0,5.34,9.6
2014.0,10.0,15.0,0.0,2.19,8.9
2014.0,10.0,16.0,0.0,1.43,4.5
2014.0,10.0,17.0,0.0,4.7,8.9
2014.0,10.0,18.0,0.0,5.5,5.9
2014.0,10.0,19.0,4.0,2.61,6.2
2014.0,10.0,20.0,7.0,2.95,10.3
2014.0,10.0,21.0,1.0,4.04,7.7
2014.0,10.0,22.0,0.0,1.37,1.75
2014.0,10.0,23.0,4.0,3.0,12.0
2014.0,10.0,24.0,4.0,3.1,11.0
2014.0,10.0,25.0,6.0,4.71,14.7
2014.0,10.0,26.0,4.0,1.82,8.9
2014.0,10.0,27.0,0.0,0.43,8.8
2014.0,10.0,28.0,5.0,2.58,8.7
2014.0,10.0,29.0,7.0,4.39,5.6
2014.0,10.0,30.0,5.0,1.57,5.3
2014.0,10.0,31.0,0.0,10.0,2.3
2015.0,6.0,1.0,0.0,1.57,7.2
2015.0,6.0,2.0,4.0,2.11,13.3
2015.0,6.0,3.0,4.0,1.06,16.6
2015.0,6.0,4.0,0.0,0.57,11.1
2015.0,6.0,5.0,0.0,1.56,8.8
2015.0,6.0,6.0,0.0,0.6,7.1
2015.0,6.0,7.0,4.0,1.85,17.3
2015.0,6.0,8.0,4.0,1.27,17.2
2015.0,6.0,9.0,4.0,1.38,16.6
2015.0,6.0,10.0,0.0,2.87,19.0
2015.0,6.0,11.0,0.0,0.72,15.3
2015.0,6.0,12.0,0.0,0.57,13.7
2015.0,6.0,13.0,0.0,0.2,13.9
2015.0,6.0,14.0,0.0,0.29,13.6
2015.0,6.0,15.0,0.0,1.0,17.7
2015.0,6.0,16.0,0.0,1.95,14.8
2015.0,6.0,17.0,0.0,0.59,13.4
2015.0,6.0,18.0,0.0,1.81,14.1
2015.0,6.0,19.0,4.0,1.14,12.7
2015.0,6.0,20.0,4.0,2.29,19.0
2015.0,6.0,21.0,0.0,0.05,12.6
2015.0,6.0,22.0,0.0,1.11,17.8
2015.0,6.0,23.0,0.0,2.31,17.3
2015.0,6.0,24.0,0.0,1.23,17.6
2015.0,6.0,25.0,0.0,0.88,14.1
2015.0,6.0,26.0,0.0,0.18,13.2
2015.0,6.0,27.0,0.0,0.2,15.4
2015.0,6.0,28.0,0.0,1.1,18.9
2015.0,6.0,29.0,0.0,0.33,18.4
2015.0,6.0,30.0,1.0,4.71,13.15
2015.0,7.0,1.0,0.0,0.05,11.4
2015.0,7.0,2.0,4.0,1.73,15.2
2015.0,7.0,3.0,4.0,1.49,19.1
2015.0,7.0,4.0,0.0,0.11,17.0
2015.0,7.0,5.0,4.0,1.92,20.4
2015.0,7.0,6.0,0.0,2.8,19.2
2015.0,7.0,7.0,0.0,3.82,15.4
2015.0,7.0,8.0,4.0,2.2,16.3
2015.0,7.0,9.0,0.0,0.55,17.1
2015.0,7.0,10.0,4.0,1.53,21.0
2015.0,7.0,11.0,4.0,0.92,23.7
2015.0,7.0,12.0,0.0,0.85,22.5
2015.0,7.0,13.0,0.0,0.47,20.9
2015.0,7.0,14.0,1.0,4.23,17.4
2015.0,7.0,15.0,0.0,0.72,14.9
2015.0,7.0,16.0,4.0,1.01,20.5
2015.0,7.0,17.0,0.0,0.73,20.1
2015.0,7.0,18.0,0.0,1.6,23.3
2015.0,7.0,19.0,5.0,3.33,24.2
2015.0,7.0,20.0,7.0,3.6,22.2
2015.0,7.0,21.0,0.0,1.48,19.3
2015.0,7.0,22.0,0.0,1.26,18.8
2015.0,7.0,23.0,4.0,0.9,23.1
2015.0,7.0,24.0,0.0,0.61,22.55
2015.0,7.0,25.0,0.0,0.01,23.3
2015.0,7.0,26.0,0.0,0.0,24.2
2015.0,7.0,27.0,0.0,0.03,22.3
2015.0,7.0,28.0,,,23.7
2015.0,7.0,29.0,,,22.7
2015.0,7.0,30.0,,,21.9
2015.0,7.0,31.0,,,20.0
2015.0,8.0,1.0,,,19.2
2015.0,8.0,2.0,,,20.6
2015.0,8.0,3.0,7.0,4.43,18.6
2015.0,8.0,4.0,1.0,2.06,17.5
2015.0,8.0,5.0,0.0,1.97,16.0
2015.0,8.0,6.0,0.0,0.75,18.5
2015.0,8.0,7.0,0.0,0.66,19.0
2015.0,8.0,8.0,0.0,0.58,18.0
2015.0,8.0,9.0,0.0,1.32,21.1
2015.0,8.0,10.0,0.0,0.01,19.4
2015.0,8.0,11.0,0.0,1.05,18.6
2015.0,8.0,12.0,4.0,2.08,18.5
2015.0,8.0,13.0,4.0,2.44,23.9
2015.0,8.0,14.0,4.0,1.51,25.8
2015.0,8.0,15.0,4.0,1.21,22.8
2015.0,8.0,16.0,5.0,2.85,24.9
2015.0,8.0,17.0,0.0,1.28,19.6
2015.0,8.0,18.0,0.0,3.22,17.8
2015.0,8.0,19.0,0.0,2.72,17.0
2015.0,8.0,20.0,6.0,3.06,14.9
2015.0,8.0,21.0,4.0,3.28,14.5
2015.0,8.0,22.0,4.0,3.65,22.45
2015.0,8.0,23.0,4.0,3.79,16.7
2015.0,8.0,24.0,6.0,3.5,12.9
2015.0,8.0,25.0,6.0,2.64,13.2
2015.0,8.0,26.0,0.0,0.72,15.1
2015.0,8.0,27.0,4.0,1.06,13.4
2015.0,8.0,28.0,4.0,2.23,18.9
2015.0,8.0,29.0,4.0,1.93,19.9
2015.0,8.0,30.0,4.0,2.68,19.3
2015.0,8.0,31.0,4.0,3.11,22.7
2015.0,9.0,1.0,4.0,1.6,23.7
2015.0,9.0,2.0,0.0,0.6,20.1
2015.0,9.0,3.0,0.0,0.59,16.6
2015.0,9.0,4.0,0.0,0.18,15.5
2015.0,9.0,5.0,4.0,1.23,22.8
2015.0,9.0,6.0,4.0,2.89,26.9
2015.0,9.0,7.0,0.0,0.32,20.9
2015.0,9.0,8.0,0.0,0.34,17.5
2015.0,9.0,9.0,4.0,3.08,16.65
2015.0,9.0,10.0,0.0,1.67,15.3
2015.0,9.0,11.0,0.0,4.44,13.6
2015.0,9.0,12.0,4.0,0.87,9.6
2015.0,9.0,13.0,4.0,2.45,11.8
2015.0,9.0,14.0,4.0,2.48,17.4
2015.0,9.0,15.0,4.0,2.41,20.7
2015.0,9.0,16.0,4.0,5.2,24.85
2015.0,9.0,17.0,4.0,3.62,24.3
2015.0,9.0,18.0,0.0,1.39,16.4
2015.0,9.0,19.0,0.0,1.74,14.6
2015.0,9.0,20.0,4.0,2.55,15.4
2015.0,9.0,21.0,4.0,3.72,16.8
2015.0,9.0,22.0,4.0,3.27,18.7
2015.0,9.0,23.0,0.0,1.64,11.3
2015.0,9.0,24.0,0.0,0.29,15.2
2015.0,9.0,25.0,1.0,1.84,14.9
2015.0,9.0,26.0,0.0,0.13,14.1
2015.0,9.0,27.0,4.0,2.43,18.0
2015.0,9.0,28.0,0.0,1.65,18.6
2015.0,9.0,29.0,0.0,3.18,12.5
2015.0,9.0,30.0,0.0,0.6,5.8
2015.0,10.0,1.0,0.0,2.71,7.1
2015.0,10.0,2.0,0.0,2.82,7.5
2015.0,10.0,3.0,0.0,2.73,8.1
2015.0,10.0,4.0,0.0,0.19,6.2
2015.0,10.0,5.0,0.0,0.13,7.3
2015.0,10.0,6.0,0.0,0.15,13.2
2015.0,10.0,7.0,0.0,1.61,11.0
2015.0,10.0,8.0,0.0,1.2,11.3
2015.0,10.0,9.0,0.0,4.05,11.5
2015.0,10.0,10.0,4.0,3.38,8.9
2015.0,10.0,11.0,4.0,5.16,19.2
2015.0,10.0,12.0,5.0,4.09,17.1
2015.0,10.0,13.0,7.0,7.47,9.8
2015.0,10.0,14.0,0.0,2.26,6.5
2015.0,10.0,15.0,5.0,4.18,10.8
2015.0,10.0,16.0,0.0,5.8,5.55
2015.0,10.0,17.0,0.0,0.0,4.6
2015.0,10.0,18.0,0.0,0.0,1.6
2015.0,10.0,19.0,4.0,4.08,13.5
2015.0,10.0,20.0,0.0,3.66,8.6
2015.0,10.0,21.0,0.0,1.71,7.8
2015.0,10.0,22.0,0.0,2.22,8.2
2015.0,10.0,23.0,0.0,0.1,7.2
2015.0,10.0,24.0,7.0,3.4,10.3
2015.0,10.0,25.0,0.0,1.95,7.4
2015.0,10.0,26.0,0.0,0.08,5.8
2015.0,10.0,27.0,0.0,0.23,5.8
2015.0,10.0,28.0,0.0,0.39,7.8
2015.0,10.0,29.0,7.0,5.87,6.0
2015.0,10.0,30.0,0.0,2.22,7.0
2015.0,10.0,31.0,4.0,1.38,7.7
2016.0,6.0,1.0,5.0,3.11,15.9
2016.0,6.0,2.0,5.0,2.39,15.0
2016.0,6.0,3.0,4.0,1.8,12.1
2016.0,6.0,4.0,7.0,1.56,12.5
2016.0,6.0,5.0,5.0,1.98,12.3
2016.0,6.0,6.0,5.0,3.18,13.5
2016.0,6.0,7.0,7.0,2.86,11.3
2016.0,6.0,8.0,1.0,2.8,12.2
2016.0,6.0,9.0,4.0,1.89,13.3
2016.0,6.0,10.0,4.0,1.93,16.1
2016.0,6.0,11.0,4.0,2.74,20.0
2016.0,6.0,12.0,4.0,2.8,12.8
2016.0,6.0,13.0,1.0,2.77,13.2
2016.0,6.0,14.0,0.0,2.09,10.9
2016.0,6.0,15.0,1.0,2.64,14.9
2016.0,6.0,16.0,0.0,2.03,9.4
2016.0,6.0,17.0,4.0,1.54,15.3
2016.0,6.0,18.0,4.0,1.3,18.4
2016.0,6.0,19.0,4.0,4.11,23.7
2016.0,6.0,20.0,6.0,5.49,22.0
2016.0,6.0,21.0,4.0,3.24,18.7
2016.0,6.0,22.0,4.0,3.26,15.3
2016.0,6.0,23.0,1.0,1.76,15.2
2016.0,6.0,24.0,4.0,2.66,20.3
2016.0,6.0,25.0,4.0,3.09,22.4
2016.0,6.0,26.0,5.0,4.51,22.05
2016.0,6.0,27.0,6.0,3.16,16.1
2016.0,6.0,28.0,1.0,1.16,14.8
2016.0,6.0,29.0,4.0,2.91,17.9
2016.0,6.0,30.0,4.0,2.84,16.3
2016.0,7.0,1.0,0.0,2.49,14.0
2016.0,7.0,2.0,4.0,2.42,18.1
2016.0,7.0,3.0,4.0,2.5,18.9
2016.0,7.0,4.0,4.0,3.05,20.7
2016.0,7.0,5.0,4.0,2.75,22.8
2016.0,7.0,6.0,1.0,1.84,19.8
2016.0,7.0,7.0,4.0,1.75,19.2
2016.0,7.0,8.0,4.0,2.54,17.7
2016.0,7.0,9.0,4.0,1.92,15.4
2016.0,7.0,10.0,4.0,2.01,18.2
2016.0,7.0,11.0,4.0,2.08,21.6
2016.0,7.0,12.0,4.0,4.53,21.7
2016.0,7.0,13.0,5.0,5.37,24.2
2016.0,7.0,14.0,5.0,3.29,18.2
2016.0,7.0,15.0,1.0,3.03,15.2
2016.0,7.0,16.0,1.0,1.69,16.5
2016.0,7.0,17.0,4.0,3.28,20.8
2016.0,7.0,18.0,4.0,2.22,19.8
2016.0,7.0,19.0,4.0,2.03,18.3
2016.0,7.0,20.0,4.0,2.65,22.4
2016.0,7.0,21.0,4.0,4.04,27.4
2016.0,7.0,22.0,4.0,2.35,22.9
2016.0,7.0,23.0,4.0,1.71,21.4
2016.0,7.0,24.0,4.0,3.03,22.8
2016.0,7.0,25.0,5.0,2.22,22.8
2016.0,7.0,26.0,4.0,2.87,22.9
2016.0,7.0,27.0,4.0,2.82,21.1
2016.0,7.0,28.0,1.0,4.18,19.2
2016.0,7.0,29.0,4.0,2.25,15.4
2016.0,7.0,30.0,1.0,2.69,19.2
2016.0,7.0,31.0,4.0,2.69,20.2
2016.0,8.0,1.0,4.0,3.02,20.45
2016.0,8.0,2.0,4.0,2.06,21.9
2016.0,8.0,3.0,4.0,1.81,22.8
2016.0,8.0,4.0,4.0,3.3,23.75
2016.0,8.0,5.0,7.0,3.68,21.1
2016.0,8.0,6.0,4.0,2.33,19.7
2016.0,8.0,7.0,4.0,2.41,19.2
2016.0,8.0,8.0,4.0,1.94,17.1
2016.0,8.0,9.0,4.0,3.29,22.5
2016.0,8.0,10.0,1.0,3.68,20.1
2016.0,8.0,11.0,1.0,3.07,19.6
2016.0,8.0,12.0,1.0,3.09,18.2
2016.0,8.0,13.0,7.0,2.24,18.7
2016.0,8.0,14.0,4.0,1.68,19.0
2016.0,8.0,15.0,4.0,2.5,20.1
2016.0,8.0,16.0,4.0,1.46,20.5
2016.0,8.0,17.0,4.0,1.98,20.0
2016.0,8.0,18.0,4.0,2.47,21.7
2016.0,8.0,19.0,4.0,1.75,21.3
2016.0,8.0,20.0,4.0,2.58,17.9
2016.0,8.0,21.0,7.0,6.08,18.0
2016.0,8.0,22.0,4.0,3.71,15.4
2016.0,8.0,23.0,4.0,5.04,22.7
2016.0,8.0,24.0,4.0,1.86,23.0
2016.0,8.0,25.0,4.0,3.76,20.6
2016.0,8.0,26.0,5.0,2.6,17.2
2016.0,8.0,27.0,4.0,2.01,16.8
2016.0,8.0,28.0,1.0,1.83,17.5
2016.0,8.0,29.0,4.0,2.23,20.8
2016.0,8.0,30.0,4.0,2.37,20.6
2016.0,8.0,31.0,4.0,2.27,16.3
2016.0,9.0,1.0,4.0,3.43,17.0
2016.0,9.0,2.0,4.0,2.84,14.9
2016.0,9.0,3.0,4.0,2.67,16.9
2016.0,9.0,4.0,4.0,2.26,17.7
2016.0,9.0,5.0,4.0,3.72,21.6
2016.0,9.0,6.0,4.0,2.04,21.8
2016.0,9.0,7.0,1.0,2.25,20.2
2016.0,9.0,8.0,6.0,2.72,19.5
2016.0,9.0,9.0,4.0,3.07,16.8
2016.0,9.0,10.0,0.0,4.66,18.2
2016.0,9.0,11.0,4.0,3.84,15.0
2016.0,9.0,12.0,4.0,4.41,20.3
2016.0,9.0,13.0,0.0,4.72,17.4
2016.0,9.0,14.0,4.0,2.77,14.4
2016.0,9.0,15.0,4.0,2.79,11.5
2016.0,9.0,16.0,4.0,2.16,19.7
2016.0,9.0,17.0,5.0,2.33,18.2
2016.0,9.0,18.0,4.0,2.5,16.8
2016.0,9.0,19.0,4.0,3.94,20.5
2016.0,9.0,20.0,4.0,3.41,17.2
2016.0,9.0,21.0,4.0,3.41,16.3
2016.0,9.0,22.0,1.0,3.92,15.7
2016.0,9.0,23.0,4.0,3.5,14.7
2016.0,9.0,24.0,4.0,1.65,15.5
2016.0,9.0,25.0,4.0,2.78,18.25
2016.0,9.0,26.0,5.0,4.21,11.2
2016.0,9.0,27.0,6.0,4.27,11.0
2016.0,9.0,28.0,1.0,8.81,13.4
2016.0,9.0,29.0,1.0,4.46,13.6
2016.0,9.0,30.0,0.0,2.23,12.0
2016.0,10.0,1.0,4.0,1.76,13.0
2016.0,10.0,2.0,7.0,1.34,13.4
2016.0,10.0,3.0,4.0,1.7,9.85
2016.0,10.0,4.0,4.0,2.46,15.0
2016.0,10.0,5.0,4.0,3.65,18.5
2016.0,10.0,6.0,4.0,2.46,13.8
2016.0,10.0,7.0,6.0,4.46,8.6
2016.0,10.0,8.0,5.0,3.87,5.9
2016.0,10.0,9.0,4.0,2.71,6.2
2016.0,10.0,10.0,4.0,4.5,12.3
2016.0,10.0,11.0,4.0,3.55,17.55
2016.0,10.0,12.0,7.0,4.74,8.3
2016.0,10.0,13.0,5.0,2.84,5.6
2016.0,10.0,14.0,4.0,3.64,9.1
2016.0,10.0,15.0,4.0,5.35,17.7
2016.0,10.0,16.0,4.0,2.94,11.0
2016.0,10.0,17.0,1.0,2.03,10.9
2016.0,10.0,18.0,5.0,2.56,10.9
2016.0,10.0,19.0,4.0,3.88,9.4
2016.0,10.0,20.0,7.0,3.53,7.3
2016.0,10.0,21.0,4.0,2.43,6.2
2016.0,10.0,22.0,4.0,1.99,8.5
2016.0,10.0,23.0,4.0,3.3,7.2
2016.0,10.0,24.0,0.0,3.93,7.0
2016.0,10.0,25.0,4.0,3.47,1.3
2016.0,10.0,26.0,2.0,1.68,4.7
2016.0,10.0,27.0,4.0,1.51,4.4
2016.0,10.0,28.0,4.0,2.67,7.6
2016.0,10.0,29.0,1.0,2.88,10.8
2016.0,10.0,30.0,6.0,2.33,7.1
2016.0,10.0,31.0,4.0,3.16,7.9
2017.0,6.0,1.0,4.0,2.63,15.1
2017.0,6.0,2.0,4.0,1.94,14.2
2017.0,6.0,3.0,1.0,1.42,11.6
2017.0,6.0,4.0,4.0,2.19,10.9
2017.0,6.0,5.0,0.0,1.84,8.9
2017.0,6.0,6.0,4.0,1.7,11.8
2017.0,6.0,7.0,4.0,1.32,13.0
2017.0,6.0,8.0,4.0,1.79,17.0
2017.0,6.0,9.0,0.0,1.33,11.5
2017.0,6.0,10.0,4.0,5.14,21.15
2017.0,6.0,11.0,4.0,2.45,17.3
2017.0,6.0,12.0,4.0,2.07,17.8
2017.0,6.0,13.0,4.0,1.79,13.85
2017.0,6.0,14.0,0.0,2.02,12.1
2017.0,6.0,15.0,1.0,1.57,11.2
2017.0,6.0,16.0,4.0,3.17,20.4
2017.0,6.0,17.0,4.0,2.56,17.8
2017.0,6.0,18.0,4.0,2.54,16.4
2017.0,6.0,19.0,7.0,2.59,15.6
2017.0,6.0,20.0,1.0,2.06,15.8
2017.0,6.0,21.0,4.0,2.84,16.4
2017.0,6.0,22.0,5.0,1.89,19.8
2017.0,6.0,23.0,7.0,3.75,17.9
2017.0,6.0,24.0,6.0,2.87,15.6
2017.0,6.0,25.0,5.0,2.34,13.6
2017.0,6.0,26.0,7.0,5.2,11.9
2017.0,6.0,27.0,4.0,2.69,15.4
2017.0,6.0,28.0,4.0,2.16,18.3
2017.0,6.0,29.0,5.0,1.8,15.2
2017.0,6.0,30.0,5.0,1.27,16.1
2017.0,7.0,1.0,4.0,1.33,14.55
2017.0,7.0,2.0,4.0,1.47,17.6
2017.0,7.0,3.0,4.0,2.24,16.7
2017.0,7.0,4.0,4.0,1.31,17.1
2017.0,7.0,5.0,4.0,2.85,21.1
2017.0,7.0,6.0,4.0,2.73,22.1
2017.0,7.0,7.0,0.0,2.21,16.7
2017.0,7.0,8.0,4.0,2.81,17.0
2017.0,7.0,9.0,4.0,2.36,19.2
2017.0,7.0,10.0,4.0,1.67,16.9
2017.0,7.0,11.0,4.0,1.85,18.9
2017.0,7.0,12.0,1.0,2.68,16.9
2017.0,7.0,13.0,7.0,3.23,10.8
2017.0,7.0,14.0,4.0,1.7,12.3
2017.0,7.0,15.0,4.0,2.48,19.95
2017.0,7.0,16.0,1.0,5.1,15.9
2017.0,7.0,17.0,4.0,3.15,16.0
2017.0,7.0,18.0,5.0,1.52,21.8
2017.0,7.0,19.0,4.0,1.74,20.5
2017.0,7.0,20.0,4.0,1.8,21.6
2017.0,7.0,21.0,4.0,1.69,20.6
2017.0,7.0,22.0,1.0,2.26,18.2
2017.0,7.0,23.0,0.0,2.78,14.8
2017.0,7.0,24.0,1.0,2.26,14.6
2017.0,7.0,25.0,4.0,2.89,19.3
2017.0,7.0,26.0,4.0,2.23,22.9
2017.0,7.0,27.0,4.0,1.82,19.9
2017.0,7.0,28.0,1.0,1.93,18.4
2017.0,7.0,29.0,1.0,1.24,19.7
2017.0,7.0,30.0,4.0,2.18,22.6
2017.0,7.0,31.0,4.0,2.44,22.75
2017.0,8.0,1.0,4.0,2.67,21.4
2017.0,8.0,2.0,1.0,5.78,18.2
2017.0,8.0,3.0,1.0,3.91,12.65
2017.0,8.0,4.0,0.0,5.67,14.5
2017.0,8.0,5.0,4.0,2.13,16.7
2017.0,8.0,6.0,4.0,2.33,17.5
2017.0,8.0,7.0,4.0,2.08,15.1
2017.0,8.0,8.0,4.0,3.57,19.1
2017.0,8.0,9.0,4.0,1.88,18.15
2017.0,8.0,10.0,4.0,2.94,17.5
2017.0,8.0,11.0,1.0,4.76,17.3
2017.0,8.0,12.0,4.0,1.87,15.5
2017.0,8.0,13.0,4.0,2.46,18.5
2017.0,8.0,14.0,4.0,1.23,17.2
2017.0,8.0,15.0,4.0,2.51,15.0
2017.0,8.0,16.0,4.0,2.45,15.75
2017.0,8.0,17.0,1.0,2.96,17.9
2017.0,8.0,18.0,7.0,3.43,18.0
2017.0,8.0,19.0,4.0,2.71,18.6
2017.0,8.0,20.0,4.0,2.93,20.4
2017.0,8.0,21.0,4.0,1.93,18.8
2017.0,8.0,22.0,6.0,4.59,17.6
2017.0,8.0,23.0,1.0,4.02,16.2
2017.0,8.0,24.0,4.0,2.76,12.25
2017.0,8.0,25.0,1.0,2.68,11.3
2017.0,8.0,26.0,4.0,1.81,15.75
2017.0,8.0,27.0,4.0,2.26,16.7
2017.0,8.0,28.0,4.0,1.69,16.5
2017.0,8.0,29.0,4.0,1.17,15.8
2017.0,8.0,30.0,4.0,4.69,17.6
2017.0,8.0,31.0,4.0,3.42,13.4
2017.0,9.0,1.0,4.0,2.73,12.05
2017.0,9.0,2.0,4.0,3.78,17.0
2017.0,9.0,3.0,4.0,3.35,16.9
2017.0,9.0,4.0,5.0,4.18,16.6
2017.0,9.0,5.0,7.0,6.89,13.3
2017.0,9.0,6.0,0.0,5.35,13.5
2017.0,9.0,7.0,4.0,2.9,11.8
2017.0,9.0,8.0,4.0,3.61,11.1
2017.0,9.0,9.0,4.0,2.46,11.3
2017.0,9.0,10.0,4.0,3.68,15.8
2017.0,9.0,11.0,4.0,4.7,19.7
2017.0,9.0,12.0,4.0,2.18,17.2
2017.0,9.0,13.0,4.0,2.89,19.4
2017.0,9.0,14.0,4.0,2.44,20.4
2017.0,9.0,15.0,1.0,4.96,17.5
2017.0,9.0,16.0,1.0,2.46,20.6
2017.0,9.0,17.0,5.0,2.57,17.2
2017.0,9.0,18.0,4.0,1.66,11.7
2017.0,9.0,19.0,4.0,1.49,15.6
2017.0,9.0,20.0,4.0,3.32,19.8
2017.0,9.0,21.0,4.0,2.51,15.4
2017.0,9.0,22.0,4.0,2.9,22.85
2017.0,9.0,23.0,4.0,4.74,26.8
2017.0,9.0,24.0,4.0,2.34,23.75
2017.0,9.0,25.0,4.0,2.56,19.7
2017.0,9.0,26.0,1.0,2.6,15.5
2017.0,9.0,27.0,5.0,2.65,12.3
2017.0,9.0,28.0,4.0,2.98,11.9
2017.0,9.0,29.0,0.0,5.24,13.2
2017.0,9.0,30.0,4.0,2.71,8.8
2017.0,10.0,1.0,4.0,2.87,15.1
2017.0,10.0,2.0,4.0,2.75,17.7
2017.0,10.0,3.0,4.0,2.21,19.2
2017.0,10.0,4.0,5.0,3.02,11.8
2017.0,10.0,5.0,4.0,2.59,9.9
2017.0,10.0,6.0,4.0,2.26,11.7
2017.0,10.0,7.0,4.0,1.35,13.1
2017.0,10.0,8.0,4.0,3.01,14.0
2017.0,10.0,9.0,4.0,3.04,11.1
2017.0,10.0,10.0,4.0,2.7,8.6
2017.0,10.0,11.0,4.0,2.46,3.7
2017.0,10.0,12.0,4.0,2.3,12.9
2017.0,10.0,13.0,4.0,3.54,14.1
2017.0,10.0,14.0,4.0,3.14,5.6
2017.0,10.0,15.0,1.0,8.0,9.5
2017.0,10.0,16.0,4.0,3.47,5.25
2017.0,10.0,17.0,4.0,3.31,13.7
2017.0,10.0,18.0,4.0,4.57,16.2
2017.0,10.0,19.0,5.0,3.41,13.4
2017.0,10.0,20.0,4.0,3.78,16.7
2017.0,10.0,21.0,4.0,5.19,19.9
2017.0,10.0,22.0,5.0,3.63,13.2
2017.0,10.0,23.0,4.0,3.33,12.5
2017.0,10.0,24.0,7.0,12.25,8.1
2017.0,10.0,25.0,7.0,4.68,6.2
2017.0,10.0,26.0,4.0,2.35,7.1
2017.0,10.0,27.0,1.0,9.81,6.05
2017.0,10.0,28.0,0.0,10.42,2.9
2017.0,10.0,29.0,4.0,3.36,0.2
2017.0,10.0,30.0,5.0,4.2,2.5
2017.0,10.0,31.0,5.0,4.12,-0.3
2018.0,6.0,1.0,1.0,8.07,6.2
2018.0,6.0,2.0,1.0,2.12,6.3
2018.0,6.0,3.0,6.0,2.62,11.2
2018.0,6.0,4.0,5.0,3.61,14.4
2018.0,6.0,5.0,0.0,2.25,8.8
2018.0,6.0,6.0,4.0,2.31,9.8
2018.0,6.0,7.0,4.0,1.68,12.9
2018.0,6.0,8.0,4.0,1.24,12.0
2018.0,6.0,9.0,0.0,0.97,13.95
2018.0,6.0,10.0,0.0,1.57,13.7
2018.0,6.0,11.0,4.0,1.72,13.3
2018.0,6.0,12.0,7.0,0.91,14.3
2018.0,6.0,13.0,6.0,3.26,19.3
2018.0,6.0,14.0,4.0,2.41,17.85
2018.0,6.0,15.0,4.0,3.37,18.7
2018.0,6.0,16.0,4.0,1.62,12.9
2018.0,6.0,17.0,4.0,2.24,19.7
2018.0,6.0,18.0,0.0,1.11,17.1
2018.0,6.0,19.0,0.0,1.35,13.3
2018.0,6.0,20.0,4.0,1.56,14.0
2018.0,6.0,21.0,0.0,1.78,11.6
2018.0,6.0,22.0,4.0,1.32,13.1
2018.0,6.0,23.0,1.0,1.69,16.3
2018.0,6.0,24.0,1.0,3.69,10.0
2018.0,6.0,25.0,4.0,1.97,11.7
2018.0,6.0,26.0,4.0,1.33,12.8
2018.0,6.0,27.0,1.0,1.61,14.9
2018.0,6.0,28.0,4.0,2.32,22.0
2018.0,6.0,29.0,4.0,2.35,19.0
2018.0,6.0,30.0,7.0,1.75,18.5
2018.0,7.0,1.0,4.0,1.82,19.0
2018.0,7.0,2.0,5.0,3.32,17.6
2018.0,7.0,3.0,4.0,2.61,23.7
2018.0,7.0,4.0,4.0,2.0,22.4
2018.0,7.0,5.0,7.0,3.12,22.2
2018.0,7.0,6.0,4.0,1.93,19.8
2018.0,7.0,7.0,4.0,3.61,20.0
2018.0,7.0,8.0,4.0,5.41,24.1
2018.0,7.0,9.0,4.0,1.77,22.8
2018.0,7.0,10.0,4.0,1.51,20.6
2018.0,7.0,11.0,4.0,1.45,18.6
2018.0,7.0,12.0,4.0,3.86,25.25
2018.0,7.0,13.0,4.0,2.71,23.4
2018.0,7.0,14.0,4.0,1.9,23.7
2018.0,7.0,15.0,4.0,2.68,24.65
2018.0,7.0,16.0,5.0,3.77,22.3
2018.0,7.0,17.0,1.0,2.71,17.2
2018.0,7.0,18.0,4.0,2.89,18.7
2018.0,7.0,19.0,4.0,2.57,21.5
2018.0,7.0,20.0,1.0,2.57,18.8
2018.0,7.0,21.0,1.0,3.32,17.1
2018.0,7.0,22.0,1.0,4.81,16.6
2018.0,7.0,23.0,4.0,1.98,16.9
2018.0,7.0,24.0,4.0,2.15,20.6
2018.0,7.0,25.0,4.0,2.3,19.8
2018.0,7.0,26.0,4.0,4.28,16.9
2018.0,7.0,27.0,7.0,3.73,17.5
2018.0,7.0,28.0,4.0,1.98,18.8
2018.0,7.0,29.0,4.0,1.95,19.0
2018.0,7.0,30.0,4.0,1.72,19.3
2018.0,7.0,31.0,4.0,2.6,21.4
2018.0,8.0,1.0,1.0,5.74,18.9
2018.0,8.0,2.0,1.0,3.71,13.0
2018.0,8.0,3.0,4.0,2.56,14.8
2018.0,8.0,4.0,4.0,2.72,21.3
2018.0,8.0,5.0,4.0,4.15,23.2
2018.0,8.0,6.0,4.0,2.21,21.3
2018.0,8.0,7.0,4.0,2.21,17.8
2018.0,8.0,8.0,4.0,3.08,19.8
2018.0,8.0,9.0,4.0,1.73,20.75
2018.0,8.0,10.0,4.0,1.47,21.4
2018.0,8.0,11.0,4.0,2.44,22.7
2018.0,8.0,12.0,4.0,1.23,20.6
2018.0,8.0,13.0,4.0,3.13,23.9
2018.0,8.0,14.0,4.0,2.86,23.6
2018.0,8.0,15.0,4.0,2.28,19.1
2018.0,8.0,16.0,4.0,2.0,19.6
2018.0,8.0,17.0,4.0,2.89,17.6
2018.0,8.0,18.0,4.0,1.92,18.3
2018.0,8.0,19.0,4.0,2.2,19.05
2018.0,8.0,20.0,4.0,3.61,19.6
2018.0,8.0,21.0,0.0,4.76,17.5
2018.0,8.0,22.0,4.0,2.98,16.1
2018.0,8.0,23.0,4.0,4.06,19.9
2018.0,8.0,24.0,4.0,2.15,19.6
2018.0,8.0,25.0,4.0,1.42,18.1
2018.0,8.0,26.0,4.0,2.69,19.3
2018.0,8.0,27.0,4.0,3.84,23.2
2018.0,8.0,28.0,1.0,6.02,15.2
2018.0,8.0,29.0,1.0,2.22,13.2
2018.0,8.0,30.0,4.0,2.79,13.9
2018.0,8.0,31.0,4.0,3.92,19.4
2018.0,9.0,1.0,4.0,2.32,21.4
2018.0,9.0,2.0,4.0,2.56,20.5
2018.0,9.0,3.0,4.0,2.37,19.0
2018.0,9.0,4.0,4.0,1.23,18.8
2018.0,9.0,5.0,0.0,2.68,18.7
2018.0,9.0,6.0,4.0,2.45,13.8
2018.0,9.0,7.0,4.0,3.32,12.2
2018.0,9.0,8.0,1.0,2.85,12.95
2018.0,9.0,9.0,4.0,2.67,12.5
2018.0,9.0,10.0,4.0,2.79,13.7
2018.0,9.0,11.0,4.0,3.56,19.0
2018.0,9.0,12.0,4.0,4.34,22.8
2018.0,9.0,13.0,4.0,2.65,20.1
2018.0,9.0,14.0,4.0,2.67,22.4
2018.0,9.0,15.0,1.0,2.6,19.6
2018.0,9.0,16.0,4.0,2.18,17.4
2018.0,9.0,17.0,4.0,4.11,21.8
2018.0,9.0,18.0,1.0,4.7,13.7
2018.0,9.0,19.0,2.0,1.89,12.45
2018.0,9.0,20.0,1.0,3.18,14.1
2018.0,9.0,21.0,7.0,6.54,13.2
2018.0,9.0,22.0,4.0,3.54,9.85
2018.0,9.0,23.0,1.0,4.92,11.4
2018.0,9.0,24.0,4.0,2.96,15.3
2018.0,9.0,25.0,6.0,2.29,12.4
2018.0,9.0,26.0,5.0,2.95,9.5
2018.0,9.0,27.0,4.0,3.49,11.2
2018.0,9.0,28.0,5.0,3.78,7.9
2018.0,9.0,29.0,5.0,2.91,5.1
2018.0,9.0,30.0,4.0,2.09,5.5
2018.0,10.0,1.0,2.0,2.41,8.5
2018.0,10.0,2.0,4.0,1.43,6.7
2018.0,10.0,3.0,4.0,1.07,11.9
2018.0,10.0,4.0,7.0,5.99,6.65
2018.0,10.0,5.0,4.0,1.41,4.8
2018.0,10.0,6.0,4.0,2.29,8.3
2018.0,10.0,7.0,2.0,2.62,7.2
2018.0,10.0,8.0,1.0,2.32,7.2
2018.0,10.0,9.0,1.0,9.09,8.1
2018.0,10.0,10.0,1.0,10.88,6.8
2018.0,10.0,11.0,6.0,5.18,4.0
2018.0,10.0,12.0,5.0,2.99,0.8
2018.0,10.0,13.0,4.0,3.71,1.4
2018.0,10.0,14.0,6.0,3.22,3.4
2018.0,10.0,15.0,5.0,3.12,2.0
2018.0,10.0,16.0,4.0,5.87,5.7
2018.0,10.0,17.0,7.0,5.77,3.55
2018.0,10.0,18.0,4.0,4.85,2.3
2018.0,10.0,19.0,4.0,6.26,15.15
2018.0,10.0,20.0,7.0,8.76,3.6
2018.0,10.0,21.0,4.0,3.33,2.1
2018.0,10.0,22.0,4.0,4.5,2.95
2018.0,10.0,23.0,7.0,6.51,6.0
2018.0,10.0,24.0,4.0,2.56,-0.4
2018.0,10.0,25.0,4.0,2.33,8.8
2018.0,10.0,26.0,4.0,1.35,7.4
2018.0,10.0,27.0,4.0,1.45,7.1
2018.0,10.0,28.0,2.0,1.64,7.2
2018.0,10.0,29.0,5.0,1.97,6.4
2018.0,10.0,30.0,4.0,1.37,6.9
2018.0,10.0,31.0,5.0,2.76,5.65
2019.0,6.0,1.0,,,
2019.0,6.0,2.0,,,
2019.0,6.0,3.0,,,
2019.0,6.0,4.0,,,
2019.0,6.0,5.0,,,
2019.0,6.0,6.0,,,
2019.0,6.0,7.0,,,
2019.0,6.0,8.0,,,
2019.0,6.0,9.0,,,
2019.0,6.0,10.0,,,
2019.0,6.0,11.0,,,
2019.0,6.0,12.0,,,
2019.0,6.0,13.0,,,
2019.0,6.0,14.0,,,
2019.0,6.0,15.0,,,
2019.0,6.0,16.0,,,
2019.0,6.0,17.0,,,
2019.0,6.0,18.0,,,
2019.0,6.0,19.0,,,
2019.0,6.0,20.0,,,
2019.0,6.0,21.0,,,
2019.0,6.0,22.0,,,
2019.0,6.0,23.0,,,
2019.0,6.0,24.0,,,
2019.0,6.0,25.0,,,
2019.0,6.0,26.0,,,
2019.0,6.0,27.0,,,
2019.0,6.0,28.0,,,
2019.0,6.0,29.0,,,
2019.0,6.0,30.0,,,
2019.0,7.0,1.0,,,
2019.0,7.0,2.0,,,
2019.0,7.0,3.0,,,
2019.0,7.0,4.0,,,
2019.0,7.0,5.0,,,
2019.0,7.0,6.0,,,
2019.0,7.0,7.0,,,
2019.0,7.0,8.0,,,
2019.0,7.0,9.0,,,
2019.0,7.0,10.0,,,
2019.0,7.0,11.0,,,
2019.0,7.0,12.0,,,
2019.0,7.0,13.0,,,
2019.0,7.0,14.0,,,
2019.0,7.0,15.0,,,
2019.0,7.0,16.0,,,
2019.0,7.0,17.0,,,
2019.0,7.0,18.0,,,
2019.0,7.0,19.0,,,
2019.0,7.0,20.0,,,
2019.0,7.0,21.0,,,
2019.0,7.0,22.0,,,
2019.0,7.0,23.0,,,
2019.0,7.0,24.0,,,
2019.0,7.0,25.0,,,
2019.0,7.0,26.0,,,
2019.0,7.0,27.0,,,
2019.0,7.0,28.0,,,
2019.0,7.0,29.0,,,
2019.0,7.0,30.0,,,
2019.0,7.0,31.0,,,
2019.0,8.0,1.0,,,
2019.0,8.0,2.0,,,
2019.0,8.0,3.0,,,
2019.0,8.0,4.0,,,
2019.0,8.0,5.0,,,
2019.0,8.0,6.0,,,
2019.0,8.0,7.0,,,
2019.0,8.0,8.0,,,
2019.0,8.0,9.0,,,
2019.0,8.0,10.0,,,
2019.0,8.0,11.0,,,
2019.0,8.0,12.0,,,
2019.0,8.0,13.0,,,
2019.0,8.0,14.0,,,
2019.0,8.0,15.0,,,
2019.0,8.0,16.0,1.0,1.5,23.9
2019.0,8.0,17.0,4.0,2.72,19.85
2019.0,8.0,18.0,4.0,2.75,20.1
2019.0,8.0,19.0,4.0,3.88,17.2
2019.0,8.0,20.0,4.0,3.13,20.6
2019.0,8.0,21.0,7.0,3.34,19.3
2019.0,8.0,22.0,1.0,3.64,18.3
2019.0,8.0,23.0,4.0,3.36,13.6
2019.0,8.0,24.0,4.0,2.57,15.4
2019.0,8.0,25.0,4.0,2.56,17.4
2019.0,8.0,26.0,4.0,1.6,18.6
2019.0,8.0,27.0,5.0,3.81,16.5
2019.0,8.0,28.0,5.0,4.07,15.2
2019.0,8.0,29.0,4.0,4.22,14.9
2019.0,8.0,30.0,5.0,2.75,15.3
2019.0,8.0,31.0,4.0,2.28,14.0
2019.0,9.0,1.0,4.0,2.81,15.3
2019.0,9.0,2.0,1.0,3.87,15.4
2019.0,9.0,3.0,6.0,2.97,15.1
2019.0,9.0,4.0,0.0,4.23,13.9
2019.0,9.0,5.0,4.0,2.59,13.1
2019.0,9.0,6.0,0.0,3.3,15.1
2019.0,9.0,7.0,4.0,3.11,14.2
2019.0,9.0,8.0,4.0,3.44,10.9
2019.0,9.0,9.0,4.0,1.73,12.9
2019.0,9.0,10.0,4.0,2.85,16.7
2019.0,9.0,11.0,1.0,5.44,14.2
2019.0,9.0,12.0,1.0,4.84,11.4
2019.0,9.0,13.0,5.0,3.18,15.7
2019.0,9.0,14.0,5.0,3.49,13.4
2019.0,9.0,15.0,4.0,0.82,14.4
2019.0,9.0,16.0,4.0,0.94,13.4
2019.0,9.0,17.0,4.0,2.57,22.6
2019.0,9.0,18.0,4.0,5.24,24.15
2019.0,9.0,19.0,4.0,2.78,20.9
2019.0,9.0,20.0,4.0,0.79,15.4
2019.0,9.0,21.0,4.0,3.0,23.2
2019.0,9.0,22.0,4.0,3.04,18.2
2019.0,9.0,23.0,5.0,2.31,15.1
2019.0,9.0,24.0,4.0,2.9,14.9
2019.0,9.0,25.0,5.0,2.99,17.4
2019.0,9.0,26.0,5.0,3.39,12.8
2019.0,9.0,27.0,4.0,3.94,14.5
2019.0,9.0,28.0,0.0,3.4,11.7
2019.0,9.0,29.0,2.0,1.9,9.6
2019.0,9.0,30.0,4.0,2.32,14.5
2019.0,10.0,1.0,7.0,2.35,12.25
2019.0,10.0,2.0,1.0,8.31,10.1
2019.0,10.0,3.0,1.0,4.09,7.7
2019.0,10.0,4.0,0.0,3.16,8.1
2019.0,10.0,5.0,4.0,2.27,8.6
2019.0,10.0,6.0,5.0,5.0,12.4
2019.0,10.0,7.0,4.0,3.5,11.1
2019.0,10.0,8.0,4.0,4.08,12.75
2019.0,10.0,9.0,4.0,4.39,17.5
2019.0,10.0,10.0,4.0,2.37,16.3
2019.0,10.0,11.0,4.0,4.42,16.7
2019.0,10.0,12.0,4.0,5.19,2.8
2019.0,10.0,13.0,4.0,3.24,2.7
2019.0,10.0,14.0,5.0,3.46,2.3
2019.0,10.0,15.0,4.0,3.54,4.2
2019.0,10.0,16.0,0.0,6.56,7.3
2019.0,10.0,17.0,4.0,2.65,6.7
2019.0,10.0,18.0,4.0,2.33,4.5
2019.0,10.0,19.0,4.0,4.57,12.7
2019.0,10.0,20.0,4.0,2.44,10.7
2019.0,10.0,21.0,4.0,3.01,9.3
2019.0,10.0,22.0,4.0,2.32,7.8
2019.0,10.0,23.0,5.0,3.76,4.5
2019.0,10.0,24.0,6.0,2.88,5.0
2019.0,10.0,25.0,4.0,3.79,0.2
2019.0,10.0,26.0,4.0,4.8,8.6
2019.0,10.0,27.0,4.0,2.6,5.9
2019.0,10.0,28.0,6.0,2.56,2.6
2019.0,10.0,29.0,5.0,2.75,0.8
2019.0,10.0,30.0,4.0,2.45,-1.5
2019.0,10.0,31.0,7.0,3.8,-0.9
2020.0,6.0,1.0,4.0,3.22,17.7
2020.0,6.0,2.0,4.0,1.59,21.3
2020.0,6.0,3.0,4.0,2.82,20.4
2020.0,6.0,4.0,4.0,2.85,18.8
2020.0,6.0,5.0,4.0,2.55,17.7
2020.0,6.0,6.0,1.0,4.22,12.9
2020.0,6.0,7.0,4.0,1.74,12.5
2020.0,6.0,8.0,4.0,3.37,21.2
2020.0,6.0,9.0,7.0,1.27,
2020.0,6.0,10.0,7.0,3.1,
2020.0,6.0,11.0,6.0,3.96,
2020.0,6.0,12.0,1.0,2.89,
2020.0,6.0,13.0,1.0,3.07,
2020.0,6.0,14.0,4.0,2.63,23.9
2020.0,6.0,15.0,4.0,3.3,16.6
2020.0,6.0,16.0,4.0,5.02,22.3
2020.0,6.0,17.0,4.0,2.99,24.4
2020.0,6.0,18.0,4.0,2.64,23.6
2020.0,6.0,19.0,4.0,1.45,21.0
2020.0,6.0,20.0,4.0,1.83,15.0
2020.0,6.0,21.0,4.0,2.5,13.35
2020.0,6.0,22.0,4.0,1.78,18.7
2020.0,6.0,23.0,4.0,1.5,15.7
2020.0,6.0,24.0,4.0,1.6,16.8
2020.0,6.0,25.0,4.0,2.53,19.6
2020.0,6.0,26.0,4.0,2.75,21.95
2020.0,6.0,27.0,1.0,2.18,23.0
2020.0,6.0,28.0,4.0,2.08,19.8
2020.0,6.0,29.0,4.0,2.18,22.3
2020.0,6.0,30.0,4.0,1.91,22.2
2020.0,7.0,1.0,4.0,1.14,21.3
2020.0,7.0,2.0,4.0,1.11,23.7
2020.0,7.0,3.0,4.0,2.19,23.9
2020.0,7.0,4.0,4.0,1.54,21.7
2020.0,7.0,5.0,1.0,1.65,24.3
2020.0,7.0,6.0,4.0,2.45,24.3
2020.0,7.0,7.0,4.0,2.22,21.8
2020.0,7.0,8.0,4.0,2.1,23.3
2020.0,7.0,9.0,4.0,3.35,20.7
2020.0,7.0,10.0,4.0,2.19,22.6
2020.0,7.0,11.0,4.0,1.89,21.1
2020.0,7.0,12.0,4.0,1.57,20.1
2020.0,7.0,13.0,4.0,2.87,18.9
2020.0,7.0,14.0,4.0,2.79,21.55
2020.0,7.0,15.0,4.0,2.97,18.5
2020.0,7.0,16.0,4.0,3.43,21.6
2020.0,7.0,17.0,4.0,2.48,24.0
2020.0,7.0,18.0,4.0,1.98,24.5
2020.0,7.0,19.0,6.0,3.63,22.65
2020.0,7.0,20.0,0.0,3.71,17.6
2020.0,7.0,21.0,4.0,1.94,14.5
2020.0,7.0,22.0,1.0,3.14,16.3
2020.0,7.0,23.0,4.0,2.19,17.0
2020.0,7.0,24.0,4.0,3.0,19.5
2020.0,7.0,25.0,4.0,4.32,27.15
2020.0,7.0,26.0,4.0,2.57,25.8
2020.0,7.0,27.0,5.0,3.19,21.6
2020.0,7.0,28.0,4.0,3.06,19.9
2020.0,7.0,29.0,4.0,1.81,20.5
2020.0,7.0,30.0,4.0,2.0,19.1
2020.0,7.0,31.0,4.0,2.48,18.85
2020.0,8.0,1.0,4.0,2.52,19.5
2020.0,8.0,2.0,1.0,8.93,16.9
2020.0,8.0,3.0,4.0,2.05,14.7
2020.0,8.0,4.0,4.0,2.12,15.9
2020.0,8.0,5.0,4.0,2.74,16.2
2020.0,8.0,6.0,4.0,2.66,19.4
2020.0,8.0,7.0,4.0,2.85,20.95
2020.0,8.0,8.0,4.0,3.18,24.1
2020.0,8.0,9.0,4.0,2.45,23.4
2020.0,8.0,10.0,4.0,2.08,20.5
2020.0,8.0,11.0,4.0,4.05,19.5
2020.0,8.0,12.0,4.0,2.19,22.8
2020.0,8.0,13.0,4.0,1.89,21.1
2020.0,8.0,14.0,4.0,2.87,24.2
2020.0,8.0,15.0,5.0,3.0,19.7
2020.0,8.0,16.0,4.0,2.03,18.8
2020.0,8.0,17.0,4.0,2.19,19.3
2020.0,8.0,18.0,4.0,1.9,16.5
2020.0,8.0,19.0,4.0,3.42,19.4
2020.0,8.0,20.0,4.0,3.52,21.2
2020.0,8.0,21.0,1.0,1.55,18.9
2020.0,8.0,22.0,4.0,2.46,21.6
2020.0,8.0,23.0,4.0,1.18,20.5
2020.0,8.0,24.0,4.0,1.67,20.8
2020.0,8.0,25.0,4.0,2.87,21.0
2020.0,8.0,26.0,4.0,2.05,21.85
2020.0,8.0,27.0,4.0,2.55,21.2
2020.0,8.0,28.0,4.0,2.01,18.1
2020.0,8.0,29.0,7.0,4.76,18.2
2020.0,8.0,30.0,4.0,3.06,15.3
2020.0,8.0,31.0,4.0,2.68,17.1
2020.0,9.0,1.0,4.0,3.25,15.5
2020.0,9.0,2.0,4.0,4.33,17.3
2020.0,9.0,3.0,6.0,5.16,17.3
2020.0,9.0,4.0,5.0,3.91,14.1
2020.0,9.0,5.0,4.0,2.4,15.2
2020.0,9.0,6.0,4.0,3.76,17.65
2020.0,9.0,7.0,7.0,5.2,13.4
2020.0,9.0,8.0,0.0,3.74,10.5
2020.0,9.0,9.0,4.0,1.93,8.1
2020.0,9.0,10.0,4.0,2.38,7.1
2020.0,9.0,11.0,4.0,2.94,9.6
2020.0,9.0,12.0,4.0,0.72,13.8
2020.0,9.0,13.0,5.0,1.95,14.4
2020.0,9.0,14.0,4.0,2.0,10.6
2020.0,9.0,15.0,4.0,5.12,20.1
2020.0,9.0,16.0,4.0,2.12,15.6
2020.0,9.0,17.0,0.0,3.82,10.95
2020.0,9.0,18.0,4.0,2.7,5.4
2020.0,9.0,19.0,4.0,3.43,7.7
2020.0,9.0,20.0,4.0,3.56,15.3
2020.0,9.0,21.0,4.0,5.77,17.9
2020.0,9.0,22.0,4.0,2.98,18.7
2020.0,9.0,23.0,4.0,2.44,16.4
2020.0,9.0,24.0,1.0,2.48,14.0
2020.0,9.0,25.0,1.0,1.32,13.4
2020.0,9.0,26.0,4.0,1.67,14.7
2020.0,9.0,27.0,4.0,2.92,14.9
2020.0,9.0,28.0,7.0,4.01,12.2
2020.0,9.0,29.0,5.0,2.78,11.5
2020.0,9.0,30.0,7.0,5.21,11.3
2020.0,10.0,1.0,0.0,6.16,9.25
2020.0,10.0,2.0,4.0,3.54,5.9
2020.0,10.0,3.0,4.0,2.64,4.2
2020.0,10.0,4.0,0.0,3.89,7.4
2020.0,10.0,5.0,4.0,5.27,9.1
2020.0,10.0,6.0,4.0,3.56,14.9
2020.0,10.0,7.0,5.0,2.82,12.3
2020.0,10.0,8.0,4.0,2.51,10.3
2020.0,10.0,9.0,4.0,4.6,16.25
2020.0,10.0,10.0,7.0,5.81,11.3
2020.0,10.0,11.0,4.0,2.19,6.3
2020.0,10.0,12.0,4.0,3.85,15.4
2020.0,10.0,13.0,4.0,4.45,12.0
2020.0,10.0,14.0,4.0,2.89,9.7
2020.0,10.0,15.0,7.0,7.75,5.6
2020.0,10.0,16.0,5.0,2.84,3.4
2020.0,10.0,17.0,4.0,1.83,1.2
2020.0,10.0,18.0,5.0,3.1,2.1
2020.0,10.0,19.0,5.0,2.48,0.2
2020.0,10.0,20.0,4.0,1.8,0.3
2020.0,10.0,21.0,5.0,2.51,1.3
2020.0,10.0,22.0,4.0,2.81,2.3
2020.0,10.0,23.0,1.0,10.25,4.2
2020.0,10.0,24.0,5.0,2.76,-0.3
2020.0,10.0,25.0,5.0,2.65,-1.3
2020.0,10.0,26.0,5.0,3.4,-1.7
2020.0,10.0,27.0,4.0,3.53,-5.4
2020.0,10.0,28.0,4.0,4.35,1.9
2020.0,10.0,29.0,0.0,6.13,0.7
2020.0,10.0,30.0,4.0,2.05,-0.6
2020.0,10.0,31.0,4.0,5.19,3.15
2021.0,6.0,1.0,4.0,1.72,12.6
2021.0,6.0,2.0,4.0,1.91,14.8
2021.0,6.0,3.0,4.0,2.41,18.1
2021.0,6.0,4.0,4.0,2.0,17.5
2021.0,6.0,5.0,4.0,3.92,26.0
2021.0,6.0,6.0,4.0,3.85,13.65
2021.0,6.0,7.0,4.0,3.06,21.85
2021.0,6.0,8.0,0.0,1.65,18.6
2021.0,6.0,9.0,0.0,1.35,14.45
2021.0,6.0,10.0,0.0,1.61,16.6
2021.0,6.0,11.0,0.0,2.25,12.6
2021.0,6.0,12.0,4.0,2.41,14.3
2021.0,6.0,13.0,4.0,3.4,18.4
2021.0,6.0,14.0,4.0,2.32,17.5
2021.0,6.0,15.0,4.0,1.66,15.3
2021.0,6.0,16.0,1.0,2.24,15.35
2021.0,6.0,17.0,4.0,2.52,22.1
2021.0,6.0,18.0,4.0,4.5,22.7
2021.0,6.0,19.0,1.0,2.55,15.4
2021.0,6.0,20.0,4.0,2.69,15.4
2021.0,6.0,21.0,0.0,6.49,14.1
2021.0,6.0,22.0,4.0,2.39,12.65
2021.0,6.0,23.0,4.0,4.09,17.55
2021.0,6.0,24.0,4.0,2.94,20.1
2021.0,6.0,25.0,4.0,1.55,16.8
2021.0,6.0,26.0,4.0,1.0,16.3
2021.0,6.0,27.0,4.0,1.11,16.2
2021.0,6.0,28.0,4.0,1.86,18.9
2021.0,6.0,29.0,4.0,1.61,19.9
2021.0,6.0,30.0,4.0,2.36,20.1
2021.0,7.0,1.0,1.0,3.6,15.6
2021.0,7.0,2.0,1.0,1.24,15.4
2021.0,7.0,3.0,4.0,2.62,23.6
2021.0,7.0,4.0,4.0,3.73,25.7
2021.0,7.0,5.0,4.0,2.14,27.9
2021.0,7.0,6.0,1.0,5.65,18.5
2021.0,7.0,7.0,1.0,3.96,12.7
2021.0,7.0,8.0,4.0,1.94,12.3
2021.0,7.0,9.0,4.0,1.78,14.4
2021.0,7.0,10.0,4.0,1.71,16.1
2021.0,7.0,11.0,4.0,1.46,17.9
2021.0,7.0,12.0,4.0,1.58,19.7
2021.0,7.0,13.0,4.0,2.7,20.8
2021.0,7.0,14.0,4.0,3.55,18.5
2021.0,7.0,15.0,1.0,1.43,17.4
2021.0,7.0,16.0,4.0,1.75,19.1
2021.0,7.0,17.0,4.0,1.58,19.7
2021.0,7.0,18.0,4.0,1.8,21.5
2021.0,7.0,19.0,4.0,2.85,23.4
2021.0,7.0,20.0,1.0,4.69,18.7
2021.0,7.0,21.0,1.0,2.04,15.3
2021.0,7.0,22.0,4.0,1.37,20.5
2021.0,7.0,23.0,4.0,2.88,23.1
2021.0,7.0,24.0,4.0,3.38,23.5
2021.0,7.0,25.0,4.0,3.88,22.8
2021.0,7.0,26.0,4.0,2.36,22.45
2021.0,7.0,27.0,1.0,2.52,20.0
2021.0,7.0,28.0,4.0,1.96,19.4
2021.0,7.0,29.0,4.0,2.31,20.6
2021.0,7.0,30.0,4.0,1.99,18.4
2021.0,7.0,31.0,4.0,2.23,20.8
2021.0,8.0,1.0,1.0,4.53,19.2
2021.0,8.0,2.0,4.0,2.19,17.9
2021.0,8.0,3.0,4.0,3.21,20.8
2021.0,8.0,4.0,4.0,3.39,22.9
2021.0,8.0,5.0,4.0,2.97,22.3
2021.0,8.0,6.0,4.0,3.52,20.7
2021.0,8.0,7.0,1.0,2.14,19.1
2021.0,8.0,8.0,1.0,1.08,19.6
2021.0,8.0,9.0,1.0,1.36,20.0
2021.0,8.0,10.0,4.0,1.56,19.6
2021.0,8.0,11.0,4.0,2.72,21.6
2021.0,8.0,12.0,4.0,4.77,21.1
2021.0,8.0,13.0,4.0,4.0,16.9
2021.0,8.0,14.0,4.0,2.72,15.8
2021.0,8.0,15.0,4.0,4.09,21.7
2021.0,8.0,16.0,4.0,3.4,23.2
2021.0,8.0,17.0,4.0,3.41,21.2
2021.0,8.0,18.0,4.0,2.99,24.3
2021.0,8.0,19.0,4.0,2.62,23.7
2021.0,8.0,20.0,4.0,3.14,23.8
2021.0,8.0,21.0,4.0,4.63,24.8
2021.0,8.0,22.0,4.0,3.41,16.5
2021.0,8.0,23.0,4.0,3.49,20.7
2021.0,8.0,24.0,4.0,2.86,18.4
2021.0,8.0,25.0,4.0,1.63,19.6
2021.0,8.0,26.0,4.0,3.54,18.1
2021.0,8.0,27.0,2.0,2.03,17.9
2021.0,8.0,28.0,4.0,1.23,19.4
2021.0,8.0,29.0,6.0,3.11,21.3
2021.0,8.0,30.0,4.0,2.93,19.05
2021.0,8.0,31.0,4.0,3.92,15.9
2021.0,9.0,1.0,4.0,2.92,15.7
2021.0,9.0,2.0,4.0,1.68,15.1
2021.0,9.0,3.0,4.0,1.82,18.0
2021.0,9.0,4.0,5.0,1.37,16.0
2021.0,9.0,5.0,4.0,4.4,16.2
2021.0,9.0,6.0,4.0,2.5,13.0
2021.0,9.0,7.0,4.0,3.95,19.3
2021.0,9.0,8.0,5.0,3.86,16.0
2021.0,9.0,9.0,4.0,2.18,15.4
2021.0,9.0,10.0,4.0,3.19,15.1
2021.0,9.0,11.0,4.0,2.92,19.9
2021.0,9.0,12.0,4.0,2.17,16.7
2021.0,9.0,13.0,4.0,2.97,13.5
2021.0,9.0,14.0,6.0,3.29,15.9
2021.0,9.0,15.0,4.0,2.94,14.7
2021.0,9.0,16.0,4.0,5.23,19.3
2021.0,9.0,17.0,4.0,4.47,19.9
2021.0,9.0,18.0,4.0,2.63,12.25
2021.0,9.0,19.0,4.0,4.83,20.2
2021.0,9.0,20.0,4.0,4.07,25.2
2021.0,9.0,21.0,7.0,4.03,15.2
2021.0,9.0,22.0,4.0,2.52,15.5
2021.0,9.0,23.0,4.0,2.09,10.7
2021.0,9.0,24.0,4.0,3.47,11.0
2021.0,9.0,25.0,5.0,3.87,9.9
2021.0,9.0,26.0,4.0,3.03,15.5
2021.0,9.0,27.0,4.0,3.0,14.4
2021.0,9.0,28.0,4.0,1.98,10.0
2021.0,9.0,29.0,4.0,1.51,14.7
2021.0,9.0,30.0,4.0,1.57,13.6
2021.0,10.0,1.0,4.0,0.83,14.8
2021.0,10.0,2.0,4.0,1.15,17.3
2021.0,10.0,3.0,1.0,4.99,15.2
2021.0,10.0,4.0,1.0,3.45,15.1
2021.0,10.0,5.0,1.0,1.51,14.4
2021.0,10.0,6.0,4.0,1.12,14.1
2021.0,10.0,7.0,4.0,1.63,16.6
2021.0,10.0,8.0,0.0,0.66,16.1
2021.0,10.0,9.0,4.0,1.44,16.5
2021.0,10.0,10.0,4.0,3.14,20.2
2021.0,10.0,11.0,5.0,3.62,16.2
2021.0,10.0,12.0,0.0,3.06,15.5
2021.0,10.0,13.0,0.0,1.87,15.4
2021.0,10.0,14.0,4.0,4.15,13.0
2021.0,10.0,15.0,5.0,3.28,10.4
2021.0,10.0,16.0,5.0,3.89,8.9
2021.0,10.0,17.0,5.0,2.67,9.8
2021.0,10.0,18.0,4.0,2.32,9.3
2021.0,10.0,19.0,4.0,3.23,17.3
2021.0,10.0,20.0,1.0,8.05,10.8
2021.0,10.0,21.0,1.0,5.67,7.1
2021.0,10.0,22.0,4.0,2.5,5.0
2021.0,10.0,23.0,4.0,2.32,4.0
2021.0,10.0,24.0,4.0,3.76,2.3
2021.0,10.0,25.0,1.0,3.23,5.6
2021.0,10.0,26.0,4.0,3.17,2.8
2021.0,10.0,27.0,4.0,1.82,1.8
2021.0,10.0,28.0,4.0,1.5,8.7
2021.0,10.0,29.0,0.0,6.12,10.1
2021.0,10.0,30.0,4.0,1.48,7.1
2021.0,10.0,31.0,7.0,7.01,6.6
2022.0,6.0,1.0,5.0,2.94,14.5
2022.0,6.0,2.0,4.0,3.45,15.0
2022.0,6.0,3.0,7.0,3.21,12.7
2022.0,6.0,4.0,4.0,2.81,15.5
2022.0,6.0,5.0,0.0,1.31,9.9
2022.0,6.0,6.0,0.0,2.11,8.1
2022.0,6.0,7.0,4.0,1.54,11.4
2022.0,6.0,8.0,4.0,1.85,15.2
2022.0,6.0,9.0,4.0,2.1,14.0
2022.0,6.0,10.0,4.0,2.02,16.0
2022.0,6.0,11.0,4.0,2.52,14.8
2022.0,6.0,12.0,4.0,2.14,10.3
2022.0,6.0,13.0,1.0,2.16,13.5
2022.0,6.0,14.0,4.0,2.33,12.6
2022.0,6.0,15.0,0.0,1.14,15.0
2022.0,6.0,16.0,4.0,4.86,19.2
2022.0,6.0,17.0,5.0,2.59,18.8
2022.0,6.0,18.0,4.0,1.97,12.0
2022.0,6.0,19.0,4.0,3.3,18.9
2022.0,6.0,20.0,4.0,5.51,28.2
2022.0,6.0,21.0,4.0,4.46,29.35
2022.0,6.0,22.0,5.0,2.91,21.6
2022.0,6.0,23.0,4.0,3.96,22.2
2022.0,6.0,24.0,4.0,2.18,22.8
2022.0,6.0,25.0,4.0,2.16,18.6
2022.0,6.0,26.0,5.0,4.14,16.3
2022.0,6.0,27.0,4.0,2.74,15.1
2022.0,6.0,28.0,4.0,2.95,20.0
2022.0,6.0,29.0,4.0,1.63,14.9
2022.0,6.0,30.0,4.0,5.3,25.3
2022.0,7.0,1.0,6.0,3.32,19.05
2022.0,7.0,2.0,1.0,2.39,18.0
2022.0,7.0,3.0,4.0,1.56,15.1
2022.0,7.0,4.0,4.0,1.46,16.75
2022.0,7.0,5.0,1.0,1.99,13.0
2022.0,7.0,6.0,0.0,2.15,12.2
2022.0,7.0,7.0,4.0,1.14,15.3
2022.0,7.0,8.0,0.0,2.47,15.5
2022.0,7.0,9.0,4.0,1.66,14.6
2022.0,7.0,10.0,4.0,3.23,20.1
2022.0,7.0,11.0,5.0,2.49,21.6
2022.0,7.0,12.0,1.0,2.65,19.3
2022.0,7.0,13.0,0.0,1.9,13.7
2022.0,7.0,14.0,4.0,2.18,14.9
2022.0,7.0,15.0,4.0,1.39,17.2
2022.0,7.0,16.0,4.0,2.07,22.8
2022.0,7.0,17.0,0.0,1.17,19.2
2022.0,7.0,18.0,4.0,1.94,22.2
2022.0,7.0,19.0,4.0,3.37,26.1
2022.0,7.0,20.0,6.0,2.88,21.8
2022.0,7.0,21.0,6.0,3.77,22.2
2022.0,7.0,22.0,4.0,3.44,22.2
2022.0,7.0,23.0,4.0,2.05,21.4
2022.0,7.0,24.0,7.0,4.1,19.3
2022.0,7.0,25.0,4.0,2.97,18.4
2022.0,7.0,26.0,4.0,3.19,19.25
2022.0,7.0,27.0,4.0,2.09,21.2
2022.0,7.0,28.0,5.0,3.87,16.9
2022.0,7.0,29.0,4.0,2.53,17.6
2022.0,7.0,30.0,4.0,3.16,20.2
2022.0,7.0,31.0,4.0,3.77,23.7
2022.0,8.0,1.0,7.0,3.35,19.8
2022.0,8.0,2.0,4.0,2.53,18.5
2022.0,8.0,3.0,4.0,4.34,23.3
2022.0,8.0,4.0,1.0,2.76,19.5
2022.0,8.0,5.0,4.0,3.32,21.4
2022.0,8.0,6.0,4.0,2.91,24.9
2022.0,8.0,7.0,1.0,4.54,16.6
2022.0,8.0,8.0,1.0,2.55,15.3
2022.0,8.0,9.0,4.0,3.47,18.7
2022.0,8.0,10.0,4.0,2.29,21.9
2022.0,8.0,11.0,4.0,2.49,18.4
2022.0,8.0,12.0,4.0,2.23,16.3
2022.0,8.0,13.0,1.0,2.67,16.2
2022.0,8.0,14.0,1.0,3.14,16.7
2022.0,8.0,15.0,1.0,1.85,16.1
2022.0,8.0,16.0,4.0,1.53,17.2
2022.0,8.0,17.0,4.0,2.01,17.9
2022.0,8.0,18.0,4.0,3.22,20.3
2022.0,8.0,19.0,4.0,2.69,20.9
2022.0,8.0,20.0,1.0,3.31,18.1
2022.0,8.0,21.0,4.0,1.47,16.1
2022.0,8.0,22.0,4.0,1.9,18.1
2022.0,8.0,23.0,4.0,1.69,20.0
2022.0,8.0,24.0,4.0,2.57,20.0
2022.0,8.0,25.0,1.0,3.88,16.9
2022.0,8.0,26.0,4.0,2.28,15.05
2022.0,8.0,27.0,4.0,3.61,18.9
2022.0,8.0,28.0,4.0,4.47,22.9
2022.0,8.0,29.0,4.0,2.84,22.1
2022.0,8.0,30.0,6.0,4.79,19.8
2022.0,8.0,31.0,5.0,2.62,21.0
2022.0,9.0,1.0,4.0,3.11,20.0
2022.0,9.0,2.0,4.0,4.36,23.5
2022.0,9.0,3.0,1.0,5.33,15.2
2022.0,9.0,4.0,4.0,3.23,12.9
2022.0,9.0,5.0,4.0,2.33,13.5
2022.0,9.0,6.0,4.0,2.27,14.5
2022.0,9.0,7.0,4.0,1.65,19.0
2022.0,9.0,8.0,4.0,3.78,18.6
2022.0,9.0,9.0,4.0,4.93,18.5
2022.0,9.0,10.0,4.0,1.47,14.3
2022.0,9.0,11.0,4.0,2.07,12.6
2022.0,9.0,12.0,4.0,1.76,12.9
2022.0,9.0,13.0,4.0,3.27,13.2
2022.0,9.0,14.0,1.0,3.46,15.8
2022.0,9.0,15.0,4.0,2.42,15.4
2022.0,9.0,16.0,4.0,0.8,16.7
2022.0,9.0,17.0,4.0,2.17,20.6
2022.0,9.0,18.0,4.0,2.41,18.7
2022.0,9.0,19.0,4.0,2.89,16.2
2022.0,9.0,20.0,4.0,2.98,19.6
2022.0,9.0,21.0,6.0,4.36,15.9
2022.0,9.0,22.0,0.0,6.48,12.0
2022.0,9.0,23.0,4.0,3.01,7.4
2022.0,9.0,24.0,4.0,1.36,12.5
2022.0,9.0,25.0,0.0,3.67,13.1
2022.0,9.0,26.0,7.0,7.89,12.3
2022.0,9.0,27.0,0.0,7.26,9.0
2022.0,9.0,28.0,4.0,2.5,3.5
2022.0,9.0,29.0,4.0,3.16,7.0
2022.0,9.0,30.0,4.0,2.68,12.7
2022.0,10.0,1.0,4.0,3.56,12.4
2022.0,10.0,2.0,1.0,2.01,12.6
2022.0,10.0,3.0,4.0,2.78,14.2
2022.0,10.0,4.0,4.0,2.85,17.1
2022.0,10.0,5.0,4.0,2.85,17.3
2022.0,10.0,6.0,1.0,8.09,12.25
2022.0,10.0,7.0,1.0,6.5,6.5
2022.0,10.0,8.0,4.0,4.08,4.2
2022.0,10.0,9.0,4.0,2.95,8.9
2022.0,10.0,10.0,4.0,1.75,3.4
2022.0,10.0,11.0,4.0,4.42,15.4
2022.0,10.0,12.0,4.0,4.23,13.6
2022.0,10.0,13.0,5.0,3.2,5.6
2022.0,10.0,14.0,4.0,1.81,2.6
2022.0,10.0,15.0,4.0,3.22,2.4
2022.0,10.0,16.0,6.0,4.32,6.3
2022.0,10.0,17.0,0.0,11.83,2.7
2022.0,10.0,18.0,0.0,8.24,2.1
2022.0,10.0,19.0,7.0,4.94,4.3
2022.0,10.0,20.0,4.0,2.39,5.5
2022.0,10.0,21.0,4.0,3.2,11.8
2022.0,10.0,22.0,4.0,1.96,8.3
2022.0,10.0,23.0,4.0,3.28,18.6
2022.0,10.0,24.0,4.0,4.3,20.1
2022.0,10.0,25.0,5.0,2.9,7.3
2022.0,10.0,26.0,7.0,5.43,5.5
2022.0,10.0,27.0,4.0,2.56,1.3
2022.0,10.0,28.0,4.0,4.4,11.1
2022.0,10.0,29.0,4.0,3.82,12.3
2022.0,10.0,30.0,4.0,2.34,12.3
2022.0,10.0,31.0,4.0,2.28,5.2
2023.0,6.0,1.0,7.0,1.31,16.0
2023.0,6.0,2.0,0.0,1.19,12.7
2023.0,6.0,3.0,0.0,1.2,13.1
2023.0,6.0,4.0,1.0,1.1,13.6
2023.0,6.0,5.0,0.0,1.84,11.2
2023.0,6.0,6.0,0.0,1.97,9.3
2023.0,6.0,7.0,0.0,2.38,9.7
2023.0,6.0,8.0,4.0,2.35,11.4
2023.0,6.0,9.0,4.0,1.81,13.3
2023.0,6.0,10.0,1.0,4.94,12.55
2023.0,6.0,11.0,1.0,2.55,8.3
2023.0,6.0,12.0,4.0,1.52,11.6
2023.0,6.0,13.0,4.0,1.18,13.1
2023.0,6.0,14.0,4.0,2.98,13.2
2023.0,6.0,15.0,1.0,3.56,9.8
2023.0,6.0,16.0,4.0,2.06,11.3
2023.0,6.0,17.0,4.0,1.34,13.3
2023.0,6.0,18.0,4.0,1.29,14.4
2023.0,6.0,19.0,7.0,1.16,15.1
2023.0,6.0,20.0,7.0,1.34,17.25
2023.0,6.0,21.0,7.0,1.33,17.8
2023.0,6.0,22.0,4.0,1.22,17.4
2023.0,6.0,23.0,4.0,1.95,19.8
2023.0,6.0,24.0,1.0,2.02,16.9
2023.0,6.0,25.0,0.0,2.32,12.6
2023.0,6.0,26.0,7.0,1.09,12.3
2023.0,6.0,27.0,4.0,1.6,15.3
2023.0,6.0,28.0,4.0,1.39,16.2
2023.0,6.0,29.0,5.0,2.11,19.5
2023.0,6.0,30.0,4.0,2.19,18.9
2023.0,7.0,1.0,4.0,1.97,19.7
2023.0,7.0,2.0,0.0,1.16,16.5
2023.0,7.0,3.0,4.0,1.74,19.4
2023.0,7.0,4.0,4.0,2.1,20.5
2023.0,7.0,5.0,7.0,2.12,19.7
2023.0,7.0,6.0,4.0,2.28,16.0
2023.0,7.0,7.0,4.0,3.05,17.8
2023.0,7.0,8.0,4.0,3.12,17.3
2023.0,7.0,9.0,4.0,3.32,15.7
2023.0,7.0,10.0,4.0,3.23,19.8
2023.0,7.0,11.0,4.0,2.97,16.9
2023.0,7.0,12.0,4.0,2.19,18.0
2023.0,7.0,13.0,4.0,2.12,17.8
2023.0,7.0,14.0,4.0,2.36,20.6
2023.0,7.0,15.0,4.0,2.88,19.8
2023.0,7.0,16.0,4.0,2.59,17.3
2023.0,7.0,17.0,5.0,3.44,16.4
2023.0,7.0,18.0,4.0,2.68,17.4
2023.0,7.0,19.0,4.0,1.45,16.65
2023.0,7.0,20.0,1.0,2.27,16.2
2023.0,7.0,21.0,4.0,1.93,19.2
2023.0,7.0,22.0,4.0,2.02,19.7
2023.0,7.0,23.0,4.0,1.97,19.8
2023.0,7.0,24.0,4.0,2.06,19.2
2023.0,7.0,25.0,4.0,1.08,19.1
2023.0,7.0,26.0,4.0,2.22,22.9
2023.0,7.0,27.0,4.0,2.2,19.9
2023.0,7.0,28.0,4.0,3.14,19.1
2023.0,7.0,29.0,4.0,1.67,18.2
2023.0,7.0,30.0,4.0,2.04,17.7
2023.0,7.0,31.0,4.0,2.0,18.0
2023.0,8.0,1.0,4.0,2.14,19.8
2023.0,8.0,2.0,4.0,2.27,22.4
2023.0,8.0,3.0,4.0,2.11,23.1
2023.0,8.0,4.0,4.0,2.83,20.3
2023.0,8.0,5.0,4.0,1.92,18.3
2023.0,8.0,6.0,4.0,1.75,17.7
2023.0,8.0,7.0,4.0,1.6,18.7
2023.0,8.0,8.0,4.0,2.25,20.0
2023.0,8.0,9.0,4.0,2.16,20.8
2023.0,8.0,10.0,7.0,3.42,19.2
2023.0,8.0,11.0,4.0,2.48,17.1
2023.0,8.0,12.0,1.0,3.27,17.7
2023.0,8.0,13.0,1.0,3.18,17.2
2023.0,8.0,14.0,1.0,2.74,17.2
2023.0,8.0,15.0,4.0,3.04,15.3
2023.0,8.0,16.0,4.0,5.25,24.45
2023.0,8.0,17.0,7.0,5.75,18.2
2023.0,8.0,18.0,4.0,2.94,18.2
2023.0,8.0,19.0,4.0,3.52,21.1
2023.0,8.0,20.0,4.0,2.13,21.7
2023.0,8.0,21.0,4.0,2.26,18.3
2023.0,8.0,22.0,4.0,1.36,18.5
2023.0,8.0,23.0,7.0,1.83,17.5
2023.0,8.0,24.0,1.0,2.32,16.9
2023.0,8.0,25.0,4.0,2.23,17.5
2023.0,8.0,26.0,1.0,6.84,15.3
2023.0,8.0,27.0,4.0,2.44,11.1
2023.0,8.0,28.0,4.0,2.21,15.9
2023.0,8.0,29.0,1.0,3.58,16.9
2023.0,8.0,30.0,4.0,1.89,13.6
2023.0,8.0,31.0,4.0,2.62,15.45
2023.0,9.0,1.0,4.0,4.29,19.4
2023.0,9.0,2.0,4.0,4.22,24.6
2023.0,9.0,3.0,4.0,3.21,26.6
2023.0,9.0,4.0,4.0,3.25,26.3
2023.0,9.0,5.0,4.0,2.87,27.9
2023.0,9.0,6.0,1.0,5.66,18.9
2023.0,9.0,7.0,1.0,6.91,13.6
2023.0,9.0,8.0,1.0,1.64,11.7
2023.0,9.0,9.0,4.0,2.45,11.5
2023.0,9.0,10.0,1.0,2.51,16.1
2023.0,9.0,11.0,4.0,3.38,13.4
2023.0,9.0,12.0,2.0,2.36,11.4
2023.0,9.0,13.0,4.0,2.54,11.7
2023.0,9.0,14.0,4.0,2.92,9.1
2023.0,9.0,15.0,4.0,3.87,17.5
2023.0,9.0,16.0,4.0,2.46,15.25
2023.0,9.0,17.0,4.0,3.14,12.0
2023.0,9.0,18.0,4.0,3.23,9.9
2023.0,9.0,19.0,4.0,2.66,13.9
2023.0,9.0,20.0,4.0,2.2,18.7
2023.0,9.0,21.0,4.0,1.9,18.4
2023.0,9.0,22.0,4.0,1.77,16.9
2023.0,9.0,23.0,3.0,1.54,17.0
2023.0,9.0,24.0,4.0,2.33,18.1
2023.0,9.0,25.0,1.0,0.87,15.1
2023.0,9.0,26.0,1.0,2.76,15.6
2023.0,9.0,27.0,2.0,1.04,15.9
2023.0,9.0,28.0,0.0,0.82,15.7
2023.0,9.0,29.0,4.0,2.16,17.0
2023.0,9.0,30.0,4.0,0.94,17.0
2023.0,10.0,1.0,0.0,0.76,17.0
2023.0,10.0,2.0,4.0,3.42,25.1
2023.0,10.0,3.0,4.0,3.61,24.2
2023.0,10.0,4.0,4.0,4.44,22.6
2023.0,10.0,5.0,5.0,3.54,14.4
2023.0,10.0,6.0,5.0,6.81,10.7
2023.0,10.0,7.0,0.0,7.38,9.8
2023.0,10.0,8.0,4.0,2.62,6.6
2023.0,10.0,9.0,7.0,7.5,8.4
2023.0,10.0,10.0,7.0,5.56,8.75
2023.0,10.0,11.0,4.0,2.45,8.0
2023.0,10.0,12.0,4.0,3.73,5.3
2023.0,10.0,13.0,2.0,4.0,8.5
2023.0,10.0,14.0,1.0,6.66,10.4
2023.0,10.0,15.0,1.0,5.62,10.2
2023.0,10.0,16.0,1.0,4.57,9.9
2023.0,10.0,17.0,4.0,2.25,5.3
2023.0,10.0,18.0,4.0,2.27,11.5
2023.0,10.0,19.0,4.0,2.39,10.8
2023.0,10.0,20.0,0.0,5.03,10.2
2023.0,10.0,21.0,4.0,2.02,6.3
2023.0,10.0,22.0,4.0,1.84,7.0
2023.0,10.0,23.0,4.0,2.81,9.1
2023.0,10.0,24.0,4.0,1.82,12.0
2023.0,10.0,25.0,1.0,5.6,10.4
2023.0,10.0,26.0,1.0,3.73,9.2
2023.0,10.0,27.0,6.0,3.13,8.9
2023.0,10.0,28.0,6.0,3.56,1.85
2023.0,10.0,29.0,5.0,2.71,-0.2
2023.0,10.0,30.0,5.0,3.36,-1.0
2023.0,10.0,31.0,4.0,3.92,0.05
