YY,MM,DD,DISC
2012,06,01,17500
2012,06,02,14600
2012,06,03,12000
2012,06,04,10100
2012,06,05,8560
2012,06,06,7270
2012,06,07,6010
2012,06,08,5330
2012,06,09,4590
2012,06,10,3980
2012,06,11,3670
2012,06,12,3530
2012,06,13,3150
2012,06,14,2860
2012,06,15,3020
2012,06,16,3060
2012,06,17,3350
2012,06,18,4230
2012,06,19,5330
2012,06,20,35900
2012,06,21,45000
2012,06,22,42800
2012,06,23,39600
2012,06,24,37800
2012,06,25,35900
2012,06,26,31100
2012,06,27,25200
2012,06,28,19400
2012,06,29,14400
2012,06,30,10600
2012,07,01,8280
2012,07,02,6500
2012,07,03,5990
2012,07,04,6150
2012,07,05,5930
2012,07,06,5330
2012,07,07,4990
2012,07,08,4630
2012,07,09,4280
2012,07,10,3980
2012,07,11,3610
2012,07,12,3260
2012,07,13,3050
2012,07,14,2710
2012,07,15,2650
2012,07,16,2350
2012,07,17,2400
2012,07,18,2020
2012,07,19,1900
2012,07,20,1760
2012,07,21,1640
2012,07,22,1520
2012,07,23,1470
2012,07,24,1260
2012,07,25,1470
2012,07,26,1820
2012,07,27,2140
2012,07,28,2080
2012,07,29,1800
2012,07,30,1800
2012,07,31,1760
2012,08,01,1780
2012,08,02,1730
2012,08,03,1540
2012,08,04,1650
2012,08,05,1610
2012,08,06,1570
2012,08,07,1500
2012,08,08,1370
2012,08,09,1280
2012,08,10,1290
2012,08,11,1160
2012,08,12,1050
2012,08,13,1050
2012,08,14,978
2012,08,15,914
2012,08,16,983
2012,08,17,905
2012,08,18,838
2012,08,19,837
2012,08,20,839
2012,08,21,777
2012,08,22,728
2012,08,23,715
2012,08,24,740
2012,08,25,726
2012,08,26,625
2012,08,27,647
2012,08,28,676
2012,08,29,657
2012,08,30,585
2012,08,31,588
2012,09,01,583
2012,09,02,535
2012,09,03,516
2012,09,04,521
2012,09,05,513
2012,09,06,504
2012,09,07,511
2012,09,08,510
2012,09,09,453
2012,09,10,424
2012,09,11,518
2012,09,12,523
2012,09,13,462
2012,09,14,443
2012,09,15,433
2012,09,16,446
2012,09,17,475
2012,09,18,482
2012,09,19,384
2012,09,20,422
2012,09,21,501
2012,09,22,500
2012,09,23,491
2012,09,24,486
2012,09,25,488
2012,09,26,488
2012,09,27,485
2012,09,28,457
2012,09,29,429
2012,09,30,437
2012,10,01,527
2012,10,02,523
2012,10,03,512
2012,10,04,517
2012,10,05,503
2012,10,06,502
2012,10,07,494
2012,10,08,489
2012,10,09,493
2012,10,10,523
2012,10,11,557
2012,10,12,503
2012,10,13,446
2012,10,14,446
2012,10,15,441
2012,10,16,440
2012,10,17,410
2012,10,18,404
2012,10,19,463
2012,10,20,458
2012,10,21,467
2012,10,22,460
2012,10,23,457
2012,10,24,531
2012,10,25,564
2012,10,26,595
2012,10,27,513
2012,10,28,549
2012,10,29,539
2012,10,30,540
2012,10,31,515
2013,06,01,8730
2013,06,02,7630
2013,06,03,6190
2013,06,04,5430
2013,06,05,5060
2013,06,06,5160
2013,06,07,5230
2013,06,08,4870
2013,06,09,4430
2013,06,10,4740
2013,06,11,5020
2013,06,12,4730
2013,06,13,3990
2013,06,14,3320
2013,06,15,2870
2013,06,16,2630
2013,06,17,2400
2013,06,18,2250
2013,06,19,2160
2013,06,20,2060
2013,06,21,3530
2013,06,22,6830
2013,06,23,8180
2013,06,24,9270
2013,06,25,9430
2013,06,26,8990
2013,06,27,8310
2013,06,28,7790
2013,06,29,7770
2013,06,30,7240
2013,07,01,6460
2013,07,02,5800
2013,07,03,5090
2013,07,04,4450
2013,07,05,3900
2013,07,06,3430
2013,07,07,3080
2013,07,08,2990
2013,07,09,2900
2013,07,10,2840
2013,07,11,2810
2013,07,12,2720
2013,07,13,2620
2013,07,14,2760
2013,07,15,2990
2013,07,16,3400
2013,07,17,3460
2013,07,18,3280
2013,07,19,3220
2013,07,20,3060
2013,07,21,2730
2013,07,22,2530
2013,07,23,2360
2013,07,24,2290
2013,07,25,2140
2013,07,26,1980
2013,07,27,1770
2013,07,28,1690
2013,07,29,1690
2013,07,30,1510
2013,07,31,1390
2013,08,01,1310
2013,08,02,1260
2013,08,03,1040
2013,08,04,999
2013,08,05,966
2013,08,06,834
2013,08,07,961
2013,08,08,846
2013,08,09,932
2013,08,10,815
2013,08,11,735
2013,08,12,752
2013,08,13,728
2013,08,14,652
2013,08,15,532
2013,08,16,624
2013,08,17,582
2013,08,18,523
2013,08,19,450
2013,08,20,571
2013,08,21,521
2013,08,22,449
2013,08,23,439
2013,08,24,481
2013,08,25,495
2013,08,26,510
2013,08,27,781
2013,08,28,695
2013,08,29,615
2013,08,30,692
2013,08,31,958
2013,09,01,1020
2013,09,02,786
2013,09,03,849
2013,09,04,673
2013,09,05,667
2013,09,06,624
2013,09,07,593
2013,09,08,627
2013,09,09,633
2013,09,10,561
2013,09,11,566
2013,09,12,583
2013,09,13,535
2013,09,14,546
2013,09,15,675
2013,09,16,456
2013,09,17,473
2013,09,18,580
2013,09,19,513
2013,09,20,717
2013,09,21,580
2013,09,22,561
2013,09,23,559
2013,09,24,543
2013,09,25,512
2013,09,26,451
2013,09,27,553
2013,09,28,521
2013,09,29,472
2013,09,30,533
2013,10,01,583
2013,10,02,517
2013,10,03,582
2013,10,04,656
2013,10,05,663
2013,10,06,1260
2013,10,07,1410
2013,10,08,1560
2013,10,09,1510
2013,10,10,1230
2013,10,11,1140
2013,10,12,1080
2013,10,13,1030
2013,10,14,1070
2013,10,15,1100
2013,10,16,1410
2013,10,17,1650
2013,10,18,1770
2013,10,19,1700
2013,10,20,1780
2013,10,21,1770
2013,10,22,1840
2013,10,23,1860
2013,10,24,1750
2013,10,25,1710
2013,10,26,1620
2013,10,27,1620
2013,10,28,1450
2013,10,29,1410
2013,10,30,1440
2013,10,31,1320
2014,06,01,4410
2014,06,02,7860
2014,06,03,12100
2014,06,04,12900
2014,06,05,12100
2014,06,06,11300
2014,06,07,10800
2014,06,08,10300
2014,06,09,9260
2014,06,10,7960
2014,06,11,6870
2014,06,12,6620
2014,06,13,8160
2014,06,14,8450
2014,06,15,8280
2014,06,16,9310
2014,06,17,9300
2014,06,18,8320
2014,06,19,7300
2014,06,20,6500
2014,06,21,6130
2014,06,22,5820
2014,06,23,5170
2014,06,24,4600
2014,06,25,4420
2014,06,26,4350
2014,06,27,4030
2014,06,28,3840
2014,06,29,3720
2014,06,30,3640
2014,07,01,3370
2014,07,02,2800
2014,07,03,2390
2014,07,04,2230
2014,07,05,1970
2014,07,06,1890
2014,07,07,1800
2014,07,08,1620
2014,07,09,1450
2014,07,10,1460
2014,07,11,1480
2014,07,12,1480
2014,07,13,1460
2014,07,14,1300
2014,07,15,1360
2014,07,16,1320
2014,07,17,1310
2014,07,18,1170
2014,07,19,1160
2014,07,20,1020
2014,07,21,1010
2014,07,22,1070
2014,07,23,923
2014,07,24,946
2014,07,25,897
2014,07,26,898
2014,07,27,846
2014,07,28,982
2014,07,29,949
2014,07,30,774
2014,07,31,863
2014,08,01,778
2014,08,02,724
2014,08,03,787
2014,08,04,726
2014,08,05,666
2014,08,06,627
2014,08,07,567
2014,08,08,666
2014,08,09,563
2014,08,10,522
2014,08,11,822
2014,08,12,696
2014,08,13,681
2014,08,14,664
2014,08,15,556
2014,08,16,560
2014,08,17,607
2014,08,18,828
2014,08,19,846
2014,08,20,846
2014,08,21,816
2014,08,22,866
2014,08,23,784
2014,08,24,727
2014,08,25,820
2014,08,26,784
2014,08,27,698
2014,08,28,676
2014,08,29,684
2014,08,30,790
2014,08,31,670
2014,09,01,789
2014,09,02,810
2014,09,03,705
2014,09,04,707
2014,09,05,730
2014,09,06,638
2014,09,07,645
2014,09,08,661
2014,09,09,661
2014,09,10,799
2014,09,11,673
2014,09,12,681
2014,09,13,739
2014,09,14,716
2014,09,15,656
2014,09,16,647
2014,09,17,716
2014,09,18,581
2014,09,19,620
2014,09,20,678
2014,09,21,717
2014,09,22,725
2014,09,23,711
2014,09,24,763
2014,09,25,692
2014,09,26,673
2014,09,27,603
2014,09,28,604
2014,09,29,668
2014,09,30,655
2014,10,01,648
2014,10,02,750
2014,10,03,854
2014,10,04,993
2014,10,05,1040
2014,10,06,917
2014,10,07,923
2014,10,08,929
2014,10,09,828
2014,10,10,767
2014,10,11,749
2014,10,12,749
2014,10,13,751
2014,10,14,739
2014,10,15,681
2014,10,16,674
2014,10,17,860
2014,10,18,858
2014,10,19,733
2014,10,20,822
2014,10,21,693
2014,10,22,723
2014,10,23,775
2014,10,24,717
2014,10,25,715
2014,10,26,649
2014,10,27,633
2014,10,28,705
2014,10,29,761
2014,10,30,668
2014,10,31,806
2015,06,01,4020
2015,06,02,3570
2015,06,03,3160
2015,06,04,2930
2015,06,05,3010
2015,06,06,2770
2015,06,07,2660
2015,06,08,2880
2015,06,09,3290
2015,06,10,3150
2015,06,11,2900
2015,06,12,2730
2015,06,13,2450
2015,06,14,2270
2015,06,15,2030
2015,06,16,1900
2015,06,17,1780
2015,06,18,1580
2015,06,19,1440
2015,06,20,1270
2015,06,21,1320
2015,06,22,1390
2015,06,23,1710
2015,06,24,1440
2015,06,25,1600
2015,06,26,1930
2015,06,27,1800
2015,06,28,1750
2015,06,29,2160
2015,06,30,2290
2015,07,01,2090
2015,07,02,1800
2015,07,03,1490
2015,07,04,1320
2015,07,05,1190
2015,07,06,1540
2015,07,07,1540
2015,07,08,1630
2015,07,09,1390
2015,07,10,1220
2015,07,11,1090
2015,07,12,1000
2015,07,13,1020
2015,07,14,1020
2015,07,15,934
2015,07,16,886
2015,07,17,888
2015,07,18,891
2015,07,19,785
2015,07,20,702
2015,07,21,695
2015,07,22,706
2015,07,23,567
2015,07,24,544
2015,07,25,538
2015,07,26,539
2015,07,27,532
2015,07,28,455
2015,07,29,382
2015,07,30,367
2015,07,31,349
2015,08,01,356
2015,08,02,363
2015,08,03,352
2015,08,04,290
2015,08,05,313
2015,08,06,312
2015,08,07,360
2015,08,08,498
2015,08,09,431
2015,08,10,385
2015,08,11,443
2015,08,12,462
2015,08,13,449
2015,08,14,346
2015,08,15,335
2015,08,16,310
2015,08,17,305
2015,08,18,313
2015,08,19,390
2015,08,20,511
2015,08,21,534
2015,08,22,547
2015,08,23,646
2015,08,24,814
2015,08,25,555
2015,08,26,621
2015,08,27,639
2015,08,28,626
2015,08,29,423
2015,08,30,479
2015,08,31,513
2015,09,01,501
2015,09,02,480
2015,09,03,475
2015,09,04,888
2015,09,05,1020
2015,09,06,1900
2015,09,07,5090
2015,09,08,5280
2015,09,09,4630
2015,09,10,4050
2015,09,11,3610
2015,09,12,3140
2015,09,13,2850
2015,09,14,2570
2015,09,15,2320
2015,09,16,2160
2015,09,17,1860
2015,09,18,1760
2015,09,19,1930
2015,09,20,1960
2015,09,21,1780
2015,09,22,1730
2015,09,23,1770
2015,09,24,4990
2015,09,25,8040
2015,09,26,6860
2015,09,27,5720
2015,09,28,4820
2015,09,29,4140
2015,09,30,3620
2015,10,01,3130
2015,10,02,2710
2015,10,03,2530
2015,10,04,2330
2015,10,05,2210
2015,10,06,1960
2015,10,07,1930
2015,10,08,1970
2015,10,09,1820
2015,10,10,1850
2015,10,11,1830
2015,10,12,1750
2015,10,13,1600
2015,10,14,1530
2015,10,15,1550
2015,10,16,1490
2015,10,17,1380
2015,10,18,1330
2015,10,19,1290
2015,10,20,1290
2015,10,21,1230
2015,10,22,1210
2015,10,23,1180
2015,10,24,1400
2015,10,25,1620
2015,10,26,1920
2015,10,27,1830
2015,10,28,1820
2015,10,29,2110
2015,10,30,2610
2015,10,31,2890
2016,06,01,1850
2016,06,02,1790
2016,06,03,1850
2016,06,04,1960
2016,06,05,2290
2016,06,06,2570
2016,06,07,2700
2016,06,08,2500
2016,06,09,2430
2016,06,10,2300
2016,06,11,2290
2016,06,12,2100
2016,06,13,2070
2016,06,14,2470
2016,06,15,3950
2016,06,16,5280
2016,06,17,5950
2016,06,18,5620
2016,06,19,5160
2016,06,20,4900
2016,06,21,5710
2016,06,22,5460
2016,06,23,5020
2016,06,24,4720
2016,06,25,4680
2016,06,26,4680
2016,06,27,4810
2016,06,28,4530
2016,06,29,3760
2016,06,30,3220
2016,07,01,2750
2016,07,02,2280
2016,07,03,2160
2016,07,04,1910
2016,07,05,1770
2016,07,06,1790
2016,07,07,1730
2016,07,08,1870
2016,07,09,2400
2016,07,10,3220
2016,07,11,3350
2016,07,12,4950
2016,07,13,7050
2016,07,14,6770
2016,07,15,6540
2016,07,16,6210
2016,07,17,5670
2016,07,18,5060
2016,07,19,4580
2016,07,20,3820
2016,07,21,3630
2016,07,22,3590
2016,07,23,3400
2016,07,24,3080
2016,07,25,2690
2016,07,26,2390
2016,07,27,2110
2016,07,28,1940
2016,07,29,1880
2016,07,30,1750
2016,07,31,1600
2016,08,01,1400
2016,08,02,1390
2016,08,03,1770
2016,08,04,2260
2016,08,05,2470
2016,08,06,2620
2016,08,07,2530
2016,08,08,2310
2016,08,09,2130
2016,08,10,2010
2016,08,11,1880
2016,08,12,2090
2016,08,13,1820
2016,08,14,1780
2016,08,15,1940
2016,08,16,2150
2016,08,17,2070
2016,08,18,1940
2016,08,19,1760
2016,08,20,1630
2016,08,21,1530
2016,08,22,1440
2016,08,23,1390
2016,08,24,1340
2016,08,25,1080
2016,08,26,961
2016,08,27,881
2016,08,28,836
2016,08,29,835
2016,08,30,1070
2016,08,31,1560
2016,09,01,1640
2016,09,02,1400
2016,09,03,1230
2016,09,04,1150
2016,09,05,1350
2016,09,06,1550
2016,09,07,2960
2016,09,08,4010
2016,09,09,4830
2016,09,10,4780
2016,09,11,4360
2016,09,12,3860
2016,09,13,3500
2016,09,14,3210
2016,09,15,2930
2016,09,16,2670
2016,09,17,2680
2016,09,18,3320
2016,09,19,3540
2016,09,20,3170
2016,09,21,2920
2016,09,22,2680
2016,09,23,2480
2016,09,24,2340
2016,09,25,2300
2016,09,26,2450
2016,09,27,2790
2016,09,28,2940
2016,09,29,3060
2016,09,30,2870
2016,10,01,2770
2016,10,02,2730
2016,10,03,2550
2016,10,04,2530
2016,10,05,2420
2016,10,06,2280
2016,10,07,2380
2016,10,08,2530
2016,10,09,2640
2016,10,10,2600
2016,10,11,2440
2016,10,12,2380
2016,10,13,2210
2016,10,14,2160
2016,10,15,2160
2016,10,16,1960
2016,10,17,1950
2016,10,18,2120
2016,10,19,2190
2016,10,20,2130
2016,10,21,2000
2016,10,22,1950
2016,10,23,1870
2016,10,24,1860
2016,10,25,1770
2016,10,26,1730
2016,10,27,1700
2016,10,28,1750
2016,10,29,1750
2016,10,30,1670
2016,10,31,1570
2017,06,01,5310
2017,06,02,4540
2017,06,03,4000
2017,06,04,3760
2017,06,05,3680
2017,06,06,3390
2017,06,07,3070
2017,06,08,2760
2017,06,09,2510
2017,06,10,2330
2017,06,11,2280
2017,06,12,2150
2017,06,13,1990
2017,06,14,2370
2017,06,15,3460
2017,06,16,3480
2017,06,17,2950
2017,06,18,2640
2017,06,19,2560
2017,06,20,2650
2017,06,21,2520
2017,06,22,2340
2017,06,23,2090
2017,06,24,2140
2017,06,25,1940
2017,06,26,2040
2017,06,27,2050
2017,06,28,2060
2017,06,29,2730
2017,06,30,3930
2017,07,01,3870
2017,07,02,3580
2017,07,03,3280
2017,07,04,2930
2017,07,05,2710
2017,07,06,3160
2017,07,07,3270
2017,07,08,3350
2017,07,09,3350
2017,07,10,3230
2017,07,11,3080
2017,07,12,2920
2017,07,13,2720
2017,07,14,2460
2017,07,15,2250
2017,07,16,1900
2017,07,17,1710
2017,07,18,1500
2017,07,19,1460
2017,07,20,1410
2017,07,21,1320
2017,07,22,1520
2017,07,23,1850
2017,07,24,2020
2017,07,25,1840
2017,07,26,1760
2017,07,27,1560
2017,07,28,1350
2017,07,29,1170
2017,07,30,983
2017,07,31,868
2017,08,01,907
2017,08,02,905
2017,08,03,964
2017,08,04,1170
2017,08,05,1290
2017,08,06,1430
2017,08,07,1210
2017,08,08,1070
2017,08,09,944
2017,08,10,952
2017,08,11,1190
2017,08,12,1190
2017,08,13,1100
2017,08,14,993
2017,08,15,952
2017,08,16,1020
2017,08,17,1380
2017,08,18,5900
2017,08,19,7410
2017,08,20,6500
2017,08,21,5340
2017,08,22,4810
2017,08,23,4150
2017,08,24,3710
2017,08,25,3200
2017,08,26,3050
2017,08,27,4550
2017,08,28,7060
2017,08,29,7110
2017,08,30,6070
2017,08,31,4950
2017,09,01,4230
2017,09,02,3960
2017,09,03,4900
2017,09,04,5090
2017,09,05,4630
2017,09,06,4300
2017,09,07,4100
2017,09,08,4050
2017,09,09,3720
2017,09,10,3290
2017,09,11,3120
2017,09,12,2970
2017,09,13,2830
2017,09,14,2610
2017,09,15,2320
2017,09,16,4360
2017,09,17,6540
2017,09,18,6640
2017,09,19,6470
2017,09,20,6200
2017,09,21,6450
2017,09,22,6690
2017,09,23,6780
2017,09,24,6810
2017,09,25,8020
2017,09,26,9290
2017,09,27,11100
2017,09,28,11700
2017,09,29,10700
2017,09,30,9630
2017,10,01,8700
2017,10,02,8160
2017,10,03,10800
2017,10,04,14800
2017,10,05,14600
2017,10,06,13100
2017,10,07,11700
2017,10,08,10500
2017,10,09,9450
2017,10,10,8500
2017,10,11,7700
2017,10,12,6900
2017,10,13,6260
2017,10,14,5540
2017,10,15,5270
2017,10,16,4810
2017,10,17,4560
2017,10,18,4160
2017,10,19,3900
2017,10,20,3690
2017,10,21,3330
2017,10,22,3310
2017,10,23,3190
2017,10,24,3110
2017,10,25,2880
2017,10,26,2850
2017,10,27,3170
2017,10,28,3150
2017,10,29,3260
2017,10,30,3250
2017,10,31,3110
2018,06,01,3160
2018,06,02,3170
2018,06,03,4000
2018,06,04,5140
2018,06,05,5180
2018,06,06,4740
2018,06,07,4470
2018,06,08,4160
2018,06,09,3730
2018,06,10,3610
2018,06,11,3990
2018,06,12,3780
2018,06,13,3480
2018,06,14,3220
2018,06,15,2940
2018,06,16,2980
2018,06,17,4790
2018,06,18,12600
2018,06,19,11000
2018,06,20,8440
2018,06,21,6640
2018,06,22,5570
2018,06,23,4600
2018,06,24,3910
2018,06,25,3630
2018,06,26,3200
2018,06,27,2880
2018,06,28,2580
2018,06,29,2580
2018,06,30,2560
2018,07,01,3020
2018,07,02,4250
2018,07,03,4340
2018,07,04,4480
2018,07,05,4970
2018,07,06,5200
2018,07,07,4910
2018,07,08,4410
2018,07,09,4930
2018,07,10,6300
2018,07,11,6260
2018,07,12,6830
2018,07,13,7260
2018,07,14,6140
2018,07,15,5300
2018,07,16,4510
2018,07,17,4010
2018,07,18,3410
2018,07,19,2800
2018,07,20,2510
2018,07,21,2430
2018,07,22,2280
2018,07,23,2120
2018,07,24,1930
2018,07,25,1750
2018,07,26,1630
2018,07,27,1460
2018,07,28,1470
2018,07,29,1400
2018,07,30,1260
2018,07,31,1130
2018,08,01,1180
2018,08,02,1200
2018,08,03,1200
2018,08,04,1400
2018,08,05,1390
2018,08,06,1390
2018,08,07,1450
2018,08,08,1250
2018,08,09,1170
2018,08,10,1220
2018,08,11,1010
2018,08,12,977
2018,08,13,971
2018,08,14,962
2018,08,15,815
2018,08,16,814
2018,08,17,769
2018,08,18,697
2018,08,19,697
2018,08,20,710
2018,08,21,691
2018,08,22,703
2018,08,23,693
2018,08,24,702
2018,08,25,685
2018,08,26,674
2018,08,27,650
2018,08,28,646
2018,08,29,700
2018,08,30,721
2018,08,31,745
2018,09,01,868
2018,09,02,1090
2018,09,03,993
2018,09,04,994
2018,09,05,941
2018,09,06,900
2018,09,07,866
2018,09,08,798
2018,09,09,717
2018,09,10,749
2018,09,11,682
2018,09,12,660
2018,09,13,668
2018,09,14,663
2018,09,15,2560
2018,09,16,3840
2018,09,17,3160
2018,09,18,2550
2018,09,19,2280
2018,09,20,2040
2018,09,21,2030
2018,09,22,2310
2018,09,23,2240
2018,09,24,2160
2018,09,25,2140
2018,09,26,2180
2018,09,27,2250
2018,09,28,2280
2018,09,29,2300
2018,09,30,2260
2018,10,01,2140
2018,10,02,2130
2018,10,03,2000
2018,10,04,2050
2018,10,05,2370
2018,10,06,2880
2018,10,07,3220
2018,10,08,3450
2018,10,09,3940
2018,10,10,7540
2018,10,11,12700
2018,10,12,13300
2018,10,13,12500
2018,10,14,11500
2018,10,15,10800
2018,10,16,10100
2018,10,17,9260
2018,10,18,8060
2018,10,19,6920
2018,10,20,6240
2018,10,21,5690
2018,10,22,5220
2018,10,23,4650
2018,10,24,4270
2018,10,25,3940
2018,10,26,3830
2018,10,27,3750
2018,10,28,4150
2018,10,29,4700
2018,10,30,4670
2018,10,31,4470
2019,06,01,3870
2019,06,02,3400
2019,06,03,2960
2019,06,04,2810
2019,06,05,3440
2019,06,06,2970
2019,06,07,2820
2019,06,08,2870
2019,06,09,2910
2019,06,10,2630
2019,06,11,2460
2019,06,12,2370
2019,06,13,2270
2019,06,14,2150
2019,06,15,1930
2019,06,16,1900
2019,06,17,1810
2019,06,18,1680
2019,06,19,1600
2019,06,20,1640
2019,06,21,1650
2019,06,22,1550
2019,06,23,1450
2019,06,24,1860
2019,06,25,2000
2019,06,26,2270
2019,06,27,2560
2019,06,28,2910
2019,06,29,3150
2019,06,30,3690
2019,07,01,4650
2019,07,02,4710
2019,07,03,4050
2019,07,04,3640
2019,07,05,3210
2019,07,06,2890
2019,07,07,2550
2019,07,08,2280
2019,07,09,2080
2019,07,10,1980
2019,07,11,1830
2019,07,12,1570
2019,07,13,1610
2019,07,14,1370
2019,07,15,1290
2019,07,16,1110
2019,07,17,1090
2019,07,18,1110
2019,07,19,1170
2019,07,20,1110
2019,07,21,1020
2019,07,22,992
2019,07,23,890
2019,07,24,827
2019,07,25,803
2019,07,26,818
2019,07,27,787
2019,07,28,767
2019,07,29,1050
2019,07,30,928
2019,07,31,1090
2019,08,01,956
2019,08,02,952
2019,08,03,869
2019,08,04,946
2019,08,05,1180
2019,08,06,1100
2019,08,07,1260
2019,08,08,1110
2019,08,09,1000
2019,08,10,917
2019,08,11,857
2019,08,12,825
2019,08,13,770
2019,08,14,772
2019,08,15,616
2019,08,16,658
2019,08,17,677
2019,08,18,686
2019,08,19,620
2019,08,20,531
2019,08,21,559
2019,08,22,590
2019,08,23,586
2019,08,24,585
2019,08,25,487
2019,08,26,551
2019,08,27,764
2019,08,28,605
2019,08,29,640
2019,08,30,705
2019,08,31,593
2019,09,01,617
2019,09,02,604
2019,09,03,751
2019,09,04,615
2019,09,05,647
2019,09,06,774
2019,09,07,710
2019,09,08,623
2019,09,09,659
2019,09,10,865
2019,09,11,857
2019,09,12,951
2019,09,13,1180
2019,09,14,1410
2019,09,15,1670
2019,09,16,1710
2019,09,17,1720
2019,09,18,2160
2019,09,19,2860
2019,09,20,3400
2019,09,21,3320
2019,09,22,3240
2019,09,23,3440
2019,09,24,3220
2019,09,25,2910
2019,09,26,2620
2019,09,27,2500
2019,09,28,2380
2019,09,29,2320
2019,09,30,2430
2019,10,01,3730
2019,10,02,4800
2019,10,03,4550
2019,10,04,5110
2019,10,05,5880
2019,10,06,6920
2019,10,07,7370
2019,10,08,6990
2019,10,09,6400
2019,10,10,6050
2019,10,11,6060
2019,10,12,6690
2019,10,13,7270
2019,10,14,7230
2019,10,15,6740
2019,10,16,6060
2019,10,17,5550
2019,10,18,5050
2019,10,19,4550
2019,10,20,4150
2019,10,21,4080
2019,10,22,8410
2019,10,23,10200
2019,10,24,9850
2019,10,25,8870
2019,10,26,8230
2019,10,27,7860
2019,10,28,7370
2019,10,29,6870
2019,10,30,6360
2019,10,31,5720
2020,06,01,1140
2020,06,02,1130
2020,06,03,1170
2020,06,04,1030
2020,06,05,994
2020,06,06,955
2020,06,07,923
2020,06,08,926
2020,06,09,1800
2020,06,10,2260
2020,06,11,2620
2020,06,12,3040
2020,06,13,2700
2020,06,14,2340
2020,06,15,2020
2020,06,16,1750
2020,06,17,1650
2020,06,18,1550
2020,06,19,1400
2020,06,20,1230
2020,06,21,1100
2020,06,22,1070
2020,06,23,871
2020,06,24,935
2020,06,25,998
2020,06,26,909
2020,06,27,874
2020,06,28,887
2020,06,29,733
2020,06,30,735
2020,07,01,750
2020,07,02,780
2020,07,03,730
2020,07,04,583
2020,07,05,578
2020,07,06,540
2020,07,07,506
2020,07,08,531
2020,07,09,881
2020,07,10,912
2020,07,11,990
2020,07,12,854
2020,07,13,757
2020,07,14,731
2020,07,15,769
2020,07,16,838
2020,07,17,861
2020,07,18,1170
2020,07,19,1800
2020,07,20,2490
2020,07,21,2350
2020,07,22,2360
2020,07,23,2830
2020,07,24,2750
2020,07,25,2480
2020,07,26,2210
2020,07,27,2020
2020,07,28,1840
2020,07,29,1570
2020,07,30,1360
2020,07,31,1130
2020,08,01,1100
2020,08,02,985
2020,08,03,916
2020,08,04,852
2020,08,05,731
2020,08,06,750
2020,08,07,705
2020,08,08,755
2020,08,09,1220
2020,08,10,1750
2020,08,11,1640
2020,08,12,1810
2020,08,13,1500
2020,08,14,1480
2020,08,15,1590
2020,08,16,2440
2020,08,17,2740
2020,08,18,2260
2020,08,19,1860
2020,08,20,1610
2020,08,21,1410
2020,08,22,1320
2020,08,23,1280
2020,08,24,1170
2020,08,25,1280
2020,08,26,1070
2020,08,27,1010
2020,08,28,1010
2020,08,29,1010
2020,08,30,895
2020,08,31,987
2020,09,01,948
2020,09,02,927
2020,09,03,1050
2020,09,04,1060
2020,09,05,936
2020,09,06,774
2020,09,07,913
2020,09,08,786
2020,09,09,718
2020,09,10,729
2020,09,11,729
2020,09,12,717
2020,09,13,720
2020,09,14,636
2020,09,15,598
2020,09,16,572
2020,09,17,604
2020,09,18,634
2020,09,19,617
2020,09,20,504
2020,09,21,470
2020,09,22,534
2020,09,23,545
2020,09,24,616
2020,09,25,615
2020,09,26,580
2020,09,27,529
2020,09,28,542
2020,09,29,588
2020,09,30,702
2020,10,01,748
2020,10,02,676
2020,10,03,688
2020,10,04,679
2020,10,05,687
2020,10,06,682
2020,10,07,740
2020,10,08,741
2020,10,09,745
2020,10,10,744
2020,10,11,696
2020,10,12,899
2020,10,13,1170
2020,10,14,1180
2020,10,15,1440
2020,10,16,1570
2020,10,17,1730
2020,10,18,1720
2020,10,19,1590
2020,10,20,1640
2020,10,21,1580
2020,10,22,1580
2020,10,23,1590
2020,10,24,1540
2020,10,25,1540
2020,10,26,1450
2020,10,27,1440
2020,10,28,1360
2020,10,29,1350
2020,10,30,1360
2020,10,31,1380
2021,06,01,1600
2021,06,02,1510
2021,06,03,1420
2021,06,04,1320
2021,06,05,1230
2021,06,06,1150
2021,06,07,1050
2021,06,08,1050
2021,06,09,959
2021,06,10,905
2021,06,11,913
2021,06,12,909
2021,06,13,842
2021,06,14,769
2021,06,15,758
2021,06,16,652
2021,06,17,662
2021,06,18,689
2021,06,19,686
2021,06,20,699
2021,06,21,705
2021,06,22,604
2021,06,23,453
2021,06,24,506
2021,06,25,498
2021,06,26,512
2021,06,27,510
2021,06,28,500
2021,06,29,514
2021,06,30,533
2021,07,01,551
2021,07,02,519
2021,07,03,478
2021,07,04,437
2021,07,05,449
2021,07,06,452
2021,07,07,449
2021,07,08,450
2021,07,09,432
2021,07,10,366
2021,07,11,319
2021,07,12,314
2021,07,13,323
2021,07,14,316
2021,07,15,340
2021,07,16,220
2021,07,17,230
2021,07,18,228
2021,07,19,233
2021,07,20,234
2021,07,21,233
2021,07,22,232
2021,07,23,235
2021,07,24,317
2021,07,25,313
2021,07,26,314
2021,07,27,302
2021,07,28,303
2021,07,29,303
2021,07,30,295
2021,07,31,301
2021,08,01,311
2021,08,02,278
2021,08,03,248
2021,08,04,266
2021,08,05,263
2021,08,06,258
2021,08,07,258
2021,08,08,257
2021,08,09,246
2021,08,10,253
2021,08,11,261
2021,08,12,246
2021,08,13,261
2021,08,14,241
2021,08,15,251
2021,08,16,229
2021,08,17,198
2021,08,18,190
2021,08,19,164
2021,08,20,171
2021,08,21,156
2021,08,22,156
2021,08,23,156
2021,08,24,157
2021,08,25,158
2021,08,26,184
2021,08,27,197
2021,08,28,208
2021,08,29,309
2021,08,30,348
2021,08,31,280
2021,09,01,264
2021,09,02,275
2021,09,03,278
2021,09,04,286
2021,09,05,316
2021,09,06,332
2021,09,07,326
2021,09,08,305
2021,09,09,272
2021,09,10,258
2021,09,11,234
2021,09,12,220
2021,09,13,241
2021,09,14,273
2021,09,15,316
2021,09,16,314
2021,09,17,645
2021,09,18,564
2021,09,19,489
2021,09,20,465
2021,09,21,474
2021,09,22,464
2021,09,23,456
2021,09,24,518
2021,09,25,547
2021,09,26,525
2021,09,27,416
2021,09,28,418
2021,09,29,494
2021,09,30,524
2021,10,01,506
2021,10,02,423
2021,10,03,393
2021,10,04,395
2021,10,05,446
2021,10,06,509
2021,10,07,564
2021,10,08,502
2021,10,09,502
2021,10,10,546
2021,10,11,742
2021,10,12,747
2021,10,13,735
2021,10,14,748
2021,10,15,738
2021,10,16,739
2021,10,17,675
2021,10,18,662
2021,10,19,642
2021,10,20,625
2021,10,21,573
2021,10,22,587
2021,10,23,586
2021,10,24,617
2021,10,25,659
2021,10,26,649
2021,10,27,537
2021,10,28,543
2021,10,29,550
2021,10,30,588
2021,10,31,584
2022,06,01,10600
2022,06,02,10900
2022,06,03,10400
2022,06,04,8960
2022,06,05,7540
2022,06,06,6710
2022,06,07,5760
2022,06,08,5040
2022,06,09,4300
2022,06,10,3620
2022,06,11,3100
2022,06,12,2690
2022,06,13,2680
2022,06,14,4190
2022,06,15,4790
2022,06,16,4700
2022,06,17,4420
2022,06,18,4030
2022,06,19,3700
2022,06,20,3400
2022,06,21,3480
2022,06,22,3480
2022,06,23,3460
2022,06,24,3000
2022,06,25,3580
2022,06,26,4790
2022,06,27,4750
2022,06,28,3970
2022,06,29,3410
2022,06,30,3160
2022,07,01,3420
2022,07,02,3280
2022,07,03,2880
2022,07,04,2870
2022,07,05,3480
2022,07,06,4130
2022,07,07,3800
2022,07,08,3490
2022,07,09,3280
2022,07,10,3020
2022,07,11,2890
2022,07,12,2840
2022,07,13,2930
2022,07,14,2810
2022,07,15,2430
2022,07,16,2360
2022,07,17,2120
2022,07,18,1920
2022,07,19,1610
2022,07,20,1560
2022,07,21,1450
2022,07,22,1380
2022,07,23,1230
2022,07,24,1170
2022,07,25,1020
2022,07,26,967
2022,07,27,953
2022,07,28,1020
2022,07,29,1530
2022,07,30,1400
2022,07,31,1320
2022,08,01,1260
2022,08,02,1140
2022,08,03,1530
2022,08,04,1460
2022,08,05,1530
2022,08,06,1710
2022,08,07,1790
2022,08,08,2270
2022,08,09,2260
2022,08,10,2270
2022,08,11,2310
2022,08,12,2120
2022,08,13,2040
2022,08,14,1950
2022,08,15,1740
2022,08,16,1600
2022,08,17,1740
2022,08,18,1670
2022,08,19,2000
2022,08,20,2440
2022,08,21,2500
2022,08,22,2610
2022,08,23,2520
2022,08,24,2360
2022,08,25,2170
2022,08,26,2010
2022,08,27,1900
2022,08,28,1810
2022,08,29,1910
2022,08,30,2320
2022,08,31,2050
2022,09,01,1800
2022,09,02,1700
2022,09,03,1650
2022,09,04,1570
2022,09,05,1430
2022,09,06,1190
2022,09,07,1110
2022,09,08,951
2022,09,09,1100
2022,09,10,1050
2022,09,11,900
2022,09,12,883
2022,09,13,844
2022,09,14,775
2022,09,15,730
2022,09,16,804
2022,09,17,899
2022,09,18,947
2022,09,19,1290
2022,09,20,1540
2022,09,21,1570
2022,09,22,1410
2022,09,23,1190
2022,09,24,1130
2022,09,25,1170
2022,09,26,1210
2022,09,27,1210
2022,09,28,1140
2022,09,29,1170
2022,09,30,978
2022,10,01,914
2022,10,02,990
2022,10,03,968
2022,10,04,886
2022,10,05,804
2022,10,06,880
2022,10,07,887
2022,10,08,744
2022,10,09,733
2022,10,10,738
2022,10,11,716
2022,10,12,816
2022,10,13,879
2022,10,14,832
2022,10,15,808
2022,10,16,936
2022,10,17,1020
2022,10,18,996
2022,10,19,989
2022,10,20,972
2022,10,21,989
2022,10,22,956
2022,10,23,950
2022,10,24,996
2022,10,25,1030
2022,10,26,1010
2022,10,27,1020
2022,10,28,1060
2022,10,29,1090
2022,10,30,1150
2022,10,31,1140
2023,06,01,1410
2023,06,02,1480
2023,06,03,1630
2023,06,04,1640
2023,06,05,1470
2023,06,06,1370
2023,06,07,1340
2023,06,08,1200
2023,06,09,1110
2023,06,10,1060
2023,06,11,1010
2023,06,12,988
2023,06,13,927
2023,06,14,909
2023,06,15,875
2023,06,16,844
2023,06,17,797
2023,06,18,757
2023,06,19,722
2023,06,20,664
2023,06,21,779
2023,06,22,704
2023,06,23,684
2023,06,24,958
2023,06,25,984
2023,06,26,992
2023,06,27,969
2023,06,28,955
2023,06,29,1330
2023,06,30,1370
2023,07,01,1280
2023,07,02,1260
2023,07,03,1130
2023,07,04,983
2023,07,05,915
2023,07,06,861
2023,07,07,762
2023,07,08,741
2023,07,09,698
2023,07,10,689
2023,07,11,648
2023,07,12,600
2023,07,13,643
2023,07,14,630
2023,07,15,583
2023,07,16,502
2023,07,17,489
2023,07,18,472
2023,07,19,541
2023,07,20,628
2023,07,21,590
2023,07,22,615
2023,07,23,749
2023,07,24,679
2023,07,25,643
2023,07,26,643
2023,07,27,628
2023,07,28,592
2023,07,29,568
2023,07,30,577
2023,07,31,527
2023,08,01,499
2023,08,02,490
2023,08,03,452
2023,08,04,465
2023,08,05,466
2023,08,06,441
2023,08,07,394
2023,08,08,418
2023,08,09,400
2023,08,10,377
2023,08,11,397
2023,08,12,455
2023,08,13,465
2023,08,14,461
2023,08,15,436
2023,08,16,413
2023,08,17,384
2023,08,18,401
2023,08,19,399
2023,08,20,444
2023,08,21,411
2023,08,22,377
2023,08,23,384
2023,08,24,380
2023,08,25,440
2023,08,26,456
2023,08,27,416
2023,08,28,417
2023,08,29,408
2023,08,30,381
2023,08,31,379
2023,09,01,348
2023,09,02,353
2023,09,03,365
2023,09,04,362
2023,09,05,420
2023,09,06,415
2023,09,07,467
2023,09,08,520
2023,09,09,569
2023,09,10,587
2023,09,11,612
2023,09,12,647
2023,09,13,754
2023,09,14,597
2023,09,15,869
2023,09,16,939
2023,09,17,819
2023,09,18,813
2023,09,19,736
2023,09,20,719
2023,09,21,717
2023,09,22,640
2023,09,23,659
2023,09,24,1110
2023,09,25,1560
2023,09,26,3180
2023,09,27,3910
2023,09,28,3810
2023,09,29,3650
2023,09,30,3640
2023,10,01,3690
2023,10,02,3510
2023,10,03,3170
2023,10,04,2850
2023,10,05,2450
2023,10,06,2340
2023,10,07,2090
2023,10,08,2010
2023,10,09,1900
2023,10,10,1720
2023,10,11,1660
2023,10,12,1620
2023,10,13,1520
2023,10,14,1510
2023,10,15,1440
2023,10,16,1390
2023,10,17,1220
2023,10,18,1130
2023,10,19,1040
2023,10,20,1010
2023,10,21,1050
2023,10,22,1100
2023,10,23,1030
2023,10,24,1020
2023,10,25,1040
2023,10,26,1120
2023,10,27,1250
2023,10,28,1270
2023,10,29,1400
2023,10,30,1400
2023,10,31,1350
