YY,MM,DD,DISC 
2012,06,01,332
2012,06,02,302
2012,06,03,275
2012,06,04,249
2012,06,05,229
2012,06,06,220
2012,06,07,207
2012,06,08,205
2012,06,09,194
2012,06,10,182
2012,06,11,178
2012,06,12,169
2012,06,13,163
2012,06,14,171
2012,06,15,178
2012,06,16,171
2012,06,17,174
2012,06,18,189
2012,06,19,199
2012,06,20,495
2012,06,21,476
2012,06,22,331
2012,06,23,279
2012,06,24,268
2012,06,25,245
2012,06,26,224
2012,06,27,205
2012,06,28,194
2012,06,29,180
2012,06,30,172
2012,07,01,166
2012,07,02,161
2012,07,03,172
2012,07,04,164
2012,07,05,156
2012,07,06,155
2012,07,07,153
2012,07,08,146
2012,07,09,143
2012,07,10,139
2012,07,11,137
2012,07,12,134
2012,07,13,133
2012,07,14,131
2012,07,15,130
2012,07,16,129
2012,07,17,128
2012,07,18,128
2012,07,19,126
2012,07,20,125
2012,07,21,123
2012,07,22,120
2012,07,23,119
2012,07,24,117
2012,07,25,145
2012,07,26,143
2012,07,27,134
2012,07,28,127
2012,07,29,123
2012,07,30,124
2012,07,31,122
2012,08,01,120
2012,08,02,119
2012,08,03,118
2012,08,04,134
2012,08,05,126
2012,08,06,121
2012,08,07,120
2012,08,08,121
2012,08,09,122
2012,08,10,121
2012,08,11,119
2012,08,12,117
2012,08,13,117
2012,08,14,116
2012,08,15,115
2012,08,16,120
2012,08,17,117
2012,08,18,118
2012,08,19,125
2012,08,20,120
2012,08,21,118
2012,08,22,116
2012,08,23,119
2012,08,24,126
2012,08,25,125
2012,08,26,121
2012,08,27,119
2012,08,28,118
2012,08,29,118
2012,08,30,118
2012,08,31,117
2012,09,01,116
2012,09,02,115
2012,09,03,114
2012,09,04,114
2012,09,05,115
2012,09,06,115
2012,09,07,120
2012,09,08,123
2012,09,09,121
2012,09,10,119
2012,09,11,118
2012,09,12,117
2012,09,13,117
2012,09,14,117
2012,09,15,117
2012,09,16,117
2012,09,17,118
2012,09,18,117
2012,09,19,119
2012,09,20,121
2012,09,21,119
2012,09,22,130
2012,09,23,125
2012,09,24,122
2012,09,25,120
2012,09,26,120
2012,09,27,119
2012,09,28,119
2012,09,29,119
2012,09,30,119
2012,10,01,119
2012,10,02,120
2012,10,03,120
2012,10,04,119
2012,10,05,118
2012,10,06,119
2012,10,07,118
2012,10,08,118
2012,10,09,119
2012,10,10,118
2012,10,11,122
2012,10,12,120
2012,10,13,120
2012,10,14,120
2012,10,15,119
2012,10,16,120
2012,10,17,120
2012,10,18,122
2012,10,19,124
2012,10,20,123
2012,10,21,121
2012,10,22,120
2012,10,23,130
2012,10,24,136
2012,10,25,158
2012,10,26,152
2012,10,27,141
2012,10,28,135
2012,10,29,130
2012,10,30,127
2012,10,31,127
2013,06,01,322
2013,06,02,307
2013,06,03,289
2013,06,04,265
2013,06,05,273
2013,06,06,283
2013,06,07,267
2013,06,08,255
2013,06,09,256
2013,06,10,266
2013,06,11,254
2013,06,12,240
2013,06,13,224
2013,06,14,211
2013,06,15,201
2013,06,16,197
2013,06,17,192
2013,06,18,184
2013,06,19,179
2013,06,20,186
2013,06,21,344
2013,06,22,379
2013,06,23,326
2013,06,24,288
2013,06,25,258
2013,06,26,234
2013,06,27,212
2013,06,28,202
2013,06,29,193
2013,06,30,182
2013,07,01,176
2013,07,02,170
2013,07,03,165
2013,07,04,162
2013,07,05,158
2013,07,06,155
2013,07,07,187
2013,07,08,181
2013,07,09,178
2013,07,10,176
2013,07,11,166
2013,07,12,159
2013,07,13,209
2013,07,14,197
2013,07,15,183
2013,07,16,178
2013,07,17,169
2013,07,18,161
2013,07,19,155
2013,07,20,150
2013,07,21,147
2013,07,22,145
2013,07,23,143
2013,07,24,141
2013,07,25,141
2013,07,26,144
2013,07,27,148
2013,07,28,152
2013,07,29,148
2013,07,30,145
2013,07,31,143
2013,08,01,140
2013,08,02,140
2013,08,03,139
2013,08,04,138
2013,08,05,158
2013,08,06,160
2013,08,07,151
2013,08,08,145
2013,08,09,142
2013,08,10,139
2013,08,11,138
2013,08,12,137
2013,08,13,135
2013,08,14,134
2013,08,15,134
2013,08,16,133
2013,08,17,132
2013,08,18,131
2013,08,19,131
2013,08,20,131
2013,08,21,132
2013,08,22,130
2013,08,23,129
2013,08,24,130
2013,08,25,129
2013,08,26,177
2013,08,27,407
2013,08,28,287
2013,08,29,232
2013,08,30,196
2013,08,31,173
2013,09,01,169
2013,09,02,162
2013,09,03,156
2013,09,04,153
2013,09,05,149
2013,09,06,148
2013,09,07,146
2013,09,08,145
2013,09,09,147
2013,09,10,146
2013,09,11,144
2013,09,12,143
2013,09,13,141
2013,09,14,140
2013,09,15,140
2013,09,16,140
2013,09,17,138
2013,09,18,137
2013,09,19,140
2013,09,20,143
2013,09,21,139
2013,09,22,137
2013,09,23,136
2013,09,24,135
2013,09,25,134
2013,09,26,134
2013,09,27,133
2013,09,28,135
2013,09,29,138
2013,09,30,135
2013,10,01,134
2013,10,02,133
2013,10,03,149
2013,10,04,162
2013,10,05,175
2013,10,06,222
2013,10,07,206
2013,10,08,189
2013,10,09,178
2013,10,10,168
2013,10,11,160
2013,10,12,155
2013,10,13,150
2013,10,14,149
2013,10,15,193
2013,10,16,248
2013,10,17,226
2013,10,18,230
2013,10,19,224
2013,10,20,220
2013,10,21,233
2013,10,22,219
2013,10,23,206
2013,10,24,197
2013,10,25,188
2013,10,26,180
2013,10,27,176
2013,10,28,173
2013,10,29,169
2013,10,30,171
2013,10,31,173
2014,06,01,261
2014,06,02,292
2014,06,03,286
2014,06,04,258
2014,06,05,236
2014,06,06,217
2014,06,07,254
2014,06,08,267
2014,06,09,245
2014,06,10,229
2014,06,11,209
2014,06,12,220
2014,06,13,225
2014,06,14,209
2014,06,15,250
2014,06,16,261
2014,06,17,239
2014,06,18,214
2014,06,19,195
2014,06,20,195
2014,06,21,185
2014,06,22,177
2014,06,23,172
2014,06,24,167
2014,06,25,162
2014,06,26,159
2014,06,27,158
2014,06,28,160
2014,06,29,180
2014,06,30,168
2014,07,01,157
2014,07,02,151
2014,07,03,146
2014,07,04,144
2014,07,05,143
2014,07,06,142
2014,07,07,143
2014,07,08,192
2014,07,09,191
2014,07,10,178
2014,07,11,195
2014,07,12,232
2014,07,13,196
2014,07,14,184
2014,07,15,179
2014,07,16,165
2014,07,17,158
2014,07,18,153
2014,07,19,150
2014,07,20,149
2014,07,21,146
2014,07,22,154
2014,07,23,149
2014,07,24,145
2014,07,25,143
2014,07,26,142
2014,07,27,141
2014,07,28,139
2014,07,29,139
2014,07,30,144
2014,07,31,145
2014,08,01,138
2014,08,02,135
2014,08,03,134
2014,08,04,136
2014,08,05,133
2014,08,06,131
2014,08,07,130
2014,08,08,129
2014,08,09,128
2014,08,10,127
2014,08,11,129
2014,08,12,129
2014,08,13,127
2014,08,14,124
2014,08,15,123
2014,08,16,125
2014,08,17,127
2014,08,18,132
2014,08,19,141
2014,08,20,141
2014,08,21,138
2014,08,22,136
2014,08,23,133
2014,08,24,132
2014,08,25,281
2014,08,26,268
2014,08,27,205
2014,08,28,174
2014,08,29,228
2014,08,30,261
2014,08,31,252
2014,09,01,465
2014,09,02,432
2014,09,03,306
2014,09,04,279
2014,09,05,261
2014,09,06,236
2014,09,07,221
2014,09,08,210
2014,09,09,197
2014,09,10,431
2014,09,11,414
2014,09,12,341
2014,09,13,302
2014,09,14,271
2014,09,15,247
2014,09,16,221
2014,09,17,207
2014,09,18,196
2014,09,19,189
2014,09,20,185
2014,09,21,193
2014,09,22,184
2014,09,23,180
2014,09,24,177
2014,09,25,176
2014,09,26,174
2014,09,27,171
2014,09,28,168
2014,09,29,170
2014,09,30,164
2014,10,01,178
2014,10,02,207
2014,10,03,222
2014,10,04,334
2014,10,05,317
2014,10,06,271
2014,10,07,245
2014,10,08,227
2014,10,09,212
2014,10,10,199
2014,10,11,189
2014,10,12,183
2014,10,13,178
2014,10,14,175
2014,10,15,174
2014,10,16,170
2014,10,17,170
2014,10,18,169
2014,10,19,167
2014,10,20,165
2014,10,21,163
2014,10,22,162
2014,10,23,162
2014,10,24,162
2014,10,25,161
2014,10,26,158
2014,10,27,157
2014,10,28,157
2014,10,29,157
2014,10,30,155
2014,10,31,154
2015,06,01,185
2015,06,02,180
2015,06,03,180
2015,06,04,220
2015,06,05,209
2015,06,06,197
2015,06,07,203
2015,06,08,196
2015,06,09,190
2015,06,10,180
2015,06,11,175
2015,06,12,171
2015,06,13,171
2015,06,14,167
2015,06,15,167
2015,06,16,168
2015,06,17,171
2015,06,18,172
2015,06,19,170
2015,06,20,170
2015,06,21,169
2015,06,22,172
2015,06,23,167
2015,06,24,170
2015,06,25,174
2015,06,26,169
2015,06,27,165
2015,06,28,161
2015,06,29,167
2015,06,30,167
2015,07,01,163
2015,07,02,161
2015,07,03,159
2015,07,04,157
2015,07,05,156
2015,07,06,193
2015,07,07,185
2015,07,08,170
2015,07,09,160
2015,07,10,149
2015,07,11,142
2015,07,12,139
2015,07,13,172
2015,07,14,182
2015,07,15,168
2015,07,16,158
2015,07,17,153
2015,07,18,147
2015,07,19,140
2015,07,20,135
2015,07,21,131
2015,07,22,129
2015,07,23,128
2015,07,24,128
2015,07,25,127
2015,07,26,125
2015,07,27,123
2015,07,28,122
2015,07,29,122
2015,07,30,120
2015,07,31,118
2015,08,01,117
2015,08,02,117
2015,08,03,117
2015,08,04,117
2015,08,05,115
2015,08,06,117
2015,08,07,165
2015,08,08,164
2015,08,09,158
2015,08,10,154
2015,08,11,146
2015,08,12,138
2015,08,13,132
2015,08,14,127
2015,08,15,124
2015,08,16,124
2015,08,17,124
2015,08,18,128
2015,08,19,198
2015,08,20,223
2015,08,21,219
2015,08,22,226
2015,08,23,233
2015,08,24,215
2015,08,25,193
2015,08,26,179
2015,08,27,170
2015,08,28,164
2015,08,29,160
2015,08,30,156
2015,08,31,153
2015,09,01,152
2015,09,02,154
2015,09,03,153
2015,09,04,150
2015,09,05,148
2015,09,06,160
2015,09,07,198
2015,09,08,196
2015,09,09,190
2015,09,10,180
2015,09,11,169
2015,09,12,160
2015,09,13,152
2015,09,14,147
2015,09,15,142
2015,09,16,140
2015,09,17,151
2015,09,18,153
2015,09,19,147
2015,09,20,144
2015,09,21,141
2015,09,22,138
2015,09,23,139
2015,09,24,159
2015,09,25,162
2015,09,26,157
2015,09,27,155
2015,09,28,150
2015,09,29,144
2015,09,30,140
2015,10,01,138
2015,10,02,136
2015,10,03,136
2015,10,04,135
2015,10,05,135
2015,10,06,135
2015,10,07,134
2015,10,08,146
2015,10,09,148
2015,10,10,146
2015,10,11,143
2015,10,12,142
2015,10,13,139
2015,10,14,138
2015,10,15,137
2015,10,16,135
2015,10,17,134
2015,10,18,134
2015,10,19,135
2015,10,20,133
2015,10,21,135
2015,10,22,134
2015,10,23,136
2015,10,24,153
2015,10,25,153
2015,10,26,163
2015,10,27,166
2015,10,28,189
2015,10,29,218
2015,10,30,213
2015,10,31,214
2016,06,01,222
2016,06,02,208
2016,06,03,203
2016,06,04,246
2016,06,05,266
2016,06,06,285
2016,06,07,272
2016,06,08,259
2016,06,09,242
2016,06,10,228
2016,06,11,216
2016,06,12,203
2016,06,13,214
2016,06,14,210
2016,06,15,248
2016,06,16,253
2016,06,17,230
2016,06,18,209
2016,06,19,194
2016,06,20,191
2016,06,21,179
2016,06,22,172
2016,06,23,182
2016,06,24,174
2016,06,25,182
2016,06,26,234
2016,06,27,212
2016,06,28,200
2016,06,29,186
2016,06,30,184
2016,07,01,182
2016,07,02,176
2016,07,03,170
2016,07,04,163
2016,07,05,158
2016,07,06,155
2016,07,07,153
2016,07,08,165
2016,07,09,159
2016,07,10,156
2016,07,11,213
2016,07,12,544
2016,07,13,419
2016,07,14,346
2016,07,15,313
2016,07,16,282
2016,07,17,259
2016,07,18,238
2016,07,19,219
2016,07,20,204
2016,07,21,214
2016,07,22,211
2016,07,23,196
2016,07,24,185
2016,07,25,178
2016,07,26,172
2016,07,27,170
2016,07,28,168
2016,07,29,164
2016,07,30,162
2016,07,31,160
2016,08,01,156
2016,08,02,164
2016,08,03,166
2016,08,04,162
2016,08,05,157
2016,08,06,153
2016,08,07,150
2016,08,08,147
2016,08,09,146
2016,08,10,154
2016,08,11,168
2016,08,12,166
2016,08,13,163
2016,08,14,157
2016,08,15,152
2016,08,16,154
2016,08,17,150
2016,08,18,147
2016,08,19,148
2016,08,20,153
2016,08,21,161
2016,08,22,156
2016,08,23,150
2016,08,24,146
2016,08,25,144
2016,08,26,142
2016,08,27,142
2016,08,28,144
2016,08,29,154
2016,08,30,158
2016,08,31,155
2016,09,01,149
2016,09,02,145
2016,09,03,143
2016,09,04,142
2016,09,05,173
2016,09,06,188
2016,09,07,185
2016,09,08,191
2016,09,09,182
2016,09,10,175
2016,09,11,167
2016,09,12,161
2016,09,13,157
2016,09,14,154
2016,09,15,152
2016,09,16,153
2016,09,17,154
2016,09,18,152
2016,09,19,151
2016,09,20,149
2016,09,21,151
2016,09,22,158
2016,09,23,154
2016,09,24,152
2016,09,25,152
2016,09,26,153
2016,09,27,152
2016,09,28,153
2016,09,29,150
2016,09,30,149
2016,10,01,148
2016,10,02,148
2016,10,03,147
2016,10,04,145
2016,10,05,148
2016,10,06,149
2016,10,07,209
2016,10,08,203
2016,10,09,194
2016,10,10,186
2016,10,11,175
2016,10,12,167
2016,10,13,159
2016,10,14,156
2016,10,15,155
2016,10,16,153
2016,10,17,173
2016,10,18,171
2016,10,19,167
2016,10,20,163
2016,10,21,161
2016,10,22,159
2016,10,23,158
2016,10,24,157
2016,10,25,156
2016,10,26,155
2016,10,27,157
2016,10,28,157
2016,10,29,156
2016,10,30,156
2016,10,31,155
2017,06,01,236
2017,06,02,226
2017,06,03,227
2017,06,04,212
2017,06,05,200
2017,06,06,190
2017,06,07,182
2017,06,08,176
2017,06,09,172
2017,06,10,169
2017,06,11,167
2017,06,12,167
2017,06,13,173
2017,06,14,178
2017,06,15,170
2017,06,16,163
2017,06,17,161
2017,06,18,164
2017,06,19,163
2017,06,20,160
2017,06,21,156
2017,06,22,153
2017,06,23,151
2017,06,24,149
2017,06,25,149
2017,06,26,149
2017,06,27,147
2017,06,28,163
2017,06,29,222
2017,06,30,220
2017,07,01,200
2017,07,02,171
2017,07,03,159
2017,07,04,152
2017,07,05,163
2017,07,06,175
2017,07,07,186
2017,07,08,179
2017,07,09,174
2017,07,10,170
2017,07,11,163
2017,07,12,165
2017,07,13,164
2017,07,14,159
2017,07,15,155
2017,07,16,152
2017,07,17,150
2017,07,18,156
2017,07,19,154
2017,07,20,151
2017,07,21,152
2017,07,22,164
2017,07,23,157
2017,07,24,152
2017,07,25,150
2017,07,26,155
2017,07,27,153
2017,07,28,148
2017,07,29,144
2017,07,30,143
2017,07,31,141
2017,08,01,140
2017,08,02,139
2017,08,03,160
2017,08,04,185
2017,08,05,169
2017,08,06,159
2017,08,07,151
2017,08,08,146
2017,08,09,145
2017,08,10,167
2017,08,11,168
2017,08,12,159
2017,08,13,152
2017,08,14,152
2017,08,15,151
2017,08,16,150
2017,08,17,189
2017,08,18,189
2017,08,19,172
2017,08,20,164
2017,08,21,157
2017,08,22,153
2017,08,23,150
2017,08,24,149
2017,08,25,147
2017,08,26,166
2017,08,27,250
2017,08,28,228
2017,08,29,200
2017,08,30,183
2017,08,31,173
2017,09,01,162
2017,09,02,160
2017,09,03,158
2017,09,04,156
2017,09,05,156
2017,09,06,154
2017,09,07,152
2017,09,08,152
2017,09,09,150
2017,09,10,149
2017,09,11,148
2017,09,12,147
2017,09,13,146
2017,09,14,146
2017,09,15,146
2017,09,16,157
2017,09,17,166
2017,09,18,160
2017,09,19,155
2017,09,20,167
2017,09,21,164
2017,09,22,168
2017,09,23,174
2017,09,24,172
2017,09,25,173
2017,09,26,204
2017,09,27,200
2017,09,28,186
2017,09,29,183
2017,09,30,172
2017,10,01,166
2017,10,02,174
2017,10,03,545
2017,10,04,499
2017,10,05,406
2017,10,06,373
2017,10,07,353
2017,10,08,326
2017,10,09,292
2017,10,10,268
2017,10,11,250
2017,10,12,236
2017,10,13,225
2017,10,14,215
2017,10,15,250
2017,10,16,244
2017,10,17,237
2017,10,18,226
2017,10,19,210
2017,10,20,200
2017,10,21,196
2017,10,22,194
2017,10,23,189
2017,10,24,190
2017,10,25,188
2017,10,26,184
2017,10,27,225
2017,10,28,268
2017,10,29,254
2017,10,30,246
2017,10,31,242
2018,06,01,288
2018,06,02,292
2018,06,03,326
2018,06,04,293
2018,06,05,266
2018,06,06,255
2018,06,07,241
2018,06,08,229
2018,06,09,218
2018,06,10,210
2018,06,11,203
2018,06,12,198
2018,06,13,191
2018,06,14,182
2018,06,15,273
2018,06,16,343
2018,06,17,964
2018,06,18,1030
2018,06,19,860
2018,06,20,738
2018,06,21,632
2018,06,22,561
2018,06,23,497
2018,06,24,434
2018,06,25,381
2018,06,26,343
2018,06,27,311
2018,06,28,281
2018,06,29,258
2018,06,30,241
2018,07,01,274
2018,07,02,310
2018,07,03,271
2018,07,04,245
2018,07,05,224
2018,07,06,200
2018,07,07,187
2018,07,08,176
2018,07,09,168
2018,07,10,162
2018,07,11,157
2018,07,12,162
2018,07,13,160
2018,07,14,153
2018,07,15,148
2018,07,16,143
2018,07,17,139
2018,07,18,137
2018,07,19,134
2018,07,20,133
2018,07,21,132
2018,07,22,130
2018,07,23,127
2018,07,24,127
2018,07,25,131
2018,07,26,133
2018,07,27,130
2018,07,28,129
2018,07,29,129
2018,07,30,129
2018,07,31,135
2018,08,01,141
2018,08,02,139
2018,08,03,140
2018,08,04,142
2018,08,05,142
2018,08,06,138
2018,08,07,135
2018,08,08,138
2018,08,09,138
2018,08,10,133
2018,08,11,131
2018,08,12,130
2018,08,13,129
2018,08,14,128
2018,08,15,128
2018,08,16,128
2018,08,17,127
2018,08,18,127
2018,08,19,127
2018,08,20,128
2018,08,21,128
2018,08,22,126
2018,08,23,124
2018,08,24,187
2018,08,25,181
2018,08,26,175
2018,08,27,353
2018,08,28,446
2018,08,29,386
2018,08,30,341
2018,08,31,306
2018,09,01,276
2018,09,02,248
2018,09,03,223
2018,09,04,207
2018,09,05,242
2018,09,06,233
2018,09,07,216
2018,09,08,199
2018,09,09,187
2018,09,10,180
2018,09,11,176
2018,09,12,171
2018,09,13,169
2018,09,14,166
2018,09,15,237
2018,09,16,253
2018,09,17,246
2018,09,18,236
2018,09,19,220
2018,09,20,212
2018,09,21,242
2018,09,22,216
2018,09,23,205
2018,09,24,199
2018,09,25,232
2018,09,26,218
2018,09,27,210
2018,09,28,203
2018,09,29,189
2018,09,30,181
2018,10,01,176
2018,10,02,176
2018,10,03,179
2018,10,04,199
2018,10,05,204
2018,10,06,201
2018,10,07,189
2018,10,08,197
2018,10,09,235
2018,10,10,438
2018,10,11,468
2018,10,12,399
2018,10,13,359
2018,10,14,329
2018,10,15,299
2018,10,16,273
2018,10,17,254
2018,10,18,237
2018,10,19,227
2018,10,20,222
2018,10,21,214
2018,10,22,207
2018,10,23,201
2018,10,24,195
2018,10,25,193
2018,10,26,192
2018,10,27,191
2018,10,28,213
2018,10,29,213
2018,10,30,209
2018,10,31,205
2019,06,01,235
2019,06,02,221
2019,06,03,212
2019,06,04,249
2019,06,05,330
2019,06,06,281
2019,06,07,252
2019,06,08,229
2019,06,09,216
2019,06,10,212
2019,06,11,201
2019,06,12,191
2019,06,13,184
2019,06,14,182
2019,06,15,186
2019,06,16,179
2019,06,17,175
2019,06,18,173
2019,06,19,170
2019,06,20,167
2019,06,21,164
2019,06,22,163
2019,06,23,163
2019,06,24,169
2019,06,25,170
2019,06,26,167
2019,06,27,163
2019,06,28,165
2019,06,29,162
2019,06,30,225
2019,07,01,245
2019,07,02,227
2019,07,03,208
2019,07,04,196
2019,07,05,198
2019,07,06,182
2019,07,07,174
2019,07,08,169
2019,07,09,166
2019,07,10,167
2019,07,11,163
2019,07,12,161
2019,07,13,158
2019,07,14,156
2019,07,15,156
2019,07,16,155
2019,07,17,153
2019,07,18,158
2019,07,19,165
2019,07,20,167
2019,07,21,163
2019,07,22,158
2019,07,23,150
2019,07,24,148
2019,07,25,147
2019,07,26,145
2019,07,27,144
2019,07,28,146
2019,07,29,163
2019,07,30,157
2019,07,31,151
2019,08,01,146
2019,08,02,143
2019,08,03,143
2019,08,04,142
2019,08,05,146
2019,08,06,147
2019,08,07,148
2019,08,08,148
2019,08,09,144
2019,08,10,141
2019,08,11,139
2019,08,12,138
2019,08,13,139
2019,08,14,139
2019,08,15,138
2019,08,16,138
2019,08,17,139
2019,08,18,148
2019,08,19,146
2019,08,20,144
2019,08,21,143
2019,08,22,141
2019,08,23,137
2019,08,24,137
2019,08,25,136
2019,08,26,143
2019,08,27,154
2019,08,28,155
2019,08,29,151
2019,08,30,146
2019,08,31,143
2019,09,01,143
2019,09,02,143
2019,09,03,153
2019,09,04,150
2019,09,05,154
2019,09,06,155
2019,09,07,152
2019,09,08,150
2019,09,09,152
2019,09,10,165
2019,09,11,163
2019,09,12,171
2019,09,13,192
2019,09,14,180
2019,09,15,176
2019,09,16,172
2019,09,17,167
2019,09,18,168
2019,09,19,164
2019,09,20,161
2019,09,21,164
2019,09,22,175
2019,09,23,172
2019,09,24,169
2019,09,25,166
2019,09,26,161
2019,09,27,161
2019,09,28,159
2019,09,29,157
2019,09,30,314
2019,10,01,386
2019,10,02,303
2019,10,03,295
2019,10,04,272
2019,10,05,263
2019,10,06,259
2019,10,07,243
2019,10,08,231
2019,10,09,219
2019,10,10,210
2019,10,11,214
2019,10,12,205
2019,10,13,204
2019,10,14,200
2019,10,15,197
2019,10,16,200
2019,10,17,197
2019,10,18,192
2019,10,19,189
2019,10,20,183
2019,10,21,192
2019,10,22,233
2019,10,23,227
2019,10,24,219
2019,10,25,211
2019,10,26,204
2019,10,27,194
2019,10,28,186
2019,10,29,180
2019,10,30,177
2019,10,31,175
2020,06,01,200
2020,06,02,183
2020,06,03,174
2020,06,04,170
2020,06,05,165
2020,06,06,162
2020,06,07,161
2020,06,08,160
2020,06,09,155
2020,06,10,158
2020,06,11,155
2020,06,12,152
2020,06,13,148
2020,06,14,146
2020,06,15,145
2020,06,16,144
2020,06,17,142
2020,06,18,140
2020,06,19,139
2020,06,20,139
2020,06,21,141
2020,06,22,139
2020,06,23,136
2020,06,24,136
2020,06,25,134
2020,06,26,134
2020,06,27,133
2020,06,28,132
2020,06,29,142
2020,06,30,144
2020,07,01,141
2020,07,02,140
2020,07,03,135
2020,07,04,134
2020,07,05,132
2020,07,06,133
2020,07,07,138
2020,07,08,192
2020,07,09,455
2020,07,10,266
2020,07,11,221
2020,07,12,198
2020,07,13,179
2020,07,14,187
2020,07,15,204
2020,07,16,182
2020,07,17,176
2020,07,18,277
2020,07,19,441
2020,07,20,315
2020,07,21,374
2020,07,22,407
2020,07,23,344
2020,07,24,294
2020,07,25,268
2020,07,26,253
2020,07,27,235
2020,07,28,219
2020,07,29,206
2020,07,30,196
2020,07,31,190
2020,08,01,195
2020,08,02,193
2020,08,03,182
2020,08,04,175
2020,08,05,171
2020,08,06,168
2020,08,07,164
2020,08,08,394
2020,08,09,416
2020,08,10,589
2020,08,11,395
2020,08,12,322
2020,08,13,305
2020,08,14,284
2020,08,15,271
2020,08,16,249
2020,08,17,235
2020,08,18,222
2020,08,19,211
2020,08,20,205
2020,08,21,195
2020,08,22,241
2020,08,23,282
2020,08,24,229
2020,08,25,213
2020,08,26,209
2020,08,27,209
2020,08,28,203
2020,08,29,197
2020,08,30,193
2020,08,31,199
2020,09,01,192
2020,09,02,184
2020,09,03,178
2020,09,04,170
2020,09,05,167
2020,09,06,166
2020,09,07,163
2020,09,08,160
2020,09,09,158
2020,09,10,156
2020,09,11,154
2020,09,12,160
2020,09,13,159
2020,09,14,155
2020,09,15,154
2020,09,16,152
2020,09,17,150
2020,09,18,149
2020,09,19,149
2020,09,20,149
2020,09,21,146
2020,09,22,146
2020,09,23,153
2020,09,24,187
2020,09,25,175
2020,09,26,173
2020,09,27,170
2020,09,28,164
2020,09,29,160
2020,09,30,157
2020,10,01,155
2020,10,02,153
2020,10,03,152
2020,10,04,152
2020,10,05,152
2020,10,06,151
2020,10,07,150
2020,10,08,149
2020,10,09,149
2020,10,10,148
2020,10,11,148
2020,10,12,172
2020,10,13,174
2020,10,14,170
2020,10,15,174
2020,10,16,165
2020,10,17,162
2020,10,18,163
2020,10,19,159
2020,10,20,159
2020,10,21,164
2020,10,22,167
2020,10,23,181
2020,10,24,183
2020,10,25,177
2020,10,26,172
2020,10,27,166
2020,10,28,162
2020,10,29,163
2020,10,30,162
2020,10,31,163
2021,06,01,163
2021,06,02,157
2021,06,03,153
2021,06,04,150
2021,06,05,147
2021,06,06,143
2021,06,07,139
2021,06,08,139
2021,06,09,138
2021,06,10,138
2021,06,11,138
2021,06,12,137
2021,06,13,135
2021,06,14,134
2021,06,15,134
2021,06,16,134
2021,06,17,137
2021,06,18,136
2021,06,19,133
2021,06,20,139
2021,06,21,151
2021,06,22,141
2021,06,23,134
2021,06,24,152
2021,06,25,138
2021,06,26,136
2021,06,27,137
2021,06,28,140
2021,06,29,139
2021,06,30,137
2021,07,01,134
2021,07,02,133
2021,07,03,132
2021,07,04,131
2021,07,05,129
2021,07,06,138
2021,07,07,145
2021,07,08,137
2021,07,09,132
2021,07,10,129
2021,07,11,128
2021,07,12,125
2021,07,13,125
2021,07,14,127
2021,07,15,127
2021,07,16,125
2021,07,17,124
2021,07,18,124
2021,07,19,124
2021,07,20,124
2021,07,21,125
2021,07,22,128
2021,07,23,128
2021,07,24,146
2021,07,25,145
2021,07,26,141
2021,07,27,167
2021,07,28,142
2021,07,29,136
2021,07,30,132
2021,07,31,131
2021,08,01,127
2021,08,02,128
2021,08,03,127
2021,08,04,127
2021,08,05,129
2021,08,06,128
2021,08,07,129
2021,08,08,131
2021,08,09,131
2021,08,10,130
2021,08,11,130
2021,08,12,127
2021,08,13,126
2021,08,14,126
2021,08,15,128
2021,08,16,125
2021,08,17,124
2021,08,18,127
2021,08,19,124
2021,08,20,124
2021,08,21,125
2021,08,22,125
2021,08,23,125
2021,08,24,125
2021,08,25,125
2021,08,26,125
2021,08,27,127
2021,08,28,144
2021,08,29,185
2021,08,30,155
2021,08,31,145
2021,09,01,137
2021,09,02,132
2021,09,03,131
2021,09,04,131
2021,09,05,132
2021,09,06,130
2021,09,07,136
2021,09,08,134
2021,09,09,132
2021,09,10,131
2021,09,11,130
2021,09,12,128
2021,09,13,128
2021,09,14,157
2021,09,15,149
2021,09,16,144
2021,09,17,159
2021,09,18,152
2021,09,19,148
2021,09,20,206
2021,09,21,290
2021,09,22,274
2021,09,23,238
2021,09,24,216
2021,09,25,202
2021,09,26,184
2021,09,27,173
2021,09,28,162
2021,09,29,155
2021,09,30,151
2021,10,01,148
2021,10,02,151
2021,10,03,158
2021,10,04,160
2021,10,05,156
2021,10,06,151
2021,10,07,146
2021,10,08,146
2021,10,09,158
2021,10,10,157
2021,10,11,152
2021,10,12,149
2021,10,13,148
2021,10,14,144
2021,10,15,142
2021,10,16,140
2021,10,17,139
2021,10,18,138
2021,10,19,137
2021,10,20,136
2021,10,21,138
2021,10,22,137
2021,10,23,137
2021,10,24,135
2021,10,25,134
2021,10,26,134
2021,10,27,136
2021,10,28,140
2021,10,29,141
2021,10,30,139
2021,10,31,138
2022,06,01,214
2022,06,02,200
2022,06,03,186
2022,06,04,176
2022,06,05,171
2022,06,06,166
2022,06,07,162
2022,06,08,159
2022,06,09,155
2022,06,10,151
2022,06,11,151
2022,06,12,150
2022,06,13,147
2022,06,14,146
2022,06,15,146
2022,06,16,148
2022,06,17,141
2022,06,18,139
2022,06,19,139
2022,06,20,138
2022,06,21,143
2022,06,22,138
2022,06,23,133
2022,06,24,135
2022,06,25,138
2022,06,26,136
2022,06,27,131
2022,06,28,130
2022,06,29,129
2022,06,30,128
2022,07,01,126
2022,07,02,124
2022,07,03,125
2022,07,04,138
2022,07,05,140
2022,07,06,134
2022,07,07,130
2022,07,08,127
2022,07,09,125
2022,07,10,126
2022,07,11,132
2022,07,12,136
2022,07,13,137
2022,07,14,132
2022,07,15,131
2022,07,16,130
2022,07,17,128
2022,07,18,133
2022,07,19,128
2022,07,20,127
2022,07,21,125
2022,07,22,124
2022,07,23,123
2022,07,24,123
2022,07,25,122
2022,07,26,121
2022,07,27,122
2022,07,28,122
2022,07,29,122
2022,07,30,120
2022,07,31,120
2022,08,01,124
2022,08,02,121
2022,08,03,120
2022,08,04,118
2022,08,05,117
2022,08,06,116
2022,08,07,117
2022,08,08,124
2022,08,09,121
2022,08,10,117
2022,08,11,114
2022,08,12,115
2022,08,13,116
2022,08,14,117
2022,08,15,115
2022,08,16,115
2022,08,17,118
2022,08,18,120
2022,08,19,120
2022,08,20,121
2022,08,21,119
2022,08,22,117
2022,08,23,117
2022,08,24,122
2022,08,25,123
2022,08,26,118
2022,08,27,121
2022,08,28,121
2022,08,29,121
2022,08,30,119
2022,08,31,117
2022,09,01,117
2022,09,02,117
2022,09,03,116
2022,09,04,116
2022,09,05,115
2022,09,06,115
2022,09,07,115
2022,09,08,115
2022,09,09,136
2022,09,10,141
2022,09,11,129
2022,09,12,121
2022,09,13,118
2022,09,14,116
2022,09,15,116
2022,09,16,118
2022,09,17,146
2022,09,18,177
2022,09,19,154
2022,09,20,146
2022,09,21,141
2022,09,22,131
2022,09,23,125
2022,09,24,131
2022,09,25,133
2022,09,26,131
2022,09,27,126
2022,09,28,123
2022,09,29,122
2022,09,30,121
2022,10,01,120
2022,10,02,121
2022,10,03,122
2022,10,04,121
2022,10,05,121
2022,10,06,122
2022,10,07,123
2022,10,08,122
2022,10,09,122
2022,10,10,122
2022,10,11,122
2022,10,12,128
2022,10,13,128
2022,10,14,125
2022,10,15,128
2022,10,16,129
2022,10,17,128
2022,10,18,126
2022,10,19,124
2022,10,20,124
2022,10,21,123
2022,10,22,122
2022,10,23,122
2022,10,24,124
2022,10,25,123
2022,10,26,122
2022,10,27,121
2022,10,28,121
2022,10,29,122
2022,10,30,122
2022,10,31,122
2023,06,01,158
2023,06,02,167
2023,06,03,163
2023,06,04,155
2023,06,05,149
2023,06,06,146
2023,06,07,143
2023,06,08,140
2023,06,09,139
2023,06,10,137
2023,06,11,136
2023,06,12,135
2023,06,13,133
2023,06,14,132
2023,06,15,132
2023,06,16,132
2023,06,17,130
2023,06,18,129
2023,06,19,127
2023,06,20,126
2023,06,21,124
2023,06,22,123
2023,06,23,123
2023,06,24,127
2023,06,25,138
2023,06,26,136
2023,06,27,129
2023,06,28,130
2023,06,29,134
2023,06,30,130
2023,07,01,126
2023,07,02,122
2023,07,03,123
2023,07,04,123
2023,07,05,123
2023,07,06,120
2023,07,07,119
2023,07,08,118
2023,07,09,117
2023,07,10,117
2023,07,11,116
2023,07,12,116
2023,07,13,116
2023,07,14,118
2023,07,15,116
2023,07,16,116
2023,07,17,116
2023,07,18,117
2023,07,19,117
2023,07,20,121
2023,07,21,119
2023,07,22,116
2023,07,23,115
2023,07,24,120
2023,07,25,118
2023,07,26,116
2023,07,27,123
2023,07,28,134
2023,07,29,122
2023,07,30,115
2023,07,31,112
2023,08,01,115
2023,08,02,115
2023,08,03,116
2023,08,04,114
2023,08,05,112
2023,08,06,111
2023,08,07,114
2023,08,08,113
2023,08,09,115
2023,08,10,113
2023,08,11,117
2023,08,12,118
2023,08,13,117
2023,08,14,116
2023,08,15,115
2023,08,16,128
2023,08,17,164
2023,08,18,138
2023,08,19,127
2023,08,20,122
2023,08,21,122
2023,08,22,129
2023,08,23,125
2023,08,24,125
2023,08,25,126
2023,08,26,132
2023,08,27,128
2023,08,28,124
2023,08,29,122
2023,08,30,122
2023,08,31,121
2023,09,01,120
2023,09,02,119
2023,09,03,119
2023,09,04,119
2023,09,05,126
2023,09,06,202
2023,09,07,175
2023,09,08,161
2023,09,09,154
2023,09,10,151
2023,09,11,145
2023,09,12,151
2023,09,13,150
2023,09,14,145
2023,09,15,158
2023,09,16,154
2023,09,17,150
2023,09,18,146
2023,09,19,143
2023,09,20,141
2023,09,21,139
2023,09,22,138
2023,09,23,147
2023,09,24,254
2023,09,25,301
2023,09,26,262
2023,09,27,234
2023,09,28,215
2023,09,29,200
2023,09,30,205
2023,10,01,200
2023,10,02,194
2023,10,03,191
2023,10,04,187
2023,10,05,180
2023,10,06,182
2023,10,07,178
2023,10,08,172
2023,10,09,169
2023,10,10,165
2023,10,11,162
2023,10,12,159
2023,10,13,159
2023,10,14,161
2023,10,15,161
2023,10,16,159
2023,10,17,155
2023,10,18,156
2023,10,19,165
2023,10,20,166
2023,10,21,165
2023,10,22,162
2023,10,23,161
2023,10,24,158
2023,10,25,156
2023,10,26,167
2023,10,27,179
2023,10,28,175
2023,10,29,168
2023,10,30,163
2023,10,31,161
