YY,MM,DD,TEMP 
2012,6,1,4.42
2012,6,2,4.45
2012,6,3,4.48
2012,6,4,4.71
2012,6,5,4.99
2012,6,6,5.21
2012,6,7,5.33
2012,6,8,5.56
2012,6,9,5.42
2012,6,10,5.18
2012,6,11,5.02
2012,6,12,4.95
2012,6,13,4.93
2012,6,14,5.01
2012,6,15,5.25
2012,6,16,5.67
2012,6,17,6.05
2012,6,18,6.29
2012,6,19,7.0
2012,6,20,7.9
2012,6,21,8.67
2012,6,22,8.95
2012,6,23,9.69
2012,6,24,10.17
2012,6,25,10.28
2012,6,26,10.73
2012,6,27,11.16
2012,6,28,11.65
2012,6,29,12.22
2012,6,30,13.49
2012,7,1,14.83
2012,7,2,14.95
2012,7,3,14.91
2012,7,4,15.04
2012,7,5,16.02
2012,7,6,17.05
2012,7,7,17.49
2012,7,8,17.61
2012,7,9,17.76
2012,7,10,17.99
2012,7,11,18.08
2012,7,12,18.21
2012,7,13,19.11
2012,7,14,20.16
2012,7,15,20.01
2012,7,16,19.92
2012,7,17,19.94
2012,7,18,19.66
2012,7,19,19.45
2012,7,20,19.34
2012,7,21,19.57
2012,7,22,19.95
2012,7,23,20.06
2012,7,24,20.13
2012,7,25,19.95
2012,7,26,19.9
2012,7,27,19.84
2012,7,28,19.96
2012,7,29,20.12
2012,7,30,20.28
2012,7,31,20.33
2012,8,1,20.14
2012,8,2,20.01
2012,8,3,20.03
2012,8,4,19.87
2012,8,5,19.64
2012,8,6,19.21
2012,8,7,18.64
2012,8,8,18.52
2012,8,9,18.18
2012,8,10,17.69
2012,8,11,17.45
2012,8,12,17.62
2012,8,13,18.22
2012,8,14,18.82
2012,8,15,19.03
2012,8,16,18.37
2012,8,17,17.7
2012,8,18,17.58
2012,8,19,17.46
2012,8,20,17.29
2012,8,21,17.26
2012,8,22,17.42
2012,8,23,17.64
2012,8,24,17.9
2012,8,25,18.02
2012,8,26,18.01
2012,8,27,18.05
2012,8,28,18.37
2012,8,29,18.57
2012,8,30,18.69
2012,8,31,18.87
2012,9,1,19.04
2012,9,2,19.11
2012,9,3,19.23
2012,9,4,19.04
2012,9,5,18.72
2012,9,6,18.41
2012,9,7,18.15
2012,9,8,17.88
2012,9,9,17.7
2012,9,10,17.5
2012,9,11,17.21
2012,9,12,16.84
2012,9,13,16.47
2012,9,14,16.25
2012,9,15,16.08
2012,9,16,15.89
2012,9,17,15.48
2012,9,18,15.1
2012,9,19,14.91
2012,9,20,14.84
2012,9,21,14.66
2012,9,22,14.49
2012,9,23,14.14
2012,9,24,13.74
2012,9,25,13.57
2012,9,26,13.74
2012,9,27,13.83
2012,9,28,13.81
2012,9,29,13.86
2012,9,30,13.9
2012,10,1,13.94
2012,10,2,13.84
2012,10,3,13.78
2012,10,4,13.69
2012,10,5,13.61
2012,10,6,13.5
2012,10,7,13.12
2012,10,8,12.52
2012,10,9,11.59
2012,10,10,10.4
2012,10,11,9.46
2012,10,12,9.13
2012,10,13,8.93
2012,10,14,8.7
2012,10,15,8.7
2012,10,16,8.83
2012,10,17,8.92
2012,10,18,8.85
2012,10,19,8.8
2012,10,20,8.97
2012,10,21,9.07
2012,10,22,9.05
2012,10,23,8.97
2012,10,24,8.87
2012,10,25,8.74
2012,10,26,8.67
2012,10,27,8.87
2012,10,28,9.06
2012,10,29,9.21
2012,10,30,9.07
2012,10,31,8.86
2013,6,1,2.6
2013,6,2,2.59
2013,6,3,2.62
2013,6,4,2.62
2013,6,5,2.74
2013,6,6,2.93
2013,6,7,3.01
2013,6,8,3.02
2013,6,9,2.82
2013,6,10,2.9
2013,6,11,3.17
2013,6,12,3.35
2013,6,13,3.33
2013,6,14,3.2
2013,6,15,3.21
2013,6,16,3.3
2013,6,17,3.35
2013,6,18,3.22
2013,6,19,3.15
2013,6,20,3.23
2013,6,21,3.39
2013,6,22,3.64
2013,6,23,3.9
2013,6,24,4.14
2013,6,25,4.28
2013,6,26,4.28
2013,6,27,4.28
2013,6,28,4.43
2013,6,29,4.59
2013,6,30,4.61
2013,7,1,4.41
2013,7,2,4.35
2013,7,3,4.35
2013,7,4,4.47
2013,7,5,4.54
2013,7,6,4.71
2013,7,7,5.14
2013,7,8,5.51
2013,7,9,5.19
2013,7,10,4.9
2013,7,11,4.53
2013,7,12,4.56
2013,7,13,4.83
2013,7,14,5.61
2013,7,15,6.58
2013,7,16,7.68
2013,7,17,8.88
2013,7,18,10.0
2013,7,19,10.84
2013,7,20,11.3
2013,7,21,11.52
2013,7,22,11.57
2013,7,23,11.7
2013,7,24,11.8
2013,7,25,11.5
2013,7,26,10.72
2013,7,27,9.77
2013,7,28,9.02
2013,7,29,8.7
2013,7,30,9.29
2013,7,31,10.14
2013,8,1,10.45
2013,8,2,11.24
2013,8,3,11.66
2013,8,4,11.92
2013,8,5,12.14
2013,8,6,12.83
2013,8,7,13.29
2013,8,8,13.22
2013,8,9,13.19
2013,8,10,13.25
2013,8,11,13.22
2013,8,12,13.32
2013,8,13,13.3
2013,8,14,13.25
2013,8,15,13.17
2013,8,16,13.25
2013,8,17,13.37
2013,8,18,13.55
2013,8,19,13.77
2013,8,20,13.93
2013,8,21,13.98
2013,8,22,14.09
2013,8,23,14.02
2013,8,24,14.06
2013,8,25,14.22
2013,8,26,14.54
2013,8,27,14.81
2013,8,28,14.9
2013,8,29,15.08
2013,8,30,15.13
2013,8,31,14.83
2013,9,1,14.61
2013,9,2,14.56
2013,9,3,14.51
2013,9,4,14.34
2013,9,5,14.23
2013,9,6,14.28
2013,9,7,14.4
2013,9,8,14.39
2013,9,9,14.39
2013,9,10,14.44
2013,9,11,14.49
2013,9,12,14.46
2013,9,13,14.39
2013,9,14,14.26
2013,9,15,14.08
2013,9,16,13.98
2013,9,17,13.92
2013,9,18,13.84
2013,9,19,13.81
2013,9,20,13.76
2013,9,21,13.71
2013,9,22,13.72
2013,9,23,13.76
2013,9,24,13.9
2013,9,25,13.96
2013,9,26,14.05
2013,9,27,14.0
2013,9,28,13.85
2013,9,29,13.72
2013,9,30,13.72
2013,10,1,13.75
2013,10,2,13.66
2013,10,3,13.58
2013,10,4,13.4
2013,10,5,13.06
2013,10,6,12.67
2013,10,7,12.32
2013,10,8,12.18
2013,10,9,12.21
2013,10,10,12.35
2013,10,11,12.46
2013,10,12,12.51
2013,10,13,12.52
2013,10,14,12.42
2013,10,15,12.31
2013,10,16,12.15
2013,10,17,12.01
2013,10,18,11.93
2013,10,19,11.66
2013,10,20,11.28
2013,10,21,10.84
2013,10,22,10.47
2013,10,23,10.31
2013,10,24,10.26
2013,10,25,10.21
2013,10,26,10.03
2013,10,27,9.77
2013,10,28,9.5
2013,10,29,9.43
2013,10,30,9.47
2013,10,31,9.46
2014,6,1,2.68
2014,6,2,2.81
2014,6,3,2.85
2014,6,4,2.85
2014,6,5,2.96
2014,6,6,3.23
2014,6,7,3.55
2014,6,8,3.67
2014,6,9,3.73
2014,6,10,3.68
2014,6,11,3.63
2014,6,12,3.69
2014,6,13,3.83
2014,6,14,4.06
2014,6,15,4.5
2014,6,16,4.91
2014,6,17,5.7
2014,6,18,5.73
2014,6,19,5.72
2014,6,20,6.04
2014,6,21,7.02
2014,6,22,7.71
2014,6,23,7.92
2014,6,24,7.91
2014,6,25,7.78
2014,6,26,7.63
2014,6,27,7.85
2014,6,28,7.87
2014,6,29,7.6
2014,6,30,7.96
2014,7,1,8.65
2014,7,2,9.63
2014,7,3,10.31
2014,7,4,10.94
2014,7,5,10.83
2014,7,6,10.71
2014,7,7,10.6
2014,7,8,10.51
2014,7,9,10.43
2014,7,10,10.0
2014,7,11,11.28
2014,7,12,11.7
2014,7,13,12.04
2014,7,14,13.08
2014,7,15,13.53
2014,7,16,13.71
2014,7,17,13.79
2014,7,18,13.89
2014,7,19,14.07
2014,7,20,14.22
2014,7,21,14.37
2014,7,22,14.49
2014,7,23,13.2
2014,7,24,14.79
2014,7,25,14.73
2014,7,26,15.04
2014,7,27,15.24
2014,7,28,15.32
2014,7,29,15.4
2014,7,30,15.38
2014,7,31,15.42
2014,8,1,15.18
2014,8,2,15.1
2014,8,3,15.39
2014,8,4,15.38
2014,8,5,15.61
2014,8,6,15.9
2014,8,7,16.24
2014,8,8,16.73
2014,8,9,17.3
2014,8,10,17.82
2014,8,11,17.07
2014,8,12,16.36
2014,8,13,16.01
2014,8,14,15.75
2014,8,15,15.62
2014,8,16,15.57
2014,8,17,15.52
2014,8,18,15.46
2014,8,19,15.43
2014,8,20,15.35
2014,8,21,15.08
2014,8,22,14.85
2014,8,23,14.61
2014,8,24,14.4
2014,8,25,14.25
2014,8,26,14.1
2014,8,27,14.46
2014,8,28,14.87
2014,8,29,15.04
2014,8,30,15.18
2014,8,31,15.35
2014,9,1,15.35
2014,9,2,15.36
2014,9,3,15.15
2014,9,4,14.87
2014,9,5,14.7
2014,9,6,14.62
2014,9,7,14.56
2014,9,8,14.46
2014,9,9,14.29
2014,9,10,14.28
2014,9,11,14.18
2014,9,12,13.84
2014,9,13,13.11
2014,9,14,12.48
2014,9,15,11.84
2014,9,16,11.23
2014,9,17,10.68
2014,9,18,10.47
2014,9,19,10.27
2014,9,20,10.18
2014,9,21,10.11
2014,9,22,10.36
2014,9,23,10.48
2014,9,24,10.51
2014,9,25,10.49
2014,9,26,10.52
2014,9,27,10.57
2014,9,28,10.31
2014,9,29,10.03
2014,9,30,9.94
2014,10,1,9.93
2014,10,2,9.85
2014,10,3,9.63
2014,10,4,9.34
2014,10,5,9.18
2014,10,6,9.14
2014,10,7,9.11
2014,10,8,9.07
2014,10,9,8.92
2014,10,10,8.77
2014,10,11,8.78
2014,10,12,8.91
2014,10,13,8.99
2014,10,14,9.11
2014,10,15,9.19
2014,10,16,9.18
2014,10,17,9.02
2014,10,18,8.81
2014,10,19,8.57
2014,10,20,8.46
2014,10,21,8.39
2014,10,22,8.38
2014,10,23,8.38
2014,10,24,8.33
2014,10,25,8.27
2014,10,26,8.16
2014,10,27,8.11
2014,10,28,8.01
2014,10,29,7.79
2014,10,30,7.56
2014,10,31,7.4
2015,6,1,2.26
2015,6,2,2.24
2015,6,3,2.29
2015,6,4,2.22
2015,6,5,2.15
2015,6,6,2.3
2015,6,7,2.21
2015,6,8,2.04
2015,6,9,2.23
2015,6,10,2.5
2015,6,11,2.66
2015,6,12,2.86
2015,6,13,2.85
2015,6,14,2.75
2015,6,15,2.63
2015,6,16,2.61
2015,6,17,2.56
2015,6,18,2.4
2015,6,19,2.29
2015,6,20,2.37
2015,6,21,2.52
2015,6,22,2.58
2015,6,23,2.2
2015,6,24,2.32
2015,6,25,3.0
2015,6,26,3.01
2015,6,27,2.89
2015,6,28,2.82
2015,6,29,3.11
2015,6,30,3.47
2015,7,1,3.56
2015,7,2,3.78
2015,7,3,3.96
2015,7,4,4.02
2015,7,5,4.03
2015,7,6,4.03
2015,7,7,4.02
2015,7,8,4.02
2015,7,9,4.04
2015,7,10,4.04
2015,7,11,4.06
2015,7,12,4.11
2015,7,13,4.15
2015,7,14,6.37
2015,7,15,6.47
2015,7,16,6.68
2015,7,17,6.18
2015,7,18,5.86
2015,7,19,6.68
2015,7,20,7.39
2015,7,21,7.64
2015,7,22,7.73
2015,7,23,7.75
2015,7,24,7.76
2015,7,25,7.75
2015,7,26,8.53
2015,7,27,9.63
2015,7,28,10.51
2015,7,29,11.69
2015,7,30,12.35
2015,7,31,12.83
2015,8,1,13.18
2015,8,2,13.11
2015,8,3,12.71
2015,8,4,12.62
2015,8,5,13.14
2015,8,6,13.53
2015,8,7,14.33
2015,8,8,14.94
2015,8,9,15.09
2015,8,10,15.24
2015,8,11,15.31
2015,8,12,15.29
2015,8,13,15.33
2015,8,14,15.52
2015,8,15,15.7
2015,8,16,15.42
2015,8,17,15.09
2015,8,18,14.99
2015,8,19,14.73
2015,8,20,14.26
2015,8,21,14.0
2015,8,22,13.91
2015,8,23,13.73
2015,8,24,13.59
2015,8,25,13.06
2015,8,26,12.74
2015,8,27,12.86
2015,8,28,12.93
2015,8,29,13.18
2015,8,30,13.28
2015,8,31,13.33
2015,9,1,13.84
2015,9,2,14.38
2015,9,3,14.83
2015,9,4,15.07
2015,9,5,14.99
2015,9,6,15.14
2015,9,7,15.34
2015,9,8,15.05
2015,9,9,14.67
2015,9,10,14.31
2015,9,11,13.9
2015,9,12,13.75
2015,9,13,13.91
2015,9,14,14.12
2015,9,15,14.18
2015,9,16,14.17
2015,9,17,14.16
2015,9,18,14.16
2015,9,19,14.18
2015,9,20,14.09
2015,9,21,14.02
2015,9,22,14.0
2015,9,23,13.96
2015,9,24,13.91
2015,9,25,13.8
2015,9,26,13.74
2015,9,27,13.71
2015,9,28,13.66
2015,9,29,13.61
2015,9,30,13.47
2015,10,1,13.3
2015,10,2,13.15
2015,10,3,13.0
2015,10,4,12.82
2015,10,5,12.73
2015,10,6,12.74
2015,10,7,12.73
2015,10,8,12.65
2015,10,9,12.55
2015,10,10,12.69
2015,10,11,12.79
2015,10,12,12.58
2015,10,13,12.34
2015,10,14,12.23
2015,10,15,12.11
2015,10,16,11.86
2015,10,17,11.53
2015,10,18,11.27
2015,10,19,11.16
2015,10,20,10.96
2015,10,21,10.79
2015,10,22,10.54
2015,10,23,10.42
2015,10,24,10.22
2015,10,25,9.99
2015,10,26,9.8
2015,10,27,9.76
2015,10,28,9.8
2015,10,29,9.79
2015,10,30,9.69
2015,10,31,9.53
2016,6,1,2.93
2016,6,2,2.01
2016,6,3,1.4
2016,6,4,1.9
2016,6,5,2.81
2016,6,6,3.45
2016,6,7,3.73
2016,6,8,3.79
2016,6,9,3.7
2016,6,10,3.62
2016,6,11,3.56
2016,6,12,3.73
2016,6,13,3.79
2016,6,14,3.91
2016,6,15,4.0
2016,6,16,4.12
2016,6,17,4.2
2016,6,18,4.08
2016,6,19,3.91
2016,6,20,3.81
2016,6,21,3.78
2016,6,22,3.8
2016,6,23,3.81
2016,6,24,3.81
2016,6,25,3.82
2016,6,26,3.83
2016,6,27,3.84
2016,6,28,3.78
2016,6,29,3.78
2016,6,30,3.78
2016,7,1,3.78
2016,7,2,3.82
2016,7,3,3.83
2016,7,4,4.03
2016,7,5,5.84
2016,7,6,6.93
2016,7,7,7.69
2016,7,8,8.18
2016,7,9,10.5
2016,7,10,10.5
2016,7,11,10.5
2016,7,12,10.5
2016,7,13,10.5
2016,7,14,10.5
2016,7,15,10.5
2016,7,16,11.06
2016,7,17,11.92
2016,7,18,12.76
2016,7,19,12.92
2016,7,20,15.1
2016,7,21,17.03
2016,7,22,17.84
2016,7,23,18.06
2016,7,24,17.98
2016,7,25,17.74
2016,7,26,17.51
2016,7,27,17.66
2016,7,28,18.0
2016,7,29,18.59
2016,7,30,19.05
2016,7,31,19.54
2016,8,1,19.91
2016,8,2,19.87
2016,8,3,19.58
2016,8,4,19.25
2016,8,5,18.79
2016,8,6,18.66
2016,8,7,18.67
2016,8,8,18.59
2016,8,9,18.53
2016,8,10,18.54
2016,8,11,18.55
2016,8,12,18.44
2016,8,13,18.27
2016,8,14,18.2
2016,8,15,18.39
2016,8,16,18.8
2016,8,17,19.19
2016,8,18,19.23
2016,8,19,19.0
2016,8,20,18.65
2016,8,21,18.09
2016,8,22,17.75
2016,8,23,17.7
2016,8,24,17.71
2016,8,25,17.8
2016,8,26,17.98
2016,8,27,18.01
2016,8,28,17.99
2016,8,29,18.17
2016,8,30,18.34
2016,8,31,18.25
2016,9,1,18.14
2016,9,2,18.1
2016,9,3,18.15
2016,9,4,18.19
2016,9,5,18.21
2016,9,6,18.2
2016,9,7,18.2
2016,9,8,18.24
2016,9,9,18.25
2016,9,10,18.1
2016,9,11,17.87
2016,9,12,17.78
2016,9,13,17.61
2016,9,14,17.45
2016,9,15,17.35
2016,9,16,17.39
2016,9,17,17.48
2016,9,18,17.56
2016,9,19,17.54
2016,9,20,17.38
2016,9,21,17.19
2016,9,22,17.03
2016,9,23,16.95
2016,9,24,16.84
2016,9,25,16.69
2016,9,26,16.43
2016,9,27,16.02
2016,9,28,15.75
2016,9,29,15.64
2016,9,30,15.56
2016,10,1,15.56
2016,10,2,15.54
2016,10,3,15.5
2016,10,4,15.33
2016,10,5,15.16
2016,10,6,15.0
2016,10,7,14.84
2016,10,8,14.5
2016,10,9,14.27
2016,10,10,14.25
2016,10,11,14.22
2016,10,12,13.94
2016,10,13,13.57
2016,10,14,13.41
2016,10,15,13.25
2016,10,16,13.1
2016,10,17,12.99
2016,10,18,12.87
2016,10,19,12.84
2016,10,20,12.89
2016,10,21,12.86
2016,10,22,12.77
2016,10,23,12.66
2016,10,24,12.57
2016,10,25,12.48
2016,10,26,12.43
2016,10,27,12.28
2016,10,28,12.1
2016,10,29,11.89
2016,10,30,11.72
2016,10,31,11.63
2017,6,1,2.25
2017,6,2,1.99
2017,6,3,2.07
2017,6,4,2.39
2017,6,5,2.81
2017,6,6,3.09
2017,6,7,3.15
2017,6,8,2.64
2017,6,9,2.31
2017,6,10,2.33
2017,6,11,2.44
2017,6,12,2.48
2017,6,13,2.59
2017,6,14,2.82
2017,6,15,3.03
2017,6,16,3.14
2017,6,17,3.33
2017,6,18,3.5
2017,6,19,3.56
2017,6,20,3.74
2017,6,21,3.9
2017,6,22,3.96
2017,6,23,4.02
2017,6,24,3.99
2017,6,25,3.93
2017,6,26,4.02
2017,6,27,3.95
2017,6,28,4.02
2017,6,29,4.04
2017,6,30,4.07
2017,7,1,4.08
2017,7,2,4.16
2017,7,3,4.26
2017,7,4,4.25
2017,7,5,4.21
2017,7,6,4.26
2017,7,7,4.66
2017,7,8,5.47
2017,7,9,7.24
2017,7,10,7.6
2017,7,11,7.87
2017,7,12,7.69
2017,7,13,7.74
2017,7,14,7.6
2017,7,15,8.65
2017,7,16,9.58
2017,7,17,9.82
2017,7,18,10.5
2017,7,19,10.94
2017,7,20,11.26
2017,7,21,11.82
2017,7,22,12.22
2017,7,23,12.36
2017,7,24,12.41
2017,7,25,12.48
2017,7,26,12.73
2017,7,27,13.45
2017,7,28,14.49
2017,7,29,15.25
2017,7,30,15.85
2017,7,31,16.13
2017,8,1,16.26
2017,8,2,16.32
2017,8,3,16.47
2017,8,4,16.52
2017,8,5,16.56
2017,8,6,16.65
2017,8,7,16.71
2017,8,8,16.65
2017,8,9,16.51
2017,8,10,16.32
2017,8,11,16.18
2017,8,12,16.22
2017,8,13,16.35
2017,8,14,16.54
2017,8,15,16.74
2017,8,16,16.8
2017,8,17,16.62
2017,8,18,16.27
2017,8,19,16.06
2017,8,20,16.06
2017,8,21,16.06
2017,8,22,15.88
2017,8,23,15.69
2017,8,24,15.71
2017,8,25,15.78
2017,8,26,15.81
2017,8,27,15.84
2017,8,28,15.93
2017,8,29,16.01
2017,8,30,16.04
2017,8,31,16.01
2017,9,1,15.95
2017,9,2,15.77
2017,9,3,15.54
2017,9,4,15.44
2017,9,5,15.3
2017,9,6,15.26
2017,9,7,15.33
2017,9,8,15.2
2017,9,9,15.11
2017,9,10,15.09
2017,9,11,15.12
2017,9,12,15.13
2017,9,13,15.1
2017,9,14,14.99
2017,9,15,14.78
2017,9,16,14.49
2017,9,17,14.31
2017,9,18,14.35
2017,9,19,14.44
2017,9,20,14.48
2017,9,21,14.43
2017,9,22,14.4
2017,9,23,14.34
2017,9,24,14.33
2017,9,25,14.37
2017,9,26,14.03
2017,9,27,13.85
2017,9,28,13.66
2017,9,29,13.57
2017,9,30,13.51
2017,10,1,13.52
2017,10,2,13.51
2017,10,3,13.48
2017,10,4,13.47
2017,10,5,13.58
2017,10,6,13.68
2017,10,7,13.59
2017,10,8,13.45
2017,10,9,13.39
2017,10,10,13.41
2017,10,11,13.3
2017,10,12,13.18
2017,10,13,12.97
2017,10,14,12.78
2017,10,15,12.54
2017,10,16,12.32
2017,10,17,12.34
2017,10,18,12.34
2017,10,19,12.18
2017,10,20,11.97
2017,10,21,11.81
2017,10,22,11.7
2017,10,23,11.46
2017,10,24,11.53
2017,10,25,11.65
2017,10,26,11.73
2017,10,27,11.77
2017,10,28,11.77
2017,10,29,11.68
2017,10,30,11.56
2017,10,31,11.15
2018,6,1,2.33
2018,6,2,2.33
2018,6,3,2.35
2018,6,4,2.4
2018,6,5,2.39
2018,6,6,2.08
2018,6,7,2.01
2018,6,8,1.96
2018,6,9,1.81
2018,6,10,1.93
2018,6,11,2.29
2018,6,12,2.55
2018,6,13,2.79
2018,6,14,2.89
2018,6,15,2.95
2018,6,16,3.09
2018,6,17,3.31
2018,6,18,3.46
2018,6,19,3.53
2018,6,20,3.81
2018,6,21,4.0
2018,6,22,3.87
2018,6,23,3.55
2018,6,24,3.23
2018,6,25,2.7
2018,6,26,2.44
2018,6,27,2.53
2018,6,28,2.83
2018,6,29,3.22
2018,6,30,3.55
2018,7,1,3.93
2018,7,2,4.29
2018,7,3,4.6
2018,7,4,4.81
2018,7,5,4.81
2018,7,6,4.47
2018,7,7,4.57
2018,7,8,5.0
2018,7,9,5.52
2018,7,10,5.46
2018,7,11,5.27
2018,7,12,5.14
2018,7,13,5.06
2018,7,14,5.05
2018,7,15,5.03
2018,7,16,8.61
2018,7,17,11.01
2018,7,18,12.72
2018,7,19,13.44
2018,7,20,14.2
2018,7,21,14.26
2018,7,22,14.24
2018,7,23,14.27
2018,7,24,14.25
2018,7,25,14.14
2018,7,26,14.08
2018,7,27,14.16
2018,7,28,14.24
2018,7,29,14.5
2018,7,30,14.9
2018,7,31,15.03
2018,8,1,15.19
2018,8,2,15.34
2018,8,3,15.27
2018,8,4,15.15
2018,8,5,14.95
2018,8,6,14.79
2018,8,7,14.96
2018,8,8,14.96
2018,8,9,14.72
2018,8,10,14.8
2018,8,11,15.03
2018,8,12,15.5
2018,8,13,16.02
2018,8,14,16.33
2018,8,15,16.42
2018,8,16,16.46
2018,8,17,16.72
2018,8,18,17.25
2018,8,19,17.21
2018,8,20,16.85
2018,8,21,16.6
2018,8,22,16.45
2018,8,23,16.24
2018,8,24,16.11
2018,8,25,16.31
2018,8,26,16.61
2018,8,27,16.6
2018,8,28,16.39
2018,8,29,16.23
2018,8,30,16.24
2018,8,31,16.25
2018,9,1,16.22
2018,9,2,16.18
2018,9,3,16.26
2018,9,4,16.1
2018,9,5,15.89
2018,9,6,15.79
2018,9,7,15.55
2018,9,8,15.45
2018,9,9,15.37
2018,9,10,15.21
2018,9,11,15.21
2018,9,12,15.3
2018,9,13,15.54
2018,9,14,15.73
2018,9,15,15.82
2018,9,16,15.95
2018,9,17,15.79
2018,9,18,15.45
2018,9,19,15.09
2018,9,20,14.86
2018,9,21,14.13
2018,9,22,13.06
2018,9,23,13.13
2018,9,24,13.17
2018,9,25,12.86
2018,9,26,12.48
2018,9,27,12.17
2018,9,28,12.0
2018,9,29,11.63
2018,9,30,11.28
2018,10,1,11.05
2018,10,2,10.93
2018,10,3,11.12
2018,10,4,11.33
2018,10,5,11.0
2018,10,6,10.59
2018,10,7,10.54
2018,10,8,10.25
2018,10,9,9.73
2018,10,10,9.18
2018,10,11,8.68
2018,10,12,8.37
2018,10,13,8.26
2018,10,14,8.17
2018,10,15,8.06
2018,10,16,8.04
2018,10,17,7.98
2018,10,18,8.0
2018,10,19,8.08
2018,10,20,7.94
2018,10,21,7.69
2018,10,22,7.53
2018,10,23,7.52
2018,10,24,7.53
2018,10,25,7.52
2018,10,26,7.47
2018,10,27,7.33
2018,10,28,7.19
2018,10,29,7.1
2018,10,30,7.09
2018,10,31,7.01
2019,6,1,2.75
2019,6,2,2.77
2019,6,3,2.41
2019,6,4,2.32
2019,6,5,2.26
2019,6,6,2.39
2019,6,7,2.58
2019,6,8,2.79
2019,6,9,2.99
2019,6,10,3.23
2019,6,11,3.33
2019,6,12,3.19
2019,6,13,3.09
2019,6,14,3.15
2019,6,15,3.2
2019,6,16,3.11
2019,6,17,2.96
2019,6,18,3.02
2019,6,19,3.06
2019,6,20,3.19
2019,6,21,3.4
2019,6,22,3.51
2019,6,23,3.58
2019,6,24,3.58
2019,6,25,3.54
2019,6,26,3.52
2019,6,27,3.63
2019,6,28,3.82
2019,6,29,4.26
2019,6,30,4.48
2019,7,1,4.45
2019,7,2,4.45
2019,7,3,4.57
2019,7,4,4.63
2019,7,5,4.58
2019,7,6,4.46
2019,7,7,4.34
2019,7,8,4.2
2019,7,9,4.16
2019,7,10,4.51
2019,7,11,4.87
2019,7,12,4.91
2019,7,13,4.89
2019,7,14,4.93
2019,7,15,4.99
2019,7,16,5.12
2019,7,17,5.35
2019,7,18,5.79
2019,7,19,6.27
2019,7,20,8.1
2019,7,21,8.37
2019,7,22,8.78
2019,7,23,8.59
2019,7,24,8.43
2019,7,25,8.97
2019,7,26,10.3
2019,7,27,11.47
2019,7,28,12.2
2019,7,29,12.93
2019,7,30,13.14
2019,7,31,14.05
2019,8,1,15.27
2019,8,2,15.51
2019,8,3,15.7
2019,8,4,15.99
2019,8,5,16.12
2019,8,6,16.21
2019,8,7,16.24
2019,8,8,16.14
2019,8,9,15.94
2019,8,10,16.16
2019,8,11,16.47
2019,8,12,16.64
2019,8,13,16.43
2019,8,14,16.35
2019,8,15,16.38
2019,8,16,16.52
2019,8,17,16.67
2019,8,18,16.76
2019,8,19,16.67
2019,8,20,16.28
2019,8,21,15.96
2019,8,22,16.03
2019,8,23,16.03
2019,8,24,15.82
2019,8,25,15.61
2019,8,26,15.05
2019,8,27,14.31
2019,8,28,13.16
2019,8,29,11.82
2019,8,30,11.28
2019,8,31,11.38
2019,9,1,11.25
2019,9,2,10.95
2019,9,3,11.06
2019,9,4,11.12
2019,9,5,11.05
2019,9,6,11.07
2019,9,7,10.86
2019,9,8,11.02
2019,9,9,10.99
2019,9,10,10.94
2019,9,11,10.82
2019,9,12,10.6
2019,9,13,10.31
2019,9,14,10.16
2019,9,15,10.34
2019,9,16,10.93
2019,9,17,11.28
2019,9,18,11.72
2019,9,19,12.32
2019,9,20,12.92
2019,9,21,13.14
2019,9,22,13.3
2019,9,23,13.81
2019,9,24,14.0
2019,9,25,13.89
2019,9,26,13.73
2019,9,27,13.64
2019,9,28,13.56
2019,9,29,13.5
2019,9,30,13.33
2019,10,1,13.16
2019,10,2,13.03
2019,10,3,12.79
2019,10,4,12.45
2019,10,5,12.2
2019,10,6,12.11
2019,10,7,12.19
2019,10,8,12.23
2019,10,9,12.18
2019,10,10,12.14
2019,10,11,11.97
2019,10,12,11.56
2019,10,13,11.06
2019,10,14,10.78
2019,10,15,10.63
2019,10,16,10.5
2019,10,17,10.58
2019,10,18,10.62
2019,10,19,10.62
2019,10,20,10.57
2019,10,21,10.51
2019,10,22,10.42
2019,10,23,10.31
2019,10,24,10.22
2019,10,25,10.25
2019,10,26,10.32
2019,10,27,10.21
2019,10,28,10.14
2019,10,29,10.07
2019,10,30,10.01
2019,10,31,9.94
2020,6,1,3.31
2020,6,2,3.19
2020,6,3,3.07
2020,6,4,3.01
2020,6,5,3.05
2020,6,6,3.01
2020,6,7,2.94
2020,6,8,3.17
2020,6,9,3.46
2020,6,10,3.6
2020,6,11,3.65
2020,6,12,3.73
2020,6,13,3.79
2020,6,14,3.82
2020,6,15,3.79
2020,6,16,3.7
2020,6,17,3.58
2020,6,18,3.65
2020,6,19,3.77
2020,6,20,3.83
2020,6,21,3.84
2020,6,22,3.86
2020,6,23,4.05
2020,6,24,4.25
2020,6,25,4.53
2020,6,26,4.9
2020,6,27,5.07
2020,6,28,5.38
2020,6,29,5.77
2020,6,30,6.38
2020,7,1,7.04
2020,7,2,7.44
2020,7,3,7.63
2020,7,4,8.34
2020,7,5,9.22
2020,7,6,9.71
2020,7,7,10.53
2020,7,8,11.13
2020,7,9,11.85
2020,7,10,12.33
2020,7,11,12.86
2020,7,12,13.14
2020,7,13,13.49
2020,7,14,13.94
2020,7,15,14.25
2020,7,16,14.71
2020,7,17,14.91
2020,7,18,15.06
2020,7,19,15.1
2020,7,20,14.93
2020,7,21,14.99
2020,7,22,15.26
2020,7,23,15.33
2020,7,24,15.56
2020,7,25,16.34
2020,7,26,17.06
2020,7,27,16.48
2020,7,28,16.4
2020,7,29,16.62
2020,7,30,16.89
2020,7,31,17.05
2020,8,1,17.19
2020,8,2,16.73
2020,8,3,16.34
2020,8,4,16.15
2020,8,5,16.22
2020,8,6,16.31
2020,8,7,16.43
2020,8,8,16.41
2020,8,9,16.33
2020,8,10,16.29
2020,8,11,16.22
2020,8,12,16.25
2020,8,13,16.34
2020,8,14,16.38
2020,8,15,16.34
2020,8,16,16.22
2020,8,17,16.11
2020,8,18,16.16
2020,8,19,16.4
2020,8,20,16.7
2020,8,21,16.99
2020,8,22,17.17
2020,8,23,17.26
2020,8,24,17.39
2020,8,25,17.41
2020,8,26,17.31
2020,8,27,17.21
2020,8,28,16.94
2020,8,29,16.55
2020,8,30,16.12
2020,8,31,15.97
2020,9,1,15.61
2020,9,2,15.33
2020,9,3,14.98
2020,9,4,14.45
2020,9,5,14.13
2020,9,6,13.59
2020,9,7,12.56
2020,9,8,11.64
2020,9,9,11.01
2020,9,10,10.77
2020,9,11,10.74
2020,9,12,10.79
2020,9,13,10.97
2020,9,14,11.17
2020,9,15,11.0
2020,9,16,10.74
2020,9,17,10.53
2020,9,18,10.39
2020,9,19,10.29
2020,9,20,10.27
2020,9,21,10.43
2020,9,22,10.53
2020,9,23,10.56
2020,9,24,10.48
2020,9,25,10.45
2020,9,26,10.42
2020,9,27,10.38
2020,9,28,10.26
2020,9,29,10.36
2020,9,30,10.51
2020,10,1,10.55
2020,10,2,10.59
2020,10,3,10.59
2020,10,4,10.6
2020,10,5,10.72
2020,10,6,10.82
2020,10,7,10.87
2020,10,8,10.89
2020,10,9,10.84
2020,10,10,10.64
2020,10,11,10.49
2020,10,12,10.3
2020,10,13,10.09
2020,10,14,9.99
2020,10,15,9.84
2020,10,16,9.58
2020,10,17,9.43
2020,10,18,9.34
2020,10,19,9.35
2020,10,20,9.37
2020,10,21,9.33
2020,10,22,9.17
2020,10,23,8.98
2020,10,24,8.65
2020,10,25,8.42
2020,10,26,8.26
2020,10,27,8.18
2020,10,28,8.16
2020,10,29,8.18
2020,10,30,8.2
2020,10,31,8.06
2021,6,1,3.36
2021,6,2,3.4
2021,6,3,3.47
2021,6,4,3.52
2021,6,5,3.52
2021,6,6,3.46
2021,6,7,3.39
2021,6,8,3.37
2021,6,9,3.29
2021,6,10,3.24
2021,6,11,3.38
2021,6,12,3.63
2021,6,13,3.55
2021,6,14,4.13
2021,6,15,5.2
2021,6,16,6.07
2021,6,17,6.61
2021,6,18,6.98
2021,6,19,7.04
2021,6,20,7.01
2021,6,21,7.08
2021,6,22,7.46
2021,6,23,7.51
2021,6,24,7.5
2021,6,25,7.47
2021,6,26,7.45
2021,6,27,8.31
2021,6,28,9.76
2021,6,29,10.88
2021,6,30,11.77
2021,7,1,12.35
2021,7,2,12.88
2021,7,3,13.28
2021,7,4,13.4
2021,7,5,13.37
2021,7,6,13.28
2021,7,7,13.24
2021,7,8,13.45
2021,7,9,13.65
2021,7,10,14.01
2021,7,11,14.45
2021,7,12,14.92
2021,7,13,15.39
2021,7,14,15.69
2021,7,15,16.44
2021,7,16,16.77
2021,7,17,17.12
2021,7,18,17.54
2021,7,19,17.75
2021,7,20,17.86
2021,7,21,17.89
2021,7,22,18.0
2021,7,23,18.19
2021,7,24,18.38
2021,7,25,18.57
2021,7,26,18.74
2021,7,27,18.81
2021,7,28,18.88
2021,7,29,18.85
2021,7,30,18.58
2021,7,31,18.46
2021,8,1,18.33
2021,8,2,18.17
2021,8,3,18.11
2021,8,4,18.25
2021,8,5,18.17
2021,8,6,18.11
2021,8,7,18.03
2021,8,8,18.14
2021,8,9,18.33
2021,8,10,18.45
2021,8,11,18.29
2021,8,12,18.17
2021,8,13,17.93
2021,8,14,17.79
2021,8,15,17.78
2021,8,16,17.77
2021,8,17,17.78
2021,8,18,17.82
2021,8,19,17.74
2021,8,20,17.52
2021,8,21,17.41
2021,8,22,17.29
2021,8,23,17.2
2021,8,24,17.18
2021,8,25,17.14
2021,8,26,17.17
2021,8,27,17.21
2021,8,28,17.24
2021,8,29,17.22
2021,8,30,17.27
2021,8,31,17.55
2021,9,1,17.74
2021,9,2,17.77
2021,9,3,17.7
2021,9,4,17.63
2021,9,5,17.6
2021,9,6,17.53
2021,9,7,17.4
2021,9,8,17.2
2021,9,9,17.11
2021,9,10,17.12
2021,9,11,17.15
2021,9,12,17.0
2021,9,13,16.85
2021,9,14,16.83
2021,9,15,16.84
2021,9,16,16.78
2021,9,17,16.57
2021,9,18,16.39
2021,9,19,16.32
2021,9,20,16.21
2021,9,21,16.05
2021,9,22,15.98
2021,9,23,15.92
2021,9,24,15.79
2021,9,25,15.48
2021,9,26,15.21
2021,9,27,15.07
2021,9,28,15.02
2021,9,29,14.97
2021,9,30,14.99
2021,10,1,14.97
2021,10,2,14.97
2021,10,3,14.97
2021,10,4,14.94
2021,10,5,14.84
2021,10,6,14.8
2021,10,7,14.76
2021,10,8,14.75
2021,10,9,14.75
2021,10,10,14.68
2021,10,11,14.55
2021,10,12,14.35
2021,10,13,14.18
2021,10,14,14.02
2021,10,15,13.9
2021,10,16,13.78
2021,10,17,13.76
2021,10,18,13.82
2021,10,19,13.78
2021,10,20,13.68
2021,10,21,13.46
2021,10,22,13.18
2021,10,23,12.93
2021,10,24,12.87
2021,10,25,12.86
2021,10,26,12.78
2021,10,27,12.58
2021,10,28,12.35
2021,10,29,12.11
2021,10,30,12.01
2021,10,31,11.8
2022,6,1,2.72
2022,6,2,2.72
2022,6,3,2.63
2022,6,4,2.57
2022,6,5,2.72
2022,6,6,2.68
2022,6,7,2.6
2022,6,8,2.69
2022,6,9,2.72
2022,6,10,2.74
2022,6,11,2.77
2022,6,12,2.47
2022,6,13,2.48
2022,6,14,2.69
2022,6,15,2.99
2022,6,16,3.32
2022,6,17,3.6
2022,6,18,3.71
2022,6,19,3.68
2022,6,20,3.58
2022,6,21,3.51
2022,6,22,3.49
2022,6,23,3.55
2022,6,24,3.55
2022,6,25,3.4
2022,6,26,3.33
2022,6,27,3.25
2022,6,28,3.24
2022,6,29,3.41
2022,6,30,3.61
2022,7,1,3.71
2022,7,2,3.77
2022,7,3,3.86
2022,7,4,4.06
2022,7,5,4.49
2022,7,6,4.85
2022,7,7,5.17
2022,7,8,5.65
2022,7,9,5.83
2022,7,10,5.89
2022,7,11,5.62
2022,7,12,5.06
2022,7,13,4.72
2022,7,14,5.01
2022,7,15,5.13
2022,7,16,5.22
2022,7,17,5.35
2022,7,18,5.56
2022,7,19,5.76
2022,7,20,5.97
2022,7,21,6.0
2022,7,22,6.04
2022,7,23,7.27
2022,7,24,9.43
2022,7,25,10.26
2022,7,26,9.65
2022,7,27,8.01
2022,7,28,7.95
2022,7,29,9.52
2022,7,30,10.35
2022,7,31,11.07
2022,8,1,11.65
2022,8,2,12.32
2022,8,3,12.55
2022,8,4,12.69
2022,8,5,12.8
2022,8,6,12.82
2022,8,7,12.83
2022,8,8,12.87
2022,8,9,12.94
2022,8,10,13.08
2022,8,11,13.33
2022,8,12,13.28
2022,8,13,14.05
2022,8,14,14.19
2022,8,15,14.09
2022,8,16,13.87
2022,8,17,14.41
2022,8,18,15.08
2022,8,19,15.21
2022,8,20,15.64
2022,8,21,16.22
2022,8,22,16.46
2022,8,23,16.63
2022,8,24,16.7
2022,8,25,16.59
2022,8,26,16.44
2022,8,27,16.32
2022,8,28,16.21
2022,8,29,16.14
2022,8,30,15.81
2022,8,31,15.59
2022,9,1,15.42
2022,9,2,15.16
2022,9,3,14.94
2022,9,4,15.09
2022,9,5,15.56
2022,9,6,15.77
2022,9,7,15.91
2022,9,8,15.81
2022,9,9,15.71
2022,9,10,15.61
2022,9,11,15.58
2022,9,12,15.64
2022,9,13,15.51
2022,9,14,15.42
2022,9,15,15.4
2022,9,16,15.34
2022,9,17,15.19
2022,9,18,14.98
2022,9,19,14.91
2022,9,20,14.78
2022,9,21,14.48
2022,9,22,14.03
2022,9,23,13.5
2022,9,24,13.4
2022,9,25,13.21
2022,9,26,13.0
2022,9,27,12.82
2022,9,28,12.77
2022,9,29,12.91
2022,9,30,12.88
2022,10,1,12.78
2022,10,2,12.6
2022,10,3,12.59
2022,10,4,12.63
2022,10,5,12.71
2022,10,6,12.5
2022,10,7,12.09
2022,10,8,11.84
2022,10,9,11.78
2022,10,10,11.76
2022,10,11,11.86
2022,10,12,11.76
2022,10,13,11.53
2022,10,14,11.34
2022,10,15,10.97
2022,10,16,10.39
2022,10,17,9.9
2022,10,18,9.63
2022,10,19,9.45
2022,10,20,9.42
2022,10,21,9.37
2022,10,22,9.17
2022,10,23,9.05
2022,10,24,8.92
2022,10,25,8.71
2022,10,26,8.55
2022,10,27,8.39
2022,10,28,8.35
2022,10,29,8.35
2022,10,30,8.3
2022,10,31,8.31
2023,6,1,2.78
2023,6,2,2.45
2023,6,3,2.03
2023,6,4,1.62
2023,6,5,1.44
2023,6,6,1.64
2023,6,7,1.8
2023,6,8,1.97
2023,6,9,2.03
2023,6,10,2.11
2023,6,11,2.31
2023,6,12,2.36
2023,6,13,2.64
2023,6,14,2.91
2023,6,15,3.04
2023,6,16,3.14
2023,6,17,3.41
2023,6,18,3.54
2023,6,19,3.49
2023,6,20,3.45
2023,6,21,3.44
2023,6,22,3.43
2023,6,23,3.43
2023,6,24,3.59
2023,6,25,3.65
2023,6,26,3.75
2023,6,27,4.03
2023,6,28,4.28
2023,6,29,4.43
2023,6,30,4.53
2023,7,1,4.64
2023,7,2,4.69
2023,7,3,4.7
2023,7,4,4.55
2023,7,5,4.25
2023,7,6,4.12
2023,7,7,4.17
2023,7,8,4.28
2023,7,9,4.41
2023,7,10,4.7
2023,7,11,5.21
2023,7,12,6.28
2023,7,13,7.24
2023,7,14,8.68
2023,7,15,9.46
2023,7,16,10.14
2023,7,17,10.96
2023,7,18,10.5
2023,7,19,10.23
2023,7,20,10.38
2023,7,21,9.79
2023,7,22,9.64
2023,7,23,10.89
2023,7,24,13.38
2023,7,25,15.2
2023,7,26,16.08
2023,7,27,16.5
2023,7,28,16.68
2023,7,29,16.72
2023,7,30,16.7
2023,7,31,16.78
2023,8,1,16.86
2023,8,2,17.05
2023,8,3,17.17
2023,8,4,17.35
2023,8,5,17.67
2023,8,6,18.13
2023,8,7,18.37
2023,8,8,18.3
2023,8,9,17.95
2023,8,10,17.56
2023,8,11,17.35
2023,8,12,16.96
2023,8,13,16.63
2023,8,14,16.58
2023,8,15,16.56
2023,8,16,16.41
2023,8,17,16.11
2023,8,18,15.98
2023,8,19,16.16
2023,8,20,16.56
2023,8,21,16.53
2023,8,22,16.52
2023,8,23,16.66
2023,8,24,16.77
2023,8,25,16.55
2023,8,26,16.33
2023,8,27,16.2
2023,8,28,16.12
2023,8,29,16.01
2023,8,30,16.01
2023,8,31,16.05
2023,9,1,16.16
2023,9,2,16.29
2023,9,3,16.25
2023,9,4,16.1
2023,9,5,15.94
2023,9,6,15.82
2023,9,7,15.72
2023,9,8,15.71
2023,9,9,15.75
2023,9,10,15.73
2023,9,11,15.52
2023,9,12,15.17
2023,9,13,14.98
2023,9,14,15.01
2023,9,15,15.04
2023,9,16,15.05
2023,9,17,15.04
2023,9,18,15.07
2023,9,19,15.09
2023,9,20,15.45
2023,9,21,15.83
2023,9,22,15.67
2023,9,23,15.5
2023,9,24,15.39
2023,9,25,15.29
2023,9,26,15.24
2023,9,27,15.32
2023,9,28,15.37
2023,9,29,15.4
2023,9,30,15.48
2023,10,1,15.57
2023,10,2,15.64
2023,10,3,15.75
2023,10,4,15.85
2023,10,5,15.82
2023,10,6,15.71
2023,10,7,15.51
2023,10,8,15.03
2023,10,9,14.38
2023,10,10,13.83
2023,10,11,13.47
2023,10,12,13.15
2023,10,13,12.99
2023,10,14,12.81
2023,10,15,12.55
2023,10,16,12.28
2023,10,17,12.19
2023,10,18,12.09
2023,10,19,11.94
2023,10,20,12.01
2023,10,21,11.88
2023,10,22,11.48
2023,10,23,11.49
2023,10,24,11.53
2023,10,25,11.57
2023,10,26,11.6
2023,10,27,11.62
2023,10,28,10.99
2023,10,29,10.72
2023,10,30,10.37
2023,10,31,10.09
