YY,MM,DD,WDIRcos,WDIRsin,WSPD,ATMP
2012,6,1,0.71,0.71,1.64,12.0
2012,6,2,0.71,-0.71,4.45,15.95
2012,6,3,-0.0,-1.0,3.92,20.4
2012,6,4,0.71,0.71,1.95,13.1
2012,6,5,0.71,0.71,1.94,11.8
2012,6,6,0.71,0.71,2.57,11.95
2012,6,7,0.71,0.71,1.5,12.9
2012,6,8,0.71,0.71,2.8,16.4
2012,6,9,0.71,0.71,2.36,14.55
2012,6,10,0.71,0.71,3.44,13.05
2012,6,11,-0.71,-0.71,6.77,21.15
2012,6,12,-0.0,-1.0,5.25,13.35
2012,6,13,-0.71,-0.71,2.86,14.9
2012,6,14,0.71,0.71,3.32,12.2
2012,6,15,0.71,0.71,1.93,13.5
2012,6,16,0.71,0.71,1.87,14.9
2012,6,17,-0.71,-0.71,4.84,18.3
2012,6,18,0.71,0.71,2.58,15.4
2012,6,19,-0.0,-1.0,2.98,18.25
2012,6,20,0.71,0.71,4.56,16.7
2012,6,21,-0.0,-1.0,4.99,18.8
2012,6,22,-0.0,-1.0,3.4,19.3
2012,6,23,-0.71,-0.71,1.41,17.2
2012,6,24,0.71,0.71,2.64,17.2
2012,6,25,0.71,0.71,1.58,15.7
2012,6,26,0.71,0.71,1.76,18.1
2012,6,27,0.71,0.71,2.54,18.3
2012,6,28,-0.0,-1.0,4.12,22.5
2012,6,29,-0.0,-1.0,5.51,24.75
2012,6,30,0.71,-0.71,3.71,25.4
2012,7,1,0.71,0.71,1.35,22.7
2012,7,2,0.71,0.71,3.03,20.3
2012,7,3,-0.71,-0.71,4.44,22.7
2012,7,4,0.71,0.71,2.93,22.2
2012,7,5,0.71,-0.71,4.07,25.8
2012,7,6,0.71,0.71,2.86,21.8
2012,7,7,0.71,0.71,2.05,19.85
2012,7,8,0.71,-0.71,2.77,25.6
2012,7,9,0.71,-0.71,2.35,24.95
2012,7,10,0.71,0.71,1.42,21.8
2012,7,11,-0.71,-0.71,3.92,25.5
2012,7,12,-0.71,-0.71,3.45,25.8
2012,7,13,-0.71,-0.71,3.68,24.6
2012,7,14,-0.71,-0.71,2.71,23.75
2012,7,15,0.71,0.71,2.22,25.45
2012,7,16,0.71,0.71,3.36,23.85
2012,7,17,0.71,0.71,3.0,20.65
2012,7,18,0.71,0.71,5.58,20.1
2012,7,19,0.71,0.71,5.41,19.7
2012,7,20,-0.71,-0.71,3.93,20.1
2012,7,21,-0.71,-0.71,2.92,25.1
2012,7,22,0.71,0.71,1.48,23.85
2012,7,23,-0.0,-1.0,3.48,25.0
2012,7,24,0.71,0.71,3.41,23.3
2012,7,25,0.71,0.71,3.59,21.8
2012,7,26,0.71,0.71,3.0,21.1
2012,7,27,0.71,0.71,3.2,19.85
2012,7,28,-0.71,-0.71,2.02,21.0
2012,7,29,0.71,0.71,2.34,23.9
2012,7,30,-0.71,-0.71,4.64,25.4
2012,7,31,0.71,-0.71,2.39,24.4
2012,8,1,-0.71,-0.71,4.32,24.05
2012,8,2,0.71,-0.71,4.1,25.6
2012,8,3,0.71,0.71,4.28,20.8
2012,8,4,-0.71,-0.71,5.78,20.5
2012,8,5,-0.0,-1.0,5.45,18.6
2012,8,6,-0.71,-0.71,5.18,21.3
2012,8,7,0.71,-0.71,3.42,24.6
2012,8,8,0.71,0.71,1.46,19.6
2012,8,9,0.71,0.71,4.18,18.1
2012,8,10,0.71,0.71,2.95,17.55
2012,8,11,0.71,0.71,1.76,18.4
2012,8,12,-0.71,-0.71,1.54,19.8
2012,8,13,0.71,-0.71,3.44,21.55
2012,8,14,0.71,-0.71,1.76,21.2
2012,8,15,0.71,0.71,2.24,19.9
2012,8,16,-0.0,-1.0,6.17,18.7
2012,8,17,-0.0,-1.0,2.97,16.0
2012,8,18,-0.0,-1.0,4.01,18.5
2012,8,19,1.0,0.0,1.86,17.1
2012,8,20,0.71,-0.71,2.69,18.6
2012,8,21,-0.71,-0.71,4.36,21.35
2012,8,22,-0.71,-0.71,4.04,21.55
2012,8,23,0.71,0.71,2.67,19.4
2012,8,24,0.71,0.71,2.65,20.1
2012,8,25,-0.71,-0.71,2.42,20.8
2012,8,26,-0.71,-0.71,4.86,23.7
2012,8,27,0.71,-0.71,2.7,23.05
2012,8,28,0.71,0.71,1.98,20.6
2012,8,29,0.71,0.71,2.52,19.9
2012,8,30,-0.71,-0.71,2.65,20.5
2012,8,31,-0.71,0.71,2.54,23.0
2012,9,1,0.71,0.71,2.1,21.1
2012,9,2,0.71,0.71,2.87,20.15
2012,9,3,-0.71,-0.71,1.8,20.9
2012,9,4,0.71,0.71,1.77,22.75
2012,9,5,-0.0,-1.0,3.54,21.0
2012,9,6,-0.0,-1.0,5.1,19.1
2012,9,7,0.71,-0.71,5.03,15.6
2012,9,8,0.71,-0.71,4.97,15.1
2012,9,9,0.71,-0.71,4.08,15.1
2012,9,10,-0.71,-0.71,2.65,16.75
2012,9,11,-0.71,-0.71,2.63,19.7
2012,9,12,-0.71,-0.71,4.03,18.0
2012,9,13,-0.0,-1.0,5.94,15.55
2012,9,14,0.71,-0.71,2.62,14.9
2012,9,15,0.71,0.71,2.43,13.3
2012,9,16,0.71,0.71,1.6,13.4
2012,9,17,0.71,-0.71,5.49,13.3
2012,9,18,0.71,-0.71,3.88,9.7
2012,9,19,-0.71,-0.71,4.17,11.15
2012,9,20,-0.0,-1.0,5.52,11.9
2012,9,21,-0.0,-1.0,4.56,10.9
2012,9,22,0.71,-0.71,5.6,7.7
2012,9,23,-0.0,-1.0,2.82,8.35
2012,9,24,-0.71,-0.71,5.93,10.0
2012,9,25,1.0,0.0,1.72,10.85
2012,9,26,0.71,-0.71,1.88,10.5
2012,9,27,-0.71,-0.71,1.21,9.75
2012,9,28,-0.71,-0.71,1.79,11.6
2012,9,29,0.71,0.71,1.33,12.6
2012,9,30,0.71,0.71,1.74,10.2
2012,10,1,1.0,0.0,2.09,10.2
2012,10,2,0.71,0.71,2.34,12.7
2012,10,3,0.71,0.71,1.34,11.3
2012,10,4,0.71,0.71,6.44,11.7
2012,10,5,-0.0,-1.0,9.3,4.8
2012,10,6,0.71,-0.71,4.42,3.85
2012,10,7,-0.71,-0.71,5.58,4.8
2012,10,8,-0.71,-0.71,2.58,5.8
2012,10,9,-0.71,-0.71,5.24,7.1
2012,10,10,-0.71,-0.71,4.82,3.8
2012,10,11,0.71,-0.71,4.74,3.8
2012,10,12,0.71,0.71,2.38,2.8
2012,10,13,0.71,0.71,1.76,5.7
2012,10,14,0.71,0.71,1.72,6.3
2012,10,15,0.71,0.71,1.46,6.5
2012,10,16,0.71,0.71,2.2,6.5
2012,10,17,0.71,0.71,3.94,7.5
2012,10,18,-0.71,-0.71,2.14,8.4
2012,10,19,0.71,0.71,2.89,7.9
2012,10,20,0.71,0.71,1.05,6.4
2012,10,21,0.71,0.71,1.65,6.8
2012,10,22,0.71,0.71,2.77,7.9
2012,10,23,0.71,0.71,8.49,7.3
2012,10,24,0.71,0.71,2.12,7.7
2012,10,25,0.71,-0.71,8.16,6.35
2012,10,26,-0.0,-1.0,6.26,3.2
2012,10,27,-0.0,-1.0,3.78,2.2
2012,10,28,-0.71,-0.71,1.73,1.8
2012,10,29,0.71,0.71,2.67,4.0
2012,10,30,0.71,0.71,4.33,3.8
2012,10,31,1.0,0.0,2.57,2.2
2013,6,1,0.71,0.71,1.81,7.7
2013,6,2,0.71,0.71,3.08,9.3
2013,6,3,0.71,0.71,1.85,9.1
2013,6,4,0.71,0.71,2.91,8.6
2013,6,5,0.71,0.71,5.43,6.9
2013,6,6,0.71,0.71,5.62,6.85
2013,6,7,0.71,0.71,1.51,8.8
2013,6,8,0.71,0.71,1.8,11.6
2013,6,9,0.71,0.71,3.61,8.5
2013,6,10,0.71,0.71,2.0,7.9
2013,6,11,0.71,0.71,1.96,10.0
2013,6,12,0.71,0.71,1.58,15.0
2013,6,13,0.71,0.71,2.31,17.6
2013,6,14,0.71,0.71,2.54,11.5
2013,6,15,0.71,0.71,2.64,9.35
2013,6,16,-0.0,-1.0,4.8,18.6
2013,6,17,0.71,0.71,4.86,9.3
2013,6,18,0.71,0.71,1.93,10.2
2013,6,19,0.71,0.71,1.56,12.05
2013,6,20,0.71,0.71,2.39,12.1
2013,6,21,0.71,0.71,3.07,10.8
2013,6,22,0.71,0.71,3.54,10.5
2013,6,23,0.71,0.71,2.94,9.25
2013,6,24,-0.71,-0.71,2.63,17.25
2013,6,25,0.71,0.71,2.01,20.6
2013,6,26,0.71,0.71,2.03,14.5
2013,6,27,-0.0,-1.0,3.88,18.9
2013,6,28,-0.0,-1.0,3.71,19.3
2013,6,29,0.71,0.71,1.34,16.35
2013,6,30,0.0,1.0,1.33,19.4
2013,7,1,0.71,0.71,2.7,16.8
2013,7,2,0.71,0.71,1.74,13.5
2013,7,3,0.71,0.71,1.64,14.5
2013,7,4,0.71,0.71,1.65,15.5
2013,7,5,0.71,0.71,2.05,17.65
2013,7,6,-0.71,-0.71,2.99,23.7
2013,7,7,0.71,0.71,3.49,15.35
2013,7,8,0.71,0.71,3.44,12.6
2013,7,9,0.71,0.71,1.94,12.0
2013,7,10,0.71,-0.71,4.26,19.4
2013,7,11,0.71,0.71,2.16,20.4
2013,7,12,0.71,0.71,2.02,17.1
2013,7,13,-0.71,-0.71,2.36,20.5
2013,7,14,0.71,0.71,1.59,17.55
2013,7,15,0.71,0.71,1.41,19.0
2013,7,16,0.71,0.71,2.67,16.95
2013,7,17,-0.71,-0.71,3.99,27.9
2013,7,18,0.71,0.71,2.75,18.9
2013,7,19,-0.0,-1.0,5.94,25.2
2013,7,20,0.71,0.71,3.07,17.9
2013,7,21,0.71,0.71,4.39,15.3
2013,7,22,0.71,0.71,4.67,15.55
2013,7,23,0.71,0.71,2.65,18.1
2013,7,24,-0.71,-0.71,2.48,17.7
2013,7,25,-0.71,-0.71,3.48,21.05
2013,7,26,0.71,0.71,3.11,13.9
2013,7,27,0.71,-0.71,3.33,12.1
2013,7,28,0.71,-0.71,3.64,13.0
2013,7,29,-0.71,-0.71,2.09,17.9
2013,7,30,0.71,0.71,1.85,18.1
2013,7,31,-0.0,-1.0,5.21,21.45
2013,8,1,-0.0,-1.0,5.35,20.2
2013,8,2,0.71,-0.71,3.01,19.7
2013,8,3,0.71,-0.71,3.61,19.65
2013,8,4,1.0,0.0,1.54,17.8
2013,8,5,0.71,0.71,1.94,16.9
2013,8,6,-0.71,-0.71,2.29,16.9
2013,8,7,0.71,-0.71,3.06,19.5
2013,8,8,-0.71,-0.71,2.43,17.55
2013,8,9,-0.0,-1.0,4.67,19.2
2013,8,10,-0.71,-0.71,1.7,18.05
2013,8,11,-0.71,-0.71,2.56,20.35
2013,8,12,0.71,0.71,2.88,19.2
2013,8,13,0.71,0.71,1.52,16.1
2013,8,14,0.0,1.0,1.32,15.9
2013,8,15,-0.71,-0.71,1.87,19.4
2013,8,16,-0.71,-0.71,1.71,20.45
2013,8,17,-0.71,-0.71,4.36,22.3
2013,8,18,-0.71,-0.71,4.78,21.7
2013,8,19,-0.71,-0.71,4.41,22.15
2013,8,20,-0.71,-0.71,3.59,24.8
2013,8,21,-0.71,-0.71,3.79,26.1
2013,8,22,0.0,1.0,1.94,22.15
2013,8,23,0.71,0.71,1.19,19.0
2013,8,24,0.71,0.71,2.43,19.1
2013,8,25,-0.71,-0.71,5.3,26.35
2013,8,26,0.71,0.71,2.01,23.2
2013,8,27,0.71,0.71,2.12,21.1
2013,8,28,0.71,0.71,1.2,19.9
2013,8,29,0.71,0.71,1.26,21.1
2013,8,30,0.71,0.71,2.17,23.0
2013,8,31,-0.71,-0.71,2.55,20.6
2013,9,1,0.71,-0.71,5.31,20.75
2013,9,2,1.0,0.0,2.21,14.7
2013,9,3,-0.71,-0.71,3.32,16.8
2013,9,4,0.71,0.71,3.99,16.7
2013,9,5,0.71,0.71,1.44,15.1
2013,9,6,-0.71,-0.71,1.91,17.3
2013,9,7,0.71,0.71,2.29,19.7
2013,9,8,0.71,0.71,3.39,16.0
2013,9,9,0.71,0.71,2.79,15.4
2013,9,10,-0.71,-0.71,2.86,19.75
2013,9,11,0.71,-0.71,4.33,20.95
2013,9,12,1.0,0.0,2.94,15.9
2013,9,13,1.0,0.0,1.44,14.2
2013,9,14,-0.71,-0.71,4.49,15.55
2013,9,15,0.71,0.71,3.94,14.2
2013,9,16,-0.71,-0.71,1.39,10.7
2013,9,17,0.71,0.71,1.92,12.85
2013,9,18,0.71,0.71,2.23,15.3
2013,9,19,0.71,0.71,2.09,15.7
2013,9,20,0.71,-0.71,3.56,16.0
2013,9,21,0.71,-0.71,2.66,11.7
2013,9,22,0.71,0.71,3.22,11.85
2013,9,23,0.71,0.71,3.12,13.4
2013,9,24,0.71,0.71,1.58,14.2
2013,9,25,0.71,0.71,2.05,12.7
2013,9,26,0.71,0.71,4.69,12.7
2013,9,27,0.71,0.71,2.31,15.1
2013,9,28,-0.71,-0.71,3.13,18.6
2013,9,29,-0.71,-0.71,4.18,12.25
2013,9,30,-0.71,-0.71,3.2,16.3
2013,10,1,-0.71,-0.71,4.3,18.8
2013,10,2,-0.71,-0.71,3.72,15.05
2013,10,3,0.71,0.71,3.98,13.0
2013,10,4,0.71,0.71,6.83,12.4
2013,10,5,0.71,0.71,11.48,10.0
2013,10,6,0.71,0.71,5.49,10.15
2013,10,7,0.71,-0.71,4.38,10.1
2013,10,8,0.71,0.71,1.95,12.7
2013,10,9,-0.71,-0.71,3.44,18.0
2013,10,10,0.71,0.71,1.96,13.8
2013,10,11,0.71,0.71,3.84,13.65
2013,10,12,-0.71,-0.71,6.53,13.9
2013,10,13,-0.71,-0.71,3.53,10.2
2013,10,14,0.71,0.71,2.18,9.6
2013,10,15,0.71,0.71,8.86,9.7
2013,10,16,1.0,0.0,2.93,7.7
2013,10,17,-0.71,-0.71,2.04,7.9
2013,10,18,0.71,-0.71,3.32,7.3
2013,10,19,-0.71,-0.71,2.72,5.8
2013,10,20,0.71,-0.71,2.13,3.8
2013,10,21,-0.0,-1.0,6.07,2.1
2013,10,22,0.71,-0.71,3.16,2.9
2013,10,23,0.71,-0.71,4.71,2.1
2013,10,24,-0.0,-1.0,3.25,1.9
2013,10,25,-0.71,-0.71,5.15,3.0
2013,10,26,0.71,-0.71,4.45,6.7
2013,10,27,-0.71,-0.71,3.87,4.9
2013,10,28,0.71,0.71,3.5,2.0
2013,10,29,-0.0,-1.0,1.28,1.2
2013,10,30,0.71,0.71,1.89,4.45
2013,10,31,0.71,0.71,1.03,7.2
2014,6,1,0.71,0.71,2.02,8.0
2014,6,2,0.71,0.71,2.02,8.0
2014,6,3,-0.0,-1.0,6.65,17.15
2014,6,4,0.71,0.71,1.68,12.9
2014,6,5,0.71,0.71,2.15,8.9
2014,6,6,0.0,1.0,1.85,11.65
2014,6,7,0.71,0.71,2.18,13.3
2014,6,8,0.0,1.0,1.44,14.05
2014,6,9,0.0,1.0,1.82,10.45
2014,6,10,0.71,0.71,2.23,9.75
2014,6,11,0.0,1.0,2.06,10.6
2014,6,12,-0.0,-1.0,6.2,11.45
2014,6,13,0.71,-0.71,4.09,14.0
2014,6,14,0.71,0.71,5.04,7.65
2014,6,15,0.71,0.71,7.22,8.3
2014,6,16,-0.71,-0.71,4.17,18.85
2014,6,17,0.71,0.71,1.57,13.9
2014,6,18,0.71,0.71,6.7,11.5
2014,6,19,0.71,0.71,6.13,9.4
2014,6,20,0.71,0.71,3.31,7.6
2014,6,21,0.71,0.71,3.77,7.2
2014,6,22,0.71,0.71,2.55,8.6
2014,6,23,0.0,1.0,1.29,10.0
2014,6,24,0.0,1.0,3.46,10.5
2014,6,25,0.71,0.71,5.61,9.3
2014,6,26,0.71,0.71,2.54,9.5
2014,6,27,0.71,0.71,3.09,9.3
2014,6,28,0.71,0.71,2.87,10.25
2014,6,29,0.71,0.71,3.53,13.5
2014,6,30,-0.71,-0.71,7.86,23.65
2014,7,1,-0.0,-1.0,6.68,20.4
2014,7,2,1.0,0.0,3.8,16.35
2014,7,3,0.71,-0.71,2.8,19.3
2014,7,4,0.71,0.71,2.45,16.1
2014,7,5,-0.71,-0.71,3.8,16.75
2014,7,6,-0.71,-0.71,4.27,21.05
2014,7,7,-0.0,-1.0,5.21,23.15
2014,7,8,0.71,0.71,2.18,12.7
2014,7,9,0.71,-0.71,3.07,17.25
2014,7,10,0.71,0.71,1.7,15.5
2014,7,11,0.0,1.0,1.61,13.5
2014,7,12,-0.71,-0.71,2.12,20.8
2014,7,13,-0.0,-1.0,5.69,19.65
2014,7,14,-0.0,-1.0,4.05,14.1
2014,7,15,1.0,0.0,3.97,15.4
2014,7,16,0.71,0.71,1.88,15.5
2014,7,17,-0.71,-0.71,3.37,20.5
2014,7,18,0.71,0.71,2.06,15.9
2014,7,19,0.71,0.71,3.01,13.9
2014,7,20,0.71,0.71,2.23,15.4
2014,7,21,-0.71,-0.71,2.89,23.7
2014,7,22,0.71,0.71,5.18,21.9
2014,7,23,0.71,0.71,2.14,19.4
2014,7,24,0.0,1.0,1.3,16.0
2014,7,25,0.71,0.71,1.5,15.9
2014,7,26,-0.71,-0.71,3.37,21.7
2014,7,27,0.71,0.71,3.17,15.6
2014,7,28,0.71,-0.71,3.76,17.9
2014,7,29,0.71,-0.71,4.74,20.1
2014,7,30,-0.71,-0.71,2.65,16.6
2014,7,31,0.71,-0.71,2.82,22.4
2014,8,1,0.0,1.0,1.58,18.0
2014,8,2,0.0,1.0,1.33,16.4
2014,8,3,0.71,0.71,1.24,19.55
2014,8,4,0.71,0.71,2.48,17.95
2014,8,5,0.0,1.0,1.42,17.4
2014,8,6,0.71,0.71,2.13,20.5
2014,8,7,0.71,0.71,2.28,17.5
2014,8,8,0.71,0.71,1.86,18.4
2014,8,9,0.71,0.71,1.41,19.1
2014,8,10,0.71,0.71,1.48,20.7
2014,8,11,0.71,0.71,2.9,19.3
2014,8,12,1.0,0.0,2.91,17.8
2014,8,13,0.71,0.71,2.31,20.2
2014,8,14,0.71,0.71,1.88,18.5
2014,8,15,-0.71,-0.71,1.96,19.2
2014,8,16,-0.71,-0.71,4.03,22.9
2014,8,17,0.0,1.0,6.2,16.3
2014,8,18,0.0,1.0,4.22,15.4
2014,8,19,0.71,0.71,2.05,16.2
2014,8,20,0.71,0.71,1.44,17.9
2014,8,21,0.71,0.71,5.72,17.5
2014,8,22,0.0,1.0,4.01,17.2
2014,8,23,0.71,0.71,3.83,17.7
2014,8,24,0.71,0.71,5.53,17.7
2014,8,25,-0.71,-0.71,3.84,18.6
2014,8,26,-0.0,-1.0,5.01,17.1
2014,8,27,-0.71,0.71,1.91,16.45
2014,8,28,0.71,0.71,1.67,18.0
2014,8,29,0.71,0.71,2.55,17.0
2014,8,30,0.71,0.71,1.39,17.15
2014,8,31,0.71,0.71,3.26,17.1
2014,9,1,-0.0,-1.0,3.97,18.9
2014,9,2,-0.71,-0.71,4.49,18.8
2014,9,3,-0.71,-0.71,3.14,17.8
2014,9,4,0.71,0.71,3.16,17.8
2014,9,5,0.71,-0.71,4.34,17.4
2014,9,6,-0.0,-1.0,5.41,15.7
2014,9,7,-0.71,-0.71,5.07,18.55
2014,9,8,-0.71,-0.71,3.72,19.75
2014,9,9,-0.71,-0.71,2.5,19.1
2014,9,10,0.71,0.71,5.85,9.9
2014,9,11,1.0,0.0,2.84,9.6
2014,9,12,0.71,-0.71,2.94,9.4
2014,9,13,-0.71,-0.71,3.21,9.5
2014,9,14,-0.0,-1.0,5.17,12.6
2014,9,15,0.71,-0.71,4.11,11.9
2014,9,16,-0.0,-1.0,6.59,12.6
2014,9,17,-0.71,-0.71,4.1,12.35
2014,9,18,0.0,1.0,4.69,9.1
2014,9,19,-0.71,-0.71,3.96,11.6
2014,9,20,-0.0,-1.0,4.48,17.7
2014,9,21,1.0,0.0,3.46,13.7
2014,9,22,0.71,-0.71,4.68,14.65
2014,9,23,-0.71,-0.71,2.37,16.1
2014,9,24,0.71,0.71,1.65,15.2
2014,9,25,0.71,0.71,1.63,15.0
2014,9,26,0.71,0.71,1.44,14.2
2014,9,27,0.71,0.71,1.39,15.2
2014,9,28,-0.71,-0.71,2.24,16.2
2014,9,29,0.0,1.0,5.69,9.0
2014,9,30,0.0,1.0,4.95,8.6
2014,10,1,0.0,1.0,3.3,10.0
2014,10,2,-0.71,-0.71,1.63,13.0
2014,10,3,0.71,-0.71,6.48,10.2
2014,10,4,0.71,-0.71,7.68,6.2
2014,10,5,-0.0,-1.0,5.67,5.6
2014,10,6,-0.71,-0.71,6.11,6.75
2014,10,7,-0.0,-1.0,5.02,8.35
2014,10,8,-0.0,-1.0,5.0,6.8
2014,10,9,0.71,-0.71,5.27,6.6
2014,10,10,-0.71,-0.71,3.23,7.0
2014,10,11,-0.71,-0.71,2.91,7.1
2014,10,12,-0.71,-0.71,3.05,8.7
2014,10,13,0.71,0.71,1.48,10.1
2014,10,14,0.71,0.71,2.54,10.8
2014,10,15,0.71,0.71,1.49,10.9
2014,10,16,0.71,0.71,3.63,8.5
2014,10,17,1.0,0.0,3.31,8.75
2014,10,18,1.0,0.0,2.3,6.3
2014,10,19,-0.71,-0.71,2.6,6.5
2014,10,20,0.71,-0.71,3.12,10.4
2014,10,21,0.0,1.0,4.5,7.9
2014,10,22,0.71,0.71,2.21,7.1
2014,10,23,-0.71,-0.71,2.19,10.6
2014,10,24,-0.71,-0.71,2.8,9.8
2014,10,25,-0.0,-1.0,6.89,14.4
2014,10,26,-0.0,-1.0,3.3,9.0
2014,10,27,0.71,0.71,5.18,8.6
2014,10,28,-0.0,-1.0,4.72,7.8
2014,10,29,-0.0,-1.0,4.35,4.3
2014,10,30,-0.0,-1.0,3.57,4.6
2014,10,31,1.0,0.0,3.57,0.1
2015,6,1,0.71,0.71,3.93,6.5
2015,6,2,0.71,0.71,2.27,8.4
2015,6,3,0.71,0.71,2.14,9.9
2015,6,4,0.71,0.71,1.75,9.4
2015,6,5,0.71,0.71,2.49,9.7
2015,6,6,0.71,0.71,3.5,7.6
2015,6,7,0.71,0.71,3.16,9.6
2015,6,8,0.71,-0.71,4.38,19.7
2015,6,9,0.71,0.71,1.78,17.45
2015,6,10,0.71,-0.71,4.73,20.65
2015,6,11,0.71,0.71,1.28,16.1
2015,6,12,0.71,0.71,1.63,13.7
2015,6,13,0.71,0.71,2.65,12.0
2015,6,14,0.71,0.71,1.43,12.0
2015,6,15,0.71,-0.71,3.62,18.9
2015,6,16,0.71,-0.71,2.22,15.3
2015,6,17,0.71,0.71,1.51,12.9
2015,6,18,0.71,0.71,1.62,16.3
2015,6,19,0.71,0.71,1.85,13.9
2015,6,20,0.71,0.71,2.14,12.5
2015,6,21,0.71,0.71,1.48,12.4
2015,6,22,0.71,0.71,2.59,15.0
2015,6,23,0.71,-0.71,5.31,18.75
2015,6,24,0.71,0.71,2.83,18.1
2015,6,25,0.71,0.71,1.82,14.55
2015,6,26,0.71,0.71,1.85,15.0
2015,6,27,-0.71,-0.71,2.15,18.5
2015,6,28,-0.71,-0.71,2.51,20.7
2015,6,29,-0.71,-0.71,1.74,18.6
2015,6,30,0.71,0.71,2.75,16.5
2015,7,1,0.71,0.71,1.8,14.3
2015,7,2,-0.71,-0.71,2.25,17.2
2015,7,3,-0.71,-0.71,3.84,21.8
2015,7,4,0.71,0.71,1.97,19.4
2015,7,5,0.71,0.71,2.15,17.25
2015,7,6,0.71,0.71,2.27,19.3
2015,7,7,1.0,0.0,2.81,16.4
2015,7,8,-0.71,-0.71,3.13,19.2
2015,7,9,-0.71,-0.71,2.31,21.15
2015,7,10,-0.71,-0.71,3.32,24.15
2015,7,11,-0.71,-0.71,1.96,24.3
2015,7,12,0.71,0.71,2.02,22.1
2015,7,13,-0.71,-0.71,3.16,21.2
2015,7,14,0.71,0.71,3.75,20.9
2015,7,15,0.71,0.71,2.56,17.4
2015,7,16,0.71,0.71,2.52,17.7
2015,7,17,-0.71,-0.71,3.0,19.4
2015,7,18,-0.71,-0.71,3.45,23.1
2015,7,19,-0.0,-1.0,6.55,22.55
2015,7,20,0.71,-0.71,5.85,22.9
2015,7,21,0.71,-0.71,4.82,20.8
2015,7,22,0.71,0.71,1.58,20.3
2015,7,23,-0.71,-0.71,2.07,19.5
2015,7,24,-0.71,-0.71,3.72,24.7
2015,7,25,-0.71,-0.71,2.24,24.8
2015,7,26,-0.71,-0.71,2.2,24.3
2015,7,27,0.71,0.71,1.7,24.9
2015,7,28,0.71,0.71,3.91,23.5
2015,7,29,-0.71,-0.71,7.06,22.4
2015,7,30,-0.0,-1.0,6.8,25.4
2015,7,31,-0.0,-1.0,6.48,22.5
2015,8,1,-0.0,-1.0,5.37,22.0
2015,8,2,-0.71,-0.71,3.73,22.4
2015,8,3,-0.0,-1.0,5.68,19.3
2015,8,4,0.71,-0.71,3.85,17.4
2015,8,5,0.71,0.71,1.35,15.0
2015,8,6,0.71,0.71,1.95,13.9
2015,8,7,0.71,0.71,3.02,13.0
2015,8,8,0.71,0.71,1.15,13.0
2015,8,9,0.71,0.71,1.29,15.1
2015,8,10,0.71,-0.71,2.5,21.7
2015,8,11,1.0,0.0,2.29,19.9
2015,8,12,-0.71,-0.71,3.1,18.0
2015,8,13,-0.71,-0.71,3.18,24.9
2015,8,14,-1.0,0.0,2.82,26.4
2015,8,15,0.71,0.71,1.26,20.35
2015,8,16,-0.71,-0.71,4.2,23.6
2015,8,17,0.71,-0.71,3.01,20.0
2015,8,18,0.71,0.71,3.55,17.1
2015,8,19,0.71,0.71,5.63,14.7
2015,8,20,0.71,-0.71,4.58,14.05
2015,8,21,0.71,0.71,1.44,15.35
2015,8,22,0.71,0.71,2.71,15.25
2015,8,23,-0.71,-0.71,6.95,16.2
2015,8,24,-0.0,-1.0,6.76,14.1
2015,8,25,0.71,-0.71,2.78,13.45
2015,8,26,0.0,1.0,1.49,14.35
2015,8,27,0.71,0.71,1.1,15.0
2015,8,28,-0.71,-0.71,2.82,14.5
2015,8,29,-0.71,-0.71,3.99,20.2
2015,8,30,-0.71,-0.71,3.74,20.7
2015,8,31,-0.71,-0.71,3.87,21.9
2015,9,1,-0.71,-0.71,1.96,23.3
2015,9,2,0.71,0.71,1.81,19.2
2015,9,3,0.71,0.71,2.6,16.1
2015,9,4,0.71,0.71,2.97,17.25
2015,9,5,0.71,0.71,1.77,17.6
2015,9,6,-0.71,-0.71,2.31,20.1
2015,9,7,0.71,-0.71,3.21,21.6
2015,9,8,-0.0,-1.0,2.87,19.4
2015,9,9,-0.0,-1.0,4.96,18.0
2015,9,10,0.71,-0.71,3.7,17.25
2015,9,11,0.71,-0.71,3.14,12.7
2015,9,12,0.71,-0.71,1.77,13.6
2015,9,13,-0.71,-0.71,5.08,15.9
2015,9,14,-0.71,-0.71,3.3,18.4
2015,9,15,0.71,0.71,2.14,17.6
2015,9,16,-0.71,-0.71,5.03,24.0
2015,9,17,-0.71,-0.71,3.75,21.05
2015,9,18,0.71,-0.71,2.8,16.75
2015,9,19,0.71,-0.71,4.94,15.6
2015,9,20,-0.71,-0.71,4.68,16.7
2015,9,21,-0.71,-0.71,3.38,17.55
2015,9,22,-0.71,-0.71,3.62,20.2
2015,9,23,0.71,0.71,3.92,13.1
2015,9,24,0.71,0.71,5.47,12.6
2015,9,25,0.71,0.71,3.09,13.0
2015,9,26,0.71,0.71,3.16,12.7
2015,9,27,0.71,0.71,1.4,12.8
2015,9,28,-0.0,-1.0,1.94,18.9
2015,9,29,1.0,0.0,2.02,12.25
2015,9,30,-0.71,-0.71,1.69,11.6
2015,10,1,0.71,0.71,3.43,11.5
2015,10,2,0.71,0.71,5.03,11.2
2015,10,3,0.71,0.71,5.51,10.9
2015,10,4,0.71,0.71,3.04,10.3
2015,10,5,-0.71,-0.71,1.92,10.7
2015,10,6,-0.71,-0.71,3.91,14.2
2015,10,7,0.71,0.71,1.93,10.3
2015,10,8,0.71,0.71,2.12,10.6
2015,10,9,0.71,-0.71,3.19,10.7
2015,10,10,-0.71,-0.71,5.24,10.2
2015,10,11,-0.71,-0.71,4.83,17.4
2015,10,12,-0.71,-0.71,6.29,14.7
2015,10,13,0.71,-0.71,5.26,8.7
2015,10,14,-0.71,-0.71,4.42,9.15
2015,10,15,-0.0,-1.0,6.35,11.5
2015,10,16,0.71,-0.71,4.57,5.6
2015,10,17,-0.0,-1.0,2.16,5.2
2015,10,18,0.71,0.71,1.82,6.95
2015,10,19,-0.71,-0.71,3.73,12.5
2015,10,20,0.71,0.71,6.16,10.6
2015,10,21,0.71,0.71,6.11,9.6
2015,10,22,-0.71,-0.71,3.11,8.2
2015,10,23,0.71,0.71,3.86,8.7
2015,10,24,0.71,-0.71,2.96,9.7
2015,10,25,-0.0,-1.0,2.63,8.5
2015,10,26,0.71,0.71,2.47,8.15
2015,10,27,0.71,0.71,4.66,9.0
2015,10,28,0.71,0.71,4.36,8.5
2015,10,29,0.71,-0.71,4.47,5.4
2015,10,30,-0.71,-0.71,3.61,6.6
2015,10,31,-0.71,-0.71,3.03,8.2
2016,6,1,0.71,0.71,3.38,6.6
2016,6,2,-0.0,-1.0,4.24,13.9
2016,6,3,0.71,0.71,1.91,9.5
2016,6,4,0.71,0.71,2.51,7.7
2016,6,5,0.71,-0.71,2.99,13.05
2016,6,6,0.71,-0.71,5.25,14.5
2016,6,7,1.0,0.0,2.76,13.7
2016,6,8,0.71,0.71,1.51,11.0
2016,6,9,0.71,0.71,1.71,10.9
2016,6,10,0.71,0.71,2.5,9.7
2016,6,11,0.71,-0.71,4.29,22.7
2016,6,12,0.71,0.71,3.7,13.05
2016,6,13,0.71,0.71,2.83,9.15
2016,6,14,0.71,0.71,4.04,9.3
2016,6,15,0.71,0.71,3.21,9.6
2016,6,16,0.71,0.71,1.24,10.8
2016,6,17,0.71,0.71,1.13,14.5
2016,6,18,0.71,0.71,1.22,18.25
2016,6,19,0.71,0.71,2.68,17.55
2016,6,20,-0.0,-1.0,6.97,22.0
2016,6,21,-0.0,-1.0,6.15,19.3
2016,6,22,0.71,0.71,2.75,14.1
2016,6,23,0.71,0.71,1.71,15.2
2016,6,24,-0.71,-0.71,2.44,21.5
2016,6,25,0.71,0.71,2.04,16.8
2016,6,26,-0.71,-0.71,5.79,20.0
2016,6,27,0.71,-0.71,4.56,18.5
2016,6,28,0.0,1.0,1.57,16.7
2016,6,29,-0.71,-0.71,3.57,20.0
2016,6,30,-0.71,-0.71,1.92,18.5
2016,7,1,1.0,0.0,2.27,15.0
2016,7,2,-0.71,-0.71,2.21,19.6
2016,7,3,0.71,0.71,1.02,19.9
2016,7,4,-0.71,-0.71,2.72,20.45
2016,7,5,-0.71,-0.71,3.25,23.2
2016,7,6,0.71,-0.71,2.09,21.3
2016,7,7,0.71,0.71,2.03,17.0
2016,7,8,0.71,0.71,3.11,16.1
2016,7,9,0.71,0.71,1.59,16.1
2016,7,10,0.71,0.71,3.66,16.55
2016,7,11,0.71,0.71,2.23,16.7
2016,7,12,-0.71,-0.71,5.56,20.7
2016,7,13,-0.71,-0.71,6.48,22.7
2016,7,14,-0.0,-1.0,4.79,18.9
2016,7,15,0.71,0.71,1.31,16.8
2016,7,16,0.71,0.71,1.23,15.3
2016,7,17,0.71,0.71,4.3,19.3
2016,7,18,0.71,-0.71,3.74,22.05
2016,7,19,0.71,0.71,1.48,19.5
2016,7,20,0.71,0.71,1.3,18.35
2016,7,21,-0.0,-1.0,3.92,21.2
2016,7,22,-0.0,-1.0,3.32,25.5
2016,7,23,0.71,0.71,2.71,21.6
2016,7,24,-0.0,-1.0,3.92,18.8
2016,7,25,-0.0,-1.0,4.08,23.4
2016,7,26,-0.71,-0.71,3.41,25.2
2016,7,27,0.71,0.71,3.22,20.2
2016,7,28,0.71,0.71,2.36,18.6
2016,7,29,0.71,0.71,1.29,17.8
2016,7,30,0.71,0.71,1.45,18.4
2016,7,31,0.71,0.71,1.87,19.6
2016,8,1,0.71,0.71,2.0,20.3
2016,8,2,0.71,0.71,1.81,20.6
2016,8,3,0.71,0.71,1.37,23.6
2016,8,4,-0.71,-0.71,3.49,23.2
2016,8,5,-0.0,-1.0,5.09,20.7
2016,8,6,0.71,-0.71,3.38,20.85
2016,8,7,1.0,0.0,1.62,21.8
2016,8,8,0.71,0.71,1.22,21.05
2016,8,9,-0.71,-0.71,3.6,22.1
2016,8,10,0.71,0.71,3.83,20.2
2016,8,11,0.71,0.71,3.05,18.6
2016,8,12,0.71,0.71,2.2,18.6
2016,8,13,0.71,-0.71,2.33,17.4
2016,8,14,0.71,-0.71,2.54,21.95
2016,8,15,-0.71,-0.71,1.99,22.4
2016,8,16,0.71,0.71,1.65,22.1
2016,8,17,-0.71,-0.71,2.02,23.0
2016,8,18,-0.71,-0.71,2.67,24.4
2016,8,19,0.71,-0.71,2.01,23.0
2016,8,20,0.71,-0.71,2.66,20.1
2016,8,21,0.71,-0.71,3.64,17.3
2016,8,22,-0.71,-0.71,3.96,18.6
2016,8,23,-0.71,-0.71,3.65,23.9
2016,8,24,-0.71,-0.71,3.06,23.8
2016,8,25,-0.0,-1.0,5.81,20.4
2016,8,26,0.71,-0.71,4.23,18.15
2016,8,27,0.71,0.71,1.67,18.1
2016,8,28,-0.0,-1.0,1.58,17.05
2016,8,29,0.71,0.71,2.36,19.1
2016,8,30,1.0,0.0,2.85,21.4
2016,8,31,1.0,0.0,1.87,20.0
2016,9,1,0.71,0.71,2.53,18.7
2016,9,2,0.71,0.71,1.67,17.45
2016,9,3,-0.71,-0.71,2.7,18.6
2016,9,4,-1.0,0.0,2.78,19.8
2016,9,5,-0.71,-0.71,3.29,22.0
2016,9,6,-0.71,-0.71,1.86,22.25
2016,9,7,0.71,0.71,2.5,19.2
2016,9,8,-0.0,-1.0,4.6,18.2
2016,9,9,-0.71,-0.71,2.43,19.0
2016,9,10,0.71,-0.71,3.5,18.6
2016,9,11,-0.71,-0.71,4.12,17.0
2016,9,12,-0.71,-0.71,3.7,20.0
2016,9,13,0.71,-0.71,3.0,15.1
2016,9,14,0.71,-0.71,2.87,12.35
2016,9,15,0.71,0.71,1.77,14.5
2016,9,16,0.71,0.71,1.95,17.65
2016,9,17,-0.0,-1.0,3.67,18.05
2016,9,18,0.71,0.71,1.95,16.0
2016,9,19,-0.0,-1.0,4.77,18.1
2016,9,20,-0.71,-0.71,3.34,17.15
2016,9,21,0.71,0.71,2.48,16.4
2016,9,22,0.71,0.71,2.79,15.0
2016,9,23,0.71,0.71,4.5,14.45
2016,9,24,0.71,0.71,4.37,14.7
2016,9,25,0.71,0.71,3.1,15.4
2016,9,26,-0.0,-1.0,7.24,12.6
2016,9,27,-0.0,-1.0,4.54,11.8
2016,9,28,1.0,0.0,2.97,12.5
2016,9,29,0.71,0.71,1.86,13.7
2016,9,30,0.71,0.71,3.32,12.6
2016,10,1,0.71,0.71,2.1,12.4
2016,10,2,0.71,0.71,0.98,13.6
2016,10,3,0.71,0.71,2.03,13.0
2016,10,4,0.71,0.71,2.27,13.3
2016,10,5,-0.71,-0.71,4.11,16.7
2016,10,6,-0.71,-0.71,3.85,13.0
2016,10,7,0.71,-0.71,6.44,7.0
2016,10,8,-0.0,-1.0,4.54,6.3
2016,10,9,0.71,-0.71,1.77,9.1
2016,10,10,-0.71,-0.71,3.07,11.0
2016,10,11,-0.71,-0.71,3.05,16.1
2016,10,12,0.71,-0.71,3.76,7.6
2016,10,13,-0.0,-1.0,3.85,5.5
2016,10,14,-0.71,-0.71,3.02,9.7
2016,10,15,-0.71,-0.71,5.4,17.2
2016,10,16,0.71,0.71,2.49,11.6
2016,10,17,0.71,0.71,4.29,9.8
2016,10,18,-0.71,-0.71,2.65,11.9
2016,10,19,-0.0,-1.0,4.26,8.6
2016,10,20,0.71,-0.71,2.65,7.1
2016,10,21,0.71,0.71,1.56,6.7
2016,10,22,-1.0,0.0,1.64,9.4
2016,10,23,0.71,0.71,3.95,9.45
2016,10,24,0.71,-0.71,2.67,6.1
2016,10,25,0.71,0.71,3.34,7.4
2016,10,26,0.0,1.0,3.42,7.0
2016,10,27,-0.71,-0.71,2.72,6.3
2016,10,28,-1.0,0.0,2.56,7.9
2016,10,29,0.71,-0.71,3.0,11.4
2016,10,30,0.71,-0.71,2.68,6.8
2016,10,31,-1.0,0.0,2.7,6.4
2017,6,1,-0.71,-0.71,2.58,17.45
2017,6,2,0.71,0.71,2.1,13.25
2017,6,3,0.71,0.71,1.76,9.8
2017,6,4,0.71,0.71,4.16,11.5
2017,6,5,0.71,0.71,1.81,9.2
2017,6,6,0.71,0.71,1.26,13.4
2017,6,7,0.71,0.71,1.28,13.8
2017,6,8,0.71,0.71,1.42,16.8
2017,6,9,0.71,0.71,1.85,13.4
2017,6,10,0.71,0.71,4.56,15.0
2017,6,11,-0.0,-1.0,2.59,17.85
2017,6,12,0.0,1.0,2.19,17.95
2017,6,13,0.71,0.71,4.02,14.1
2017,6,14,0.71,0.71,4.01,10.75
2017,6,15,0.71,0.71,3.27,9.7
2017,6,16,-0.0,-1.0,4.93,22.65
2017,6,17,0.71,0.71,2.08,18.4
2017,6,18,0.71,-0.71,3.68,17.2
2017,6,19,0.71,-0.71,4.18,16.4
2017,6,20,0.71,-0.71,2.57,17.6
2017,6,21,0.71,0.71,1.29,15.9
2017,6,22,-0.71,-0.71,2.83,15.9
2017,6,23,-0.0,-1.0,5.62,18.45
2017,6,24,0.71,-0.71,5.28,15.6
2017,6,25,0.71,-0.71,4.24,14.9
2017,6,26,0.71,-0.71,3.71,14.2
2017,6,27,-0.71,-0.71,4.1,17.15
2017,6,28,0.71,0.71,3.08,12.55
2017,6,29,0.71,-0.71,2.88,16.3
2017,6,30,0.71,-0.71,1.79,17.3
2017,7,1,-0.0,-1.0,2.57,16.3
2017,7,2,0.71,-0.71,3.02,20.3
2017,7,3,0.71,0.71,1.22,17.7
2017,7,4,0.71,0.71,1.72,15.1
2017,7,5,-0.71,-0.71,3.19,17.4
2017,7,6,-0.71,-0.71,4.53,25.0
2017,7,7,0.71,-0.71,2.61,19.4
2017,7,8,-0.0,-1.0,3.77,20.5
2017,7,9,-0.71,-0.71,2.5,18.2
2017,7,10,0.71,0.71,1.77,18.6
2017,7,11,0.71,0.71,1.99,20.3
2017,7,12,0.71,0.71,6.14,13.7
2017,7,13,0.71,0.71,3.46,12.1
2017,7,14,-1.0,0.0,1.95,14.5
2017,7,15,-0.71,-0.71,3.88,22.3
2017,7,16,0.71,0.71,3.93,16.6
2017,7,17,0.71,0.71,2.16,15.3
2017,7,18,-0.71,-0.71,2.39,20.8
2017,7,19,0.71,-0.71,1.57,21.95
2017,7,20,-0.0,-1.0,2.17,21.1
2017,7,21,0.71,0.71,2.08,21.0
2017,7,22,0.71,0.71,1.8,17.8
2017,7,23,0.71,0.71,1.41,15.3
2017,7,24,0.71,0.71,1.33,16.1
2017,7,25,0.71,0.71,1.95,17.9
2017,7,26,-0.0,-1.0,2.38,22.2
2017,7,27,1.0,0.0,1.74,22.6
2017,7,28,,,,
2017,7,29,,,,
2017,7,30,-0.71,-0.71,4.06,29.45
2017,7,31,-0.71,-0.71,3.2,25.1
2017,8,1,-0.71,-0.71,3.35,25.25
2017,8,2,0.71,0.71,3.32,19.4
2017,8,3,0.71,0.71,3.55,14.5
2017,8,4,0.71,-0.71,3.56,14.3
2017,8,5,-0.71,-0.71,2.68,18.2
2017,8,6,0.71,0.71,1.87,19.5
2017,8,7,-0.0,-1.0,2.45,18.3
2017,8,8,-0.0,-1.0,5.33,22.6
2017,8,9,0.71,0.71,1.9,19.1
2017,8,10,0.71,0.71,2.15,17.2
2017,8,11,0.71,0.71,1.19,17.3
2017,8,12,-0.71,-0.71,2.0,20.05
2017,8,13,-0.71,-0.71,2.29,20.2
2017,8,14,0.71,0.71,1.42,18.1
2017,8,15,0.71,0.71,2.0,18.7
2017,8,16,0.71,0.71,3.96,17.1
2017,8,17,0.71,0.71,4.95,17.3
2017,8,18,-0.71,-0.71,2.62,18.8
2017,8,19,-0.71,-0.71,3.79,20.8
2017,8,20,-0.71,-0.71,2.86,21.9
2017,8,21,0.71,-0.71,2.22,19.7
2017,8,22,0.71,-0.71,3.99,16.7
2017,8,23,0.71,-0.71,3.27,17.05
2017,8,24,0.71,0.71,2.25,16.7
2017,8,25,0.71,0.71,2.07,16.1
2017,8,26,0.0,1.0,2.01,15.9
2017,8,27,0.0,1.0,2.34,17.0
2017,8,28,0.71,-0.71,1.55,17.6
2017,8,29,0.71,0.71,1.11,17.0
2017,8,30,0.71,0.71,3.08,20.6
2017,8,31,0.0,1.0,3.35,16.75
2017,9,1,-0.71,-0.71,2.84,15.2
2017,9,2,-0.71,-0.71,3.81,18.8
2017,9,3,-0.71,-0.71,4.13,19.9
2017,9,4,0.71,-0.71,4.59,17.6
2017,9,5,0.71,-0.71,5.3,13.7
2017,9,6,0.71,-0.71,2.0,12.9
2017,9,7,-0.0,-1.0,1.59,13.3
2017,9,8,0.71,0.71,2.19,14.2
2017,9,9,0.71,0.71,2.56,14.1
2017,9,10,0.71,0.71,1.9,15.9
2017,9,11,-0.71,-0.71,3.33,18.3
2017,9,12,-0.71,-0.71,2.48,21.2
2017,9,13,0.71,0.71,1.01,19.5
2017,9,14,0.71,0.71,2.0,18.4
2017,9,15,0.71,0.71,4.51,17.5
2017,9,16,0.71,0.71,3.6,15.5
2017,9,17,-0.0,-1.0,4.22,16.1
2017,9,18,-0.71,-0.71,1.59,13.6
2017,9,19,0.71,0.71,2.67,15.55
2017,9,20,0.71,0.71,3.75,17.9
2017,9,21,0.71,0.71,2.65,16.5
2017,9,22,0.71,0.71,2.81,16.8
2017,9,23,-0.71,-0.71,1.97,18.7
2017,9,24,0.71,0.71,1.62,19.1
2017,9,25,-0.71,-0.71,2.25,16.1
2017,9,26,0.71,0.71,3.33,14.1
2017,9,27,-0.0,-1.0,3.93,12.5
2017,9,28,-0.71,-0.71,3.55,14.2
2017,9,29,0.71,-0.71,2.5,13.1
2017,9,30,-0.71,-0.71,1.82,11.7
2017,10,1,-1.0,0.0,1.79,15.5
2017,10,2,-0.71,0.71,1.65,16.3
2017,10,3,0.71,0.71,2.33,16.2
2017,10,4,-0.0,-1.0,4.82,11.9
2017,10,5,-0.71,-0.71,3.56,10.6
2017,10,6,0.71,0.71,2.32,12.9
2017,10,7,0.71,0.71,1.82,12.2
2017,10,8,-0.71,-0.71,3.28,14.75
2017,10,9,0.71,-0.71,2.83,10.3
2017,10,10,0.71,-0.71,2.74,7.3
2017,10,11,0.71,0.71,1.78,8.5
2017,10,12,-1.0,0.0,2.05,13.2
2017,10,13,-0.0,-1.0,3.66,13.7
2017,10,14,0.71,0.71,3.16,11.3
2017,10,15,-0.0,-1.0,3.74,8.6
2017,10,16,-0.71,-0.71,4.98,7.85
2017,10,17,-0.71,-0.71,3.69,13.5
2017,10,18,-0.71,-0.71,4.51,15.8
2017,10,19,-0.71,-0.71,4.09,12.45
2017,10,20,0.71,0.71,1.05,13.2
2017,10,21,-0.71,-0.71,1.89,16.6
2017,10,22,-0.71,-0.71,5.21,13.4
2017,10,23,-0.71,-0.71,3.94,12.8
2017,10,24,0.71,-0.71,7.1,7.6
2017,10,25,0.71,0.71,3.03,5.8
2017,10,26,0.0,1.0,2.54,8.45
2017,10,27,1.0,0.0,5.49,1.8
2017,10,28,0.71,-0.71,4.27,0.7
2017,10,29,-0.71,-0.71,3.73,0.35
2017,10,30,-0.0,-1.0,5.87,2.5
2017,10,31,-0.0,-1.0,4.9,-0.5
2018,6,1,0.71,0.71,5.61,7.6
2018,6,2,0.71,0.71,6.55,6.1
2018,6,3,-0.0,-1.0,4.23,8.6
2018,6,4,-0.0,-1.0,6.0,17.0
2018,6,5,0.71,0.71,2.25,11.5
2018,6,6,0.71,0.71,3.29,10.9
2018,6,7,0.71,0.71,1.9,16.5
2018,6,8,0.71,0.71,1.86,12.0
2018,6,9,0.71,0.71,2.8,10.3
2018,6,10,0.71,0.71,2.99,10.15
2018,6,11,0.71,0.71,2.21,10.8
2018,6,12,0.71,0.71,1.05,12.7
2018,6,13,-0.0,-1.0,5.22,20.55
2018,6,14,0.71,0.71,2.04,15.6
2018,6,15,0.71,0.71,2.57,12.7
2018,6,16,0.71,0.71,2.27,10.2
2018,6,17,0.71,0.71,1.59,16.7
2018,6,18,0.71,0.71,1.65,20.1
2018,6,19,0.71,0.71,1.4,15.4
2018,6,20,0.0,1.0,1.13,15.95
2018,6,21,0.71,0.71,2.59,12.8
2018,6,22,0.71,0.71,1.19,14.0
2018,6,23,0.71,0.71,1.74,14.5
2018,6,24,0.71,0.71,6.12,11.25
2018,6,25,0.71,0.71,4.12,11.9
2018,6,26,0.71,0.71,3.32,11.4
2018,6,27,0.71,0.71,1.72,12.9
2018,6,28,-0.71,-0.71,2.18,21.0
2018,6,29,0.71,0.71,1.73,17.1
2018,6,30,0.71,0.71,1.37,16.3
2018,7,1,0.71,-0.71,2.2,17.7
2018,7,2,-0.71,-0.71,3.53,19.2
2018,7,3,0.71,0.71,1.51,18.5
2018,7,4,0.71,0.71,1.8,15.2
2018,7,5,0.71,-0.71,3.87,23.0
2018,7,6,0.0,1.0,1.73,21.8
2018,7,7,-0.71,-0.71,4.36,23.8
2018,7,8,-0.71,-0.71,5.56,25.5
2018,7,9,0.0,1.0,2.1,22.65
2018,7,10,0.71,-0.71,2.13,24.3
2018,7,11,0.71,0.71,2.5,17.7
2018,7,12,-0.71,-0.71,4.22,21.55
2018,7,13,-0.71,-0.71,3.39,25.5
2018,7,14,-0.71,-0.71,1.95,26.9
2018,7,15,-0.71,-0.71,3.48,26.8
2018,7,16,-0.0,-1.0,5.25,23.1
2018,7,17,0.71,0.71,2.02,18.8
2018,7,18,0.0,1.0,1.59,18.2
2018,7,19,0.71,0.71,1.97,19.95
2018,7,20,0.71,0.71,1.47,18.3
2018,7,21,0.71,0.71,1.54,20.25
2018,7,22,0.71,0.71,2.46,18.9
2018,7,23,0.71,0.71,1.78,18.75
2018,7,24,0.71,-0.71,5.39,22.8
2018,7,25,-0.0,-1.0,3.32,21.35
2018,7,26,0.71,-0.71,4.09,18.3
2018,7,27,0.71,-0.71,2.65,19.1
2018,7,28,-0.71,-0.71,1.75,21.4
2018,7,29,0.71,-0.71,1.8,21.5
2018,7,30,-0.71,0.71,1.72,22.8
2018,7,31,-0.71,-0.71,3.05,23.1
2018,8,1,0.71,0.71,3.17,16.2
2018,8,2,0.71,0.71,1.5,12.7
2018,8,3,0.71,0.71,1.87,14.5
2018,8,4,,,,
2018,8,5,,,,
2018,8,6,0.71,-0.71,2.78,21.9
2018,8,7,0.71,0.71,1.34,17.1
2018,8,8,-0.71,-0.71,2.56,17.55
2018,8,9,0.71,-0.71,2.01,24.8
2018,8,10,1.0,0.0,1.69,25.0
2018,8,11,-0.71,-0.71,2.22,24.3
2018,8,12,0.71,0.71,1.11,20.5
2018,8,13,-0.71,-0.71,2.72,23.0
2018,8,14,-0.71,-0.71,2.42,25.2
2018,8,15,0.71,0.71,2.27,18.9
2018,8,16,0.71,0.71,1.34,17.5
2018,8,17,0.71,0.71,1.8,20.3
2018,8,18,0.71,0.71,1.87,18.6
2018,8,19,0.71,0.71,1.0,18.3
2018,8,20,0.71,0.71,1.86,20.4
2018,8,21,0.71,0.71,2.19,17.9
2018,8,22,-0.0,-1.0,5.75,19.85
2018,8,23,-0.71,-0.71,4.48,21.8
2018,8,24,0.71,0.71,1.65,18.8
2018,8,25,0.71,0.71,1.15,18.4
2018,8,26,-0.71,-0.71,1.65,19.3
2018,8,27,0.71,0.71,1.76,20.2
2018,8,28,0.71,0.71,2.23,15.2
2018,8,29,1.0,0.0,1.88,13.5
2018,8,30,-0.0,-1.0,1.72,17.15
2018,8,31,-0.71,-0.71,1.77,19.9
2018,9,1,-0.71,-0.71,2.4,19.7
2018,9,2,-0.0,-1.0,2.34,21.1
2018,9,3,0.71,0.71,3.23,19.8
2018,9,4,0.71,0.71,1.97,18.3
2018,9,5,1.0,0.0,2.08,18.7
2018,9,6,0.71,-0.71,1.66,16.9
2018,9,7,0.71,0.71,1.44,17.8
2018,9,8,0.71,0.71,4.18,16.7
2018,9,9,0.71,0.71,2.59,15.8
2018,9,10,-0.71,-0.71,1.78,16.2
2018,9,11,0.71,0.71,2.09,18.4
2018,9,12,-0.71,-0.71,3.46,22.4
2018,9,13,-1.0,0.0,2.51,20.0
2018,9,14,-0.71,-0.71,1.72,23.4
2018,9,15,0.71,0.71,3.6,18.4
2018,9,16,0.71,0.71,3.46,17.5
2018,9,17,0.71,-0.71,2.28,17.5
2018,9,18,0.71,0.71,3.31,14.9
2018,9,19,0.0,1.0,2.77,14.3
2018,9,20,0.71,0.71,3.85,14.3
2018,9,21,0.71,-0.71,5.61,13.9
2018,9,22,-0.71,-0.71,4.46,11.8
2018,9,23,0.71,0.71,5.49,10.9
2018,9,24,0.71,0.71,3.67,14.5
2018,9,25,0.71,-0.71,3.01,11.1
2018,9,26,-0.0,-1.0,4.77,9.4
2018,9,27,-0.71,-0.71,4.11,11.2
2018,9,28,-0.0,-1.0,5.04,8.5
2018,9,29,-0.71,-0.71,2.99,5.15
2018,9,30,-0.71,-0.71,3.53,6.9
2018,10,1,0.71,0.71,2.76,9.2
2018,10,2,-0.71,-0.71,1.87,9.9
2018,10,3,-0.71,0.71,1.62,12.3
2018,10,4,-0.0,-1.0,4.22,5.6
2018,10,5,0.0,1.0,2.85,7.0
2018,10,6,0.71,-0.71,3.23,8.0
2018,10,7,0.0,1.0,3.33,7.7
2018,10,8,0.71,0.71,3.09,8.6
2018,10,9,0.71,0.71,3.13,7.3
2018,10,10,0.71,0.71,9.76,6.9
2018,10,11,-0.0,-1.0,5.96,3.1
2018,10,12,-0.0,-1.0,4.37,0.8
2018,10,13,-0.71,-0.71,3.95,2.8
2018,10,14,-0.0,-1.0,3.15,2.8
2018,10,15,-0.0,-1.0,5.16,2.4
2018,10,16,-0.71,-0.71,6.3,5.9
2018,10,17,0.71,-0.71,4.59,2.9
2018,10,18,-0.71,-0.71,4.17,3.55
2018,10,19,-0.71,-0.71,6.69,14.0
2018,10,20,0.71,-0.71,5.98,3.1
2018,10,21,-0.71,-0.71,3.35,1.4
2018,10,22,-0.71,-0.71,4.98,6.75
2018,10,23,0.71,-0.71,3.54,6.1
2018,10,24,-0.71,-0.71,1.03,4.1
2018,10,25,-0.71,-0.71,1.41,7.4
2018,10,26,0.71,0.71,2.02,7.8
2018,10,27,-0.71,0.71,1.6,7.5
2018,10,28,0.71,-0.71,3.24,7.6
2018,10,29,0.71,-0.71,1.98,5.8
2018,10,30,0.0,1.0,3.1,6.5
2018,10,31,-0.71,-0.71,4.12,5.4
2019,6,1,0.71,0.71,1.72,7.7
2019,6,2,0.71,0.71,2.21,10.75
2019,6,3,0.71,0.71,2.5,8.9
2019,6,4,0.71,0.71,2.2,7.1
2019,6,5,0.71,0.71,2.21,8.3
2019,6,6,0.71,0.71,1.25,10.1
2019,6,7,0.71,0.71,1.86,10.5
2019,6,8,0.71,0.71,1.94,10.2
2019,6,9,0.71,0.71,2.7,12.1
2019,6,10,-0.0,-1.0,4.9,16.0
2019,6,11,0.71,0.71,2.75,14.2
2019,6,12,0.71,-0.71,3.01,14.4
2019,6,13,0.71,-0.71,3.18,16.05
2019,6,14,-0.71,-0.71,3.37,16.4
2019,6,15,0.71,0.71,3.21,11.0
2019,6,16,0.71,0.71,3.86,10.5
2019,6,17,0.71,0.71,2.32,8.9
2019,6,18,0.71,0.71,1.34,10.9
2019,6,19,0.0,1.0,1.14,12.1
2019,6,20,0.71,0.71,1.74,13.7
2019,6,21,0.71,0.71,3.88,13.8
2019,6,22,0.71,0.71,3.32,11.8
2019,6,23,0.71,0.71,2.21,9.5
2019,6,24,0.71,0.71,2.12,10.7
2019,6,25,-0.0,-1.0,5.4,18.0
2019,6,26,-0.0,-1.0,5.57,21.6
2019,6,27,-0.71,-0.71,2.1,19.7
2019,6,28,0.0,1.0,1.04,15.95
2019,6,29,0.71,0.71,1.22,18.4
2019,6,30,0.71,0.71,2.92,17.5
2019,7,1,-0.71,-0.71,2.8,22.0
2019,7,2,-0.71,-0.71,2.45,23.6
2019,7,3,0.71,0.71,1.98,23.6
2019,7,4,0.71,0.71,1.7,16.3
2019,7,5,0.71,0.71,1.39,22.15
2019,7,6,0.71,0.71,3.29,18.8
2019,7,7,0.71,0.71,1.5,16.0
2019,7,8,0.71,0.71,1.59,16.3
2019,7,9,0.71,0.71,1.85,17.4
2019,7,10,-0.71,-0.71,2.86,17.9
2019,7,11,0.71,0.71,1.9,21.4
2019,7,12,-0.71,-0.71,4.1,22.05
2019,7,13,0.71,-0.71,2.47,22.9
2019,7,14,0.71,0.71,1.4,21.4
2019,7,15,0.71,0.71,1.52,21.0
2019,7,16,-0.71,-0.71,2.24,24.05
2019,7,17,0.71,0.71,2.37,21.4
2019,7,18,0.0,1.0,2.25,18.7
2019,7,19,-0.71,-0.71,2.58,24.55
2019,7,20,-0.71,-0.71,2.95,21.5
2019,7,21,0.71,-0.71,2.84,19.9
2019,7,22,0.71,-0.71,5.05,19.9
2019,7,23,0.71,-0.71,5.76,23.45
2019,7,24,0.71,-0.71,3.65,24.35
2019,7,25,-0.71,-0.71,4.29,24.3
2019,7,26,-0.71,-0.71,5.14,23.2
2019,7,27,-0.0,-1.0,4.99,24.75
2019,7,28,0.71,0.71,1.27,20.7
2019,7,29,-0.0,-1.0,5.08,19.1
2019,7,30,0.71,-0.71,2.58,18.9
2019,7,31,0.71,0.71,1.1,18.9
2019,8,1,0.71,0.71,1.7,18.9
2019,8,2,-0.71,-0.71,2.86,23.3
2019,8,3,0.71,0.71,1.81,21.15
2019,8,4,0.71,0.71,2.17,18.3
2019,8,5,-0.71,-0.71,2.8,23.6
2019,8,6,0.71,-0.71,3.19,24.0
2019,8,7,-0.71,-0.71,3.45,23.8
2019,8,8,0.71,-0.71,5.51,20.25
2019,8,9,-0.0,-1.0,4.29,19.5
2019,8,10,0.71,0.71,1.57,20.9
2019,8,11,0.71,0.71,2.19,21.2
2019,8,12,0.71,0.71,2.19,19.5
2019,8,13,0.71,0.71,2.91,18.5
2019,8,14,0.71,0.71,1.79,18.0
2019,8,15,-0.71,-0.71,1.94,17.6
2019,8,16,0.71,0.71,1.31,20.4
2019,8,17,-0.71,-0.71,2.62,20.0
2019,8,18,0.71,-0.71,4.11,21.2
2019,8,19,-0.71,-0.71,4.85,18.2
2019,8,20,-0.71,-0.71,3.91,21.6
2019,8,21,0.71,-0.71,4.02,19.5
2019,8,22,0.71,0.71,2.38,17.2
2019,8,23,0.71,0.71,2.41,16.1
2019,8,24,0.71,0.71,1.89,17.2
2019,8,25,-1.0,0.0,2.14,18.7
2019,8,26,0.71,0.71,1.51,17.5
2019,8,27,-0.0,-1.0,5.56,17.2
2019,8,28,-0.0,-1.0,7.17,15.2
2019,8,29,-0.71,-0.71,5.67,17.6
2019,8,30,-0.0,-1.0,4.63,16.9
2019,8,31,0.71,0.71,1.7,15.0
2019,9,1,0.71,0.71,1.51,12.7
2019,9,2,0.71,0.71,2.31,15.5
2019,9,3,0.71,0.71,4.76,10.5
2019,9,4,0.71,0.71,1.71,13.2
2019,9,5,0.71,0.71,2.0,11.35
2019,9,6,0.71,0.71,1.26,14.7
2019,9,7,-0.71,-0.71,2.31,14.3
2019,9,8,0.71,0.71,2.83,11.3
2019,9,9,0.71,0.71,4.39,11.0
2019,9,10,0.71,0.71,3.62,11.0
2019,9,11,0.71,0.71,5.05,10.9
2019,9,12,0.71,0.71,7.51,10.1
2019,9,13,0.71,0.71,5.94,11.6
2019,9,14,-0.71,-0.71,3.07,12.7
2019,9,15,0.71,0.71,1.26,12.55
2019,9,16,0.71,0.71,1.04,11.2
2019,9,17,0.71,0.71,1.46,11.9
2019,9,18,-0.71,-0.71,3.1,14.1
2019,9,19,-0.71,-0.71,2.53,20.15
2019,9,20,0.71,0.71,1.47,13.4
2019,9,21,0.71,0.71,2.01,12.4
2019,9,22,-0.71,-0.71,3.86,16.45
2019,9,23,-0.0,-1.0,3.48,15.4
2019,9,24,-0.71,-0.71,1.77,16.2
2019,9,25,-0.0,-1.0,5.56,16.45
2019,9,26,-0.71,-0.71,4.09,11.45
2019,9,27,-0.71,-0.71,3.9,14.4
2019,9,28,0.71,-0.71,2.51,11.0
2019,9,29,0.71,0.71,3.81,11.0
2019,9,30,0.71,0.71,4.14,11.2
2019,10,1,0.71,-0.71,2.36,12.3
2019,10,2,0.71,0.71,4.86,9.3
2019,10,3,0.71,0.71,3.99,8.3
2019,10,4,0.71,0.71,1.92,7.2
2019,10,5,-0.71,0.71,2.23,8.6
2019,10,6,-0.71,-0.71,6.62,11.4
2019,10,7,-0.0,-1.0,4.77,10.0
2019,10,8,-0.71,-0.71,2.7,11.7
2019,10,9,-1.0,0.0,2.74,15.6
2019,10,10,0.71,0.71,2.68,12.7
2019,10,11,-0.71,-0.71,5.88,7.8
2019,10,12,-0.71,-0.71,7.2,3.0
2019,10,13,-0.71,-0.71,4.43,2.8
2019,10,14,-0.0,-1.0,4.78,3.9
2019,10,15,0.71,0.71,2.11,7.0
2019,10,16,0.71,-0.71,3.6,6.7
2019,10,17,0.71,0.71,1.81,7.7
2019,10,18,0.0,1.0,2.15,7.7
2019,10,19,-0.71,-0.71,2.99,13.2
2019,10,20,-0.71,-0.71,2.5,11.3
2019,10,21,0.71,0.71,7.72,9.0
2019,10,22,-0.0,-1.0,4.74,7.5
2019,10,23,-0.0,-1.0,5.49,4.7
2019,10,24,-0.0,-1.0,3.68,4.4
2019,10,25,-0.71,-0.71,4.37,3.4
2019,10,26,-0.71,-0.71,3.63,8.3
2019,10,27,0.71,-0.71,4.11,6.4
2019,10,28,-0.0,-1.0,4.25,1.8
2019,10,29,-0.71,-0.71,4.02,0.7
2019,10,30,-0.0,-1.0,4.15,-1.1
2019,10,31,0.71,-0.71,2.48,-1.7
2020,6,1,0.71,0.71,1.68,11.7
2020,6,2,0.71,0.71,2.23,13.6
2020,6,3,0.71,-0.71,3.86,22.5
2020,6,4,-0.0,-1.0,2.91,20.3
2020,6,5,-0.0,-1.0,4.53,20.9
2020,6,6,0.71,0.71,3.14,14.0
2020,6,7,0.71,0.71,6.7,9.1
2020,6,8,0.71,0.71,3.52,8.65
2020,6,9,0.71,0.71,2.53,10.6
2020,6,10,0.71,-0.71,5.66,15.9
2020,6,11,-0.0,-1.0,5.32,16.1
2020,6,12,0.71,0.71,2.4,11.7
2020,6,13,0.71,0.71,3.8,10.7
2020,6,14,0.71,0.71,3.85,11.0
2020,6,15,0.71,0.71,2.64,11.2
2020,6,16,0.71,0.71,1.39,11.9
2020,6,17,0.71,0.71,1.5,14.6
2020,6,18,0.71,0.71,1.54,14.1
2020,6,19,0.71,-0.71,3.3,19.1
2020,6,20,0.71,0.71,2.16,16.4
2020,6,21,0.71,0.71,1.51,14.6
2020,6,22,0.71,-0.71,2.9,17.0
2020,6,23,0.71,-0.71,3.13,19.9
2020,6,24,0.71,-0.71,4.04,18.1
2020,6,25,-0.71,-0.71,2.9,21.95
2020,6,26,-0.71,-0.71,3.31,24.3
2020,6,27,0.71,-0.71,2.49,23.75
2020,6,28,0.71,0.71,2.24,18.7
2020,6,29,0.71,0.71,2.87,16.45
2020,6,30,0.71,0.71,1.93,15.5
2020,7,1,0.71,0.71,1.74,16.3
2020,7,2,0.71,0.71,1.12,25.0
2020,7,3,0.71,0.71,1.49,23.6
2020,7,4,0.71,0.71,1.01,20.55
2020,7,5,0.71,0.71,1.2,22.7
2020,7,6,0.71,0.71,1.92,21.7
2020,7,7,0.0,1.0,1.31,22.6
2020,7,8,0.71,0.71,1.54,22.1
2020,7,9,-0.71,-0.71,3.82,20.8
2020,7,10,0.71,-0.71,4.5,24.3
2020,7,11,0.71,-0.71,2.48,24.35
2020,7,12,0.71,0.71,1.82,22.1
2020,7,13,0.71,0.71,0.96,20.9
2020,7,14,,,,
2020,7,15,-0.71,-0.71,3.73,
2020,7,16,-0.71,-0.71,3.74,
2020,7,17,0.71,0.71,1.58,22.6
2020,7,18,0.71,0.71,2.18,24.1
2020,7,19,-0.0,-1.0,6.19,23.55
2020,7,20,0.71,0.71,1.96,18.2
2020,7,21,0.71,0.71,2.43,16.5
2020,7,22,0.71,0.71,2.94,16.1
2020,7,23,0.71,0.71,1.06,17.4
2020,7,24,0.71,0.71,2.13,17.8
2020,7,25,0.71,0.71,1.78,18.8
2020,7,26,-0.0,-1.0,2.39,23.8
2020,7,27,-0.0,-1.0,5.73,22.8
2020,7,28,-0.0,-1.0,5.32,23.15
2020,7,29,0.71,-0.71,2.17,22.65
2020,7,30,0.71,0.71,1.13,21.2
2020,7,31,0.71,0.71,1.15,21.7
2020,8,1,-0.0,-1.0,2.26,22.6
2020,8,2,1.0,0.0,2.45,19.3
2020,8,3,0.71,0.71,1.58,18.25
2020,8,4,0.71,0.71,2.28,18.8
2020,8,5,-0.71,-0.71,2.63,18.7
2020,8,6,-0.71,-0.71,1.95,21.5
2020,8,7,0.71,0.71,1.46,21.1
2020,8,8,-0.71,-0.71,3.4,22.3
2020,8,9,-0.71,-0.71,1.64,22.6
2020,8,10,-0.0,-1.0,3.87,21.65
2020,8,11,-0.71,-0.71,6.0,22.3
2020,8,12,-0.71,-0.71,2.66,22.6
2020,8,13,0.71,0.71,2.75,18.7
2020,8,14,0.71,0.71,2.36,20.7
2020,8,15,-0.71,-0.71,4.17,19.5
2020,8,16,-0.0,-1.0,2.79,21.1
2020,8,17,0.71,-0.71,5.1,21.45
2020,8,18,0.71,-0.71,2.11,19.2
2020,8,19,-0.71,-0.71,3.2,21.2
2020,8,20,-0.71,-0.71,3.08,20.3
2020,8,21,0.71,0.71,3.16,16.7
2020,8,22,0.71,0.71,1.84,18.3
2020,8,23,0.71,0.71,1.52,18.3
2020,8,24,0.71,-0.71,2.12,22.2
2020,8,25,0.71,0.71,2.29,20.4
2020,8,26,0.71,0.71,3.04,18.2
2020,8,27,0.71,0.71,1.64,22.8
2020,8,28,0.71,0.71,2.19,19.6
2020,8,29,0.71,-0.71,3.99,18.5
2020,8,30,0.71,0.71,2.15,18.2
2020,8,31,-0.0,-1.0,3.57,18.1
2020,9,1,-0.71,-0.71,4.22,16.45
2020,9,2,-0.0,-1.0,6.29,17.7
2020,9,3,-0.0,-1.0,7.06,18.0
2020,9,4,-0.0,-1.0,5.59,14.9
2020,9,5,-0.0,-1.0,3.6,16.7
2020,9,6,0.71,0.71,2.56,16.9
2020,9,7,0.71,-0.71,4.49,13.5
2020,9,8,0.71,-0.71,3.27,10.5
2020,9,9,0.71,-0.71,2.06,10.65
2020,9,10,-0.71,-0.71,3.33,7.9
2020,9,11,-0.71,-0.71,1.86,12.6
2020,9,12,0.71,0.71,1.65,12.4
2020,9,13,0.71,-0.71,2.79,15.4
2020,9,14,0.71,0.71,3.12,12.8
2020,9,15,0.71,0.71,3.93,12.9
2020,9,16,0.71,-0.71,3.27,17.2
2020,9,17,0.71,-0.71,2.04,11.1
2020,9,18,1.0,0.0,1.57,10.4
2020,9,19,-0.71,-0.71,3.09,11.4
2020,9,20,-1.0,0.0,2.92,16.35
2020,9,21,-0.71,-0.71,5.21,17.9
2020,9,22,-0.71,-0.71,2.23,18.6
2020,9,23,0.71,0.71,0.75,17.1
2020,9,24,0.71,0.71,4.51,11.6
2020,9,25,0.71,0.71,2.37,10.7
2020,9,26,-0.71,-0.71,1.15,14.1
2020,9,27,-0.71,-0.71,4.18,13.75
2020,9,28,0.71,-0.71,5.91,12.4
2020,9,29,-0.71,-0.71,3.38,11.6
2020,9,30,0.71,-0.71,4.7,11.25
2020,10,1,0.71,-0.71,3.79,9.6
2020,10,2,1.0,0.0,1.9,5.8
2020,10,3,0.71,0.71,0.93,5.4
2020,10,4,-0.71,-0.71,2.29,5.7
2020,10,5,-0.71,-0.71,4.33,9.3
2020,10,6,-0.71,-0.71,4.65,15.0
2020,10,7,-0.0,-1.0,5.17,14.85
2020,10,8,0.71,-0.71,2.65,11.85
2020,10,9,0.71,0.71,2.36,11.9
2020,10,10,0.71,-0.71,3.09,11.4
2020,10,11,0.71,0.71,3.71,8.3
2020,10,12,0.71,0.71,5.33,10.9
2020,10,13,-0.0,-1.0,4.97,11.2
2020,10,14,-0.71,-0.71,2.33,8.4
2020,10,15,-0.0,-1.0,6.43,4.9
2020,10,16,-0.0,-1.0,4.15,3.6
2020,10,17,0.71,0.71,2.31,2.3
2020,10,18,-0.0,-1.0,4.68,0.8
2020,10,19,-0.71,-0.71,3.14,0.4
2020,10,20,-0.71,0.71,1.95,0.9
2020,10,21,-0.71,-0.71,3.98,1.5
2020,10,22,0.71,0.71,2.82,2.0
2020,10,23,1.0,0.0,3.42,1.8
2020,10,24,-0.0,-1.0,4.99,-0.65
2020,10,25,0.71,-0.71,4.19,-1.75
2020,10,26,0.71,-0.71,4.01,-1.45
2020,10,27,-0.71,-0.71,5.75,-2.75
2020,10,28,-0.71,-0.71,5.34,1.7
2020,10,29,1.0,0.0,2.74,0.3
2020,10,30,-0.71,-0.71,2.32,-0.7
2020,10,31,-0.71,-0.71,4.26,3.7
2021,6,1,0.71,0.71,1.22,14.2
2021,6,2,0.71,0.71,1.5,15.1
2021,6,3,-0.71,-0.71,1.58,15.4
2021,6,4,0.71,0.71,1.46,15.8
2021,6,5,-0.71,-0.71,2.98,26.8
2021,6,6,0.71,0.71,3.15,30.6
2021,6,7,0.71,0.71,2.23,25.2
2021,6,8,0.71,0.71,1.41,19.3
2021,6,9,0.71,0.71,2.76,16.2
2021,6,10,0.71,0.71,2.3,14.4
2021,6,11,0.71,0.71,4.95,11.4
2021,6,12,-0.0,-1.0,4.44,18.5
2021,6,13,-0.0,-1.0,2.75,21.0
2021,6,14,0.71,-0.71,3.51,18.9
2021,6,15,0.71,0.71,1.55,17.4
2021,6,16,0.71,0.71,1.46,14.9
2021,6,17,-0.71,-0.71,2.82,20.1
2021,6,18,-0.0,-1.0,6.13,23.7
2021,6,19,0.71,-0.71,3.33,16.7
2021,6,20,0.71,0.71,1.22,13.6
2021,6,21,0.71,-0.71,4.2,14.45
2021,6,22,-0.0,-1.0,4.23,15.1
2021,6,23,-0.71,-0.71,4.62,19.2
2021,6,24,0.71,0.71,2.19,22.4
2021,6,25,0.71,0.71,1.31,19.65
2021,6,26,0.71,0.71,1.57,18.5
2021,6,27,-0.71,-0.71,1.69,17.6
2021,6,28,0.71,0.71,1.13,19.8
2021,6,29,0.71,0.71,1.66,20.4
2021,6,30,0.71,-0.71,2.91,23.5
2021,7,1,0.71,0.71,3.97,17.7
2021,7,2,0.71,0.71,1.79,16.7
2021,7,3,-0.71,-0.71,4.06,26.35
2021,7,4,-0.71,-0.71,4.09,25.75
2021,7,5,0.71,-0.71,3.28,29.15
2021,7,6,0.71,0.71,3.57,22.7
2021,7,7,0.71,0.71,4.08,15.0
2021,7,8,0.71,0.71,1.98,14.6
2021,7,9,0.71,0.71,1.14,16.8
2021,7,10,0.71,0.71,1.09,20.15
2021,7,11,0.71,0.71,1.27,22.0
2021,7,12,0.71,0.71,1.52,20.2
2021,7,13,0.71,0.71,1.94,20.65
2021,7,14,0.71,0.71,2.97,21.0
2021,7,15,0.71,0.71,1.65,18.8
2021,7,16,0.71,0.71,1.17,20.9
2021,7,17,0.71,0.71,1.03,21.2
2021,7,18,0.71,0.71,1.19,22.5
2021,7,19,-0.71,-0.71,3.85,26.4
2021,7,20,0.71,0.71,3.7,21.6
2021,7,21,0.71,0.71,2.48,17.1
2021,7,22,,,,19.3
2021,7,23,0.71,0.71,1.76,19.4
2021,7,24,-0.0,-1.0,4.18,22.1
2021,7,25,-0.0,-1.0,5.46,25.0
2021,7,26,-1.0,0.0,2.54,25.4
2021,7,27,0.71,0.71,2.21,19.8
2021,7,28,0.71,0.71,1.74,19.85
2021,7,29,0.71,-0.71,2.87,22.5
2021,7,30,0.0,1.0,2.02,21.25
2021,7,31,-0.71,-0.71,4.27,23.3
2021,8,1,0.71,-0.71,3.1,21.2
2021,8,2,-0.71,-0.71,1.99,20.0
2021,8,3,-1.0,0.0,4.18,23.3
2021,8,4,-0.71,-0.71,4.35,24.3
2021,8,5,-0.71,-0.71,2.8,22.5
2021,8,6,-0.71,-0.71,2.44,21.7
2021,8,7,0.71,0.71,4.55,19.3
2021,8,8,0.71,0.71,4.17,17.5
2021,8,9,0.71,0.71,1.12,19.05
2021,8,10,0.71,0.71,2.73,19.2
2021,8,11,-0.71,-0.71,4.49,23.7
2021,8,12,-0.0,-1.0,6.09,22.1
2021,8,13,-0.0,-1.0,4.85,19.25
2021,8,14,-0.0,-1.0,1.98,19.9
2021,8,15,-0.71,-0.71,5.24,23.7
2021,8,16,-0.71,-0.71,4.19,23.5
2021,8,17,-0.71,-0.71,3.61,23.75
2021,8,18,0.71,0.71,2.02,24.15
2021,8,19,0.71,0.71,1.08,23.8
2021,8,20,0.71,0.71,1.69,23.7
2021,8,21,-0.71,-0.71,5.52,21.3
2021,8,22,0.71,0.71,2.26,16.45
2021,8,23,-0.71,-0.71,4.33,20.25
2021,8,24,0.71,0.71,3.64,18.8
2021,8,25,-0.0,-1.0,3.07,19.5
2021,8,26,0.71,0.71,3.06,18.4
2021,8,27,0.71,0.71,5.59,17.3
2021,8,28,0.71,0.71,2.6,17.4
2021,8,29,-0.0,-1.0,4.37,18.8
2021,8,30,-0.0,-1.0,3.61,19.8
2021,8,31,0.71,0.71,2.15,19.1
2021,9,1,0.71,0.71,2.31,17.5
2021,9,2,0.71,0.71,2.08,17.1
2021,9,3,0.71,0.71,1.7,17.3
2021,9,4,-0.0,-1.0,2.78,16.85
2021,9,5,-0.0,-1.0,5.35,18.5
2021,9,6,0.71,0.71,1.66,16.9
2021,9,7,-0.0,-1.0,4.6,17.9
2021,9,8,-0.0,-1.0,6.41,16.6
2021,9,9,0.71,-0.71,2.46,17.5
2021,9,10,0.71,0.71,1.12,17.6
2021,9,11,0.71,-0.71,3.23,19.1
2021,9,12,0.71,-0.71,2.53,18.05
2021,9,13,0.71,0.71,2.39,16.4
2021,9,14,0.71,-0.71,5.17,16.0
2021,9,15,-1.0,0.0,4.23,17.05
2021,9,16,-1.0,0.0,4.11,20.5
2021,9,17,-0.71,-0.71,5.02,19.6
2021,9,18,0.71,0.71,1.75,16.2
2021,9,19,-0.71,-0.71,3.31,19.2
2021,9,20,-1.0,0.0,4.11,23.7
2021,9,21,0.71,-0.71,4.7,14.7
2021,9,22,0.71,0.71,1.28,13.9
2021,9,23,0.71,0.71,1.12,14.9
2021,9,24,-0.71,-0.71,3.13,13.9
2021,9,25,-0.0,-1.0,5.32,12.35
2021,9,26,-0.71,-0.71,4.43,15.6
2021,9,27,0.71,0.71,1.95,14.5
2021,9,28,0.71,0.71,1.56,13.1
2021,9,29,0.71,0.71,2.08,14.5
2021,9,30,0.71,0.71,1.94,15.3
2021,10,1,0.71,0.71,1.08,15.7
2021,10,2,-1.0,0.0,1.16,17.2
2021,10,3,0.71,0.71,1.37,14.9
2021,10,4,0.71,0.71,1.16,14.9
2021,10,5,0.71,0.71,1.16,13.9
2021,10,6,0.71,0.71,1.84,14.2
2021,10,7,0.71,0.71,2.03,13.7
2021,10,8,0.71,0.71,2.32,14.9
2021,10,9,0.71,0.71,1.98,15.3
2021,10,10,0.71,0.71,3.76,16.1
2021,10,11,-0.71,-0.71,4.46,13.5
2021,10,12,0.71,-0.71,2.31,16.1
2021,10,13,0.71,0.71,3.01,14.7
2021,10,14,-0.71,-0.71,6.51,11.4
2021,10,15,-0.71,-0.71,4.99,9.8
2021,10,16,-0.0,-1.0,5.29,8.1
2021,10,17,-0.0,-1.0,4.62,11.1
2021,10,18,0.71,0.71,1.6,12.8
2021,10,19,-0.71,-0.71,1.66,12.5
2021,10,20,0.71,0.71,5.38,9.85
2021,10,21,1.0,0.0,3.85,7.7
2021,10,22,0.71,-0.71,2.13,4.5
2021,10,23,0.71,-0.71,2.84,6.45
2021,10,24,0.71,0.71,3.38,6.2
2021,10,25,0.71,0.71,4.66,7.8
2021,10,26,0.0,1.0,4.15,7.6
2021,10,27,0.0,1.0,3.62,7.9
2021,10,28,0.0,1.0,2.14,10.0
2021,10,29,0.71,-0.71,2.27,9.8
2021,10,30,-0.71,-0.71,1.17,8.15
2021,10,31,,,,5.9
2022,6,1,-0.71,-0.71,4.83,13.35
2022,6,2,-0.71,-0.71,5.87,17.15
2022,6,3,-0.0,-1.0,5.35,14.4
2022,6,4,-0.0,-1.0,3.43,16.85
2022,6,5,0.71,0.71,1.72,9.8
2022,6,6,0.71,0.71,1.83,8.6
2022,6,7,0.71,0.71,1.85,13.7
2022,6,8,0.71,0.71,2.54,13.85
2022,6,9,0.71,-0.71,2.76,21.6
2022,6,10,0.71,-0.71,2.24,20.5
2022,6,11,0.71,0.71,2.02,14.8
2022,6,12,0.71,0.71,2.49,9.35
2022,6,13,0.71,0.71,3.66,10.0
2022,6,14,0.71,0.71,3.78,9.0
2022,6,15,0.71,0.71,1.62,12.1
2022,6,16,-0.71,-0.71,5.97,18.9
2022,6,17,-0.0,-1.0,4.46,19.6
2022,6,18,0.71,0.71,2.17,11.3
2022,6,19,0.71,0.71,2.21,9.6
2022,6,20,0.71,0.71,2.27,11.35
2022,6,21,-0.71,-0.71,6.03,25.5
2022,6,22,-0.0,-1.0,4.59,21.65
2022,6,23,-0.71,-0.71,3.69,23.2
2022,6,24,0.71,0.71,2.94,22.4
2022,6,25,-0.71,-0.71,3.88,17.1
2022,6,26,-0.0,-1.0,7.25,17.3
2022,6,27,-1.0,0.0,3.1,17.75
2022,6,28,-0.71,-0.71,3.96,20.95
2022,6,29,0.71,0.71,1.54,13.15
2022,6,30,0.71,0.71,4.05,14.5
2022,7,1,-0.0,-1.0,4.8,21.7
2022,7,2,-0.0,-1.0,3.04,19.05
2022,7,3,0.71,0.71,1.46,13.8
2022,7,4,0.71,0.71,2.36,10.85
2022,7,5,0.71,0.71,1.76,11.2
2022,7,6,0.71,0.71,2.33,12.0
2022,7,7,0.71,0.71,1.4,14.15
2022,7,8,0.71,0.71,3.65,15.7
2022,7,9,0.71,0.71,1.24,14.0
2022,7,10,0.0,1.0,2.51,16.7
2022,7,11,-0.71,-0.71,3.71,21.5
2022,7,12,0.71,-0.71,5.54,19.4
2022,7,13,0.71,0.71,1.27,12.5
2022,7,14,0.71,0.71,1.7,15.5
2022,7,15,0.71,0.71,1.94,14.9
2022,7,16,0.71,0.71,0.97,17.5
2022,7,17,0.71,0.71,1.31,17.3
2022,7,18,0.71,0.71,2.39,20.2
2022,7,19,0.71,0.71,2.28,20.1
2022,7,20,-0.0,-1.0,4.59,20.6
2022,7,21,-0.0,-1.0,5.67,24.2
2022,7,22,-0.0,-1.0,5.53,24.15
2022,7,23,-0.0,-1.0,2.45,21.2
2022,7,24,-0.0,-1.0,5.47,20.6
2022,7,25,-0.0,-1.0,4.13,18.9
2022,7,26,-0.71,-0.71,4.15,20.85
2022,7,27,-0.0,-1.0,5.0,20.5
2022,7,28,-0.0,-1.0,5.44,18.0
2022,7,29,0.71,-0.71,3.48,18.2
2022,7,30,-0.71,-0.71,3.66,21.3
2022,7,31,-1.0,0.0,3.43,22.3
2022,8,1,0.71,-0.71,3.77,20.0
2022,8,2,0.71,0.71,1.9,15.9
2022,8,3,-0.0,-1.0,4.37,22.35
2022,8,4,0.71,0.71,1.99,18.7
2022,8,5,0.71,0.71,1.56,16.5
2022,8,6,0.71,0.71,1.79,20.35
2022,8,7,0.71,0.71,3.64,16.2
2022,8,8,0.71,0.71,1.85,14.2
2022,8,9,-0.71,-0.71,4.04,20.7
2022,8,10,0.71,-0.71,3.71,23.7
2022,8,11,0.71,0.71,1.91,18.4
2022,8,12,0.71,0.71,2.0,15.5
2022,8,13,0.71,0.71,3.15,15.8
2022,8,14,0.71,0.71,1.16,15.15
2022,8,15,0.71,0.71,2.13,15.4
2022,8,16,0.71,0.71,1.88,15.9
2022,8,17,-0.71,-0.71,1.69,16.9
2022,8,18,0.71,0.71,1.93,18.75
2022,8,19,0.71,0.71,1.87,17.7
2022,8,20,0.71,0.71,1.86,17.7
2022,8,21,0.71,0.71,1.12,17.1
2022,8,22,-1.0,0.0,1.98,23.1
2022,8,23,-1.0,0.0,2.31,23.35
2022,8,24,0.71,0.71,3.11,18.3
2022,8,25,0.71,0.71,2.48,17.4
2022,8,26,-1.0,0.0,2.43,18.1
2022,8,27,-1.0,0.0,2.73,21.4
2022,8,28,-1.0,0.0,3.7,22.4
2022,8,29,-0.71,-0.71,4.96,20.6
2022,8,30,-0.0,-1.0,5.5,19.75
2022,8,31,-0.0,-1.0,5.21,21.5
2022,9,1,-1.0,0.0,2.92,23.3
2022,9,2,-0.71,-0.71,4.81,24.6
2022,9,3,0.71,0.71,3.12,16.1
2022,9,4,0.71,0.71,2.61,14.25
2022,9,5,0.71,0.71,2.4,14.75
2022,9,6,0.71,0.71,1.71,15.6
2022,9,7,0.71,0.71,1.11,19.85
2022,9,8,0.71,0.71,3.16,18.95
2022,9,9,0.71,-0.71,2.41,17.2
2022,9,10,0.0,1.0,1.58,16.2
2022,9,11,0.0,1.0,1.03,16.05
2022,9,12,0.71,0.71,1.0,16.45
2022,9,13,-0.0,-1.0,2.46,18.25
2022,9,14,0.71,0.71,4.14,16.3
2022,9,15,0.71,0.71,2.51,15.7
2022,9,16,0.71,0.71,4.42,15.5
2022,9,17,0.71,0.71,1.55,15.1
2022,9,18,-0.0,-1.0,2.7,16.8
2022,9,19,-0.71,-0.71,4.35,18.3
2022,9,20,0.71,0.71,1.55,18.75
2022,9,21,-0.0,-1.0,5.96,15.6
2022,9,22,0.71,-0.71,2.91,11.75
2022,9,23,-1.0,0.0,1.57,12.1
2022,9,24,-1.0,0.0,1.34,11.8
2022,9,25,-0.0,-1.0,3.83,13.55
2022,9,26,0.71,-0.71,6.03,11.75
2022,9,27,0.71,-0.71,3.07,9.25
2022,9,28,1.0,0.0,1.72,9.2
2022,9,29,-0.71,-0.71,2.65,10.5
2022,9,30,0.71,0.71,0.95,13.55
2022,10,1,0.71,0.71,3.21,13.1
2022,10,2,0.71,0.71,3.47,12.2
2022,10,3,0.71,0.71,1.55,12.5
2022,10,4,-0.71,-0.71,1.4,16.1
2022,10,5,-0.71,-0.71,2.27,15.0
2022,10,6,0.71,-0.71,5.09,10.85
2022,10,7,0.71,-0.71,3.91,4.3
2022,10,8,-0.71,-0.71,5.79,5.3
2022,10,9,0.71,0.71,2.43,10.7
2022,10,10,0.71,0.71,1.47,8.3
2022,10,11,1.0,0.0,2.23,10.9
2022,10,12,-0.0,-1.0,5.28,12.6
2022,10,13,-0.0,-1.0,4.59,6.6
2022,10,14,-0.71,-0.71,3.3,3.4
2022,10,15,-0.71,-0.71,3.6,2.5
2022,10,16,-0.0,-1.0,7.09,5.5
2022,10,17,0.71,-0.71,6.28,1.0
2022,10,18,0.71,-0.71,2.96,1.85
2022,10,19,0.71,-0.71,3.31,0.3
2022,10,20,-0.71,-0.71,2.9,6.0
2022,10,21,-0.71,-0.71,4.07,10.0
2022,10,22,0.71,0.71,2.72,10.6
2022,10,23,0.71,0.71,3.85,9.8
2022,10,24,0.71,0.71,4.74,14.3
2022,10,25,-0.71,-0.71,5.05,6.5
2022,10,26,-0.0,-1.0,3.35,5.25
2022,10,27,-0.71,-0.71,0.86,6.2
2022,10,28,-0.71,-0.71,3.14,9.4
2022,10,29,-0.71,-0.71,3.2,11.2
2022,10,30,-1.0,0.0,1.61,11.5
2022,10,31,-0.71,-0.71,2.26,7.8
2023,6,1,0.71,0.71,2.02,11.9
2023,6,2,0.71,0.71,2.3,10.45
2023,6,3,0.71,0.71,1.59,10.65
2023,6,4,0.71,0.71,1.09,12.3
2023,6,5,0.71,0.71,2.94,13.7
2023,6,6,0.71,0.71,3.94,9.9
2023,6,7,0.71,0.71,3.72,10.2
2023,6,8,0.71,0.71,1.5,10.4
2023,6,9,0.71,0.71,1.28,13.15
2023,6,10,0.71,0.71,2.8,12.9
2023,6,11,0.71,0.71,2.14,11.0
2023,6,12,0.71,0.71,1.75,14.5
2023,6,13,0.71,0.71,1.65,13.2
2023,6,14,0.71,0.71,2.22,18.8
2023,6,15,0.71,0.71,2.93,12.8
2023,6,16,0.71,0.71,1.51,12.9
2023,6,17,0.71,0.71,1.21,13.7
2023,6,18,0.71,0.71,2.56,12.3
2023,6,19,0.71,0.71,2.6,11.75
2023,6,20,0.71,0.71,2.32,12.7
2023,6,21,0.71,0.71,1.89,13.4
2023,6,22,0.71,0.71,1.29,15.75
2023,6,23,0.71,0.71,1.08,18.6
2023,6,24,0.71,0.71,3.65,17.1
2023,6,25,0.71,0.71,3.97,12.6
2023,6,26,0.71,0.71,1.76,18.15
2023,6,27,0.71,0.71,1.42,16.65
2023,6,28,0.71,0.71,2.27,13.3
2023,6,29,-0.71,-0.71,2.23,17.5
2023,6,30,-0.0,-1.0,2.96,22.4
2023,7,1,0.0,1.0,2.37,22.85
2023,7,2,0.71,0.71,1.23,16.0
2023,7,3,0.71,0.71,1.47,17.8
2023,7,4,0.71,0.71,1.65,20.8
2023,7,5,0.71,-0.71,3.71,19.95
2023,7,6,0.71,-0.71,2.28,17.7
2023,7,7,-0.71,-0.71,3.72,19.9
2023,7,8,0.71,0.71,2.41,18.6
2023,7,9,-0.71,-0.71,3.98,16.65
2023,7,10,-0.71,-0.71,3.63,20.3
2023,7,11,0.71,-0.71,3.83,17.95
2023,7,12,0.71,0.71,1.63,17.4
2023,7,13,0.71,0.71,1.01,16.8
2023,7,14,-1.0,0.0,3.19,19.8
2023,7,15,-0.0,-1.0,4.85,21.75
2023,7,16,-0.0,-1.0,4.88,17.85
2023,7,17,-0.0,-1.0,5.7,17.15
2023,7,18,0.71,0.71,2.02,17.2
2023,7,19,0.71,0.71,1.91,13.2
2023,7,20,1.0,0.0,1.77,14.2
2023,7,21,-1.0,0.0,2.13,22.1
2023,7,22,-0.0,-1.0,2.21,20.6
2023,7,23,0.71,-0.71,4.03,22.45
2023,7,24,0.71,0.71,1.32,19.0
2023,7,25,0.71,0.71,1.42,17.9
2023,7,26,0.71,0.71,1.58,19.4
2023,7,27,0.71,0.71,1.54,19.3
2023,7,28,0.71,0.71,2.43,20.0
2023,7,29,0.71,-0.71,2.46,18.6
2023,7,30,0.71,-0.71,3.24,20.6
2023,7,31,0.0,1.0,1.36,21.05
2023,8,1,0.71,0.71,1.43,19.5
2023,8,2,0.71,0.71,1.52,18.9
2023,8,3,0.0,1.0,1.98,26.6
2023,8,4,0.71,0.71,3.29,21.1
2023,8,5,0.71,0.71,2.97,19.1
2023,8,6,0.71,0.71,1.47,19.6
2023,8,7,0.71,-0.71,1.84,20.2
2023,8,8,-1.0,0.0,3.79,23.2
2023,8,9,-1.0,0.0,3.46,21.2
2023,8,10,0.71,-0.71,3.63,20.25
2023,8,11,0.71,0.71,2.3,17.4
2023,8,12,0.71,0.71,2.11,16.8
2023,8,13,0.71,0.71,2.8,17.1
2023,8,14,0.71,0.71,3.1,17.9
2023,8,15,-0.71,-0.71,3.34,18.6
2023,8,16,-0.71,-0.71,5.66,23.65
2023,8,17,-0.0,-1.0,4.92,19.75
2023,8,18,-1.0,0.0,3.4,19.4
2023,8,19,0.71,0.71,1.56,21.2
2023,8,20,0.71,-0.71,2.46,23.2
2023,8,21,0.71,0.71,3.15,18.8
2023,8,22,0.71,0.71,4.75,17.3
2023,8,23,0.71,0.71,4.28,16.9
2023,8,24,0.71,0.71,2.86,16.4
2023,8,25,-1.0,0.0,2.75,19.5
2023,8,26,0.71,0.71,3.32,16.8
2023,8,27,0.71,0.71,1.28,14.6
2023,8,28,0.71,0.71,1.23,17.0
2023,8,29,0.71,-0.71,3.02,19.8
2023,8,30,0.71,0.71,2.24,16.3
2023,8,31,0.71,0.71,1.41,18.9
2023,9,1,-0.71,-0.71,3.93,19.7
2023,9,2,-1.0,0.0,3.53,24.65
2023,9,3,-1.0,0.0,2.47,26.05
2023,9,4,0.71,0.71,1.84,22.0
2023,9,5,0.71,0.71,1.2,21.55
2023,9,6,0.71,-0.71,3.59,17.6
2023,9,7,1.0,0.0,2.22,14.6
2023,9,8,0.71,0.71,1.92,14.4
2023,9,9,0.71,0.71,1.6,16.0
2023,9,10,1.0,0.0,1.78,16.2
2023,9,11,1.0,0.0,1.61,16.3
2023,9,12,0.71,0.71,4.21,13.3
2023,9,13,0.71,-0.71,2.2,12.5
2023,9,14,0.71,0.71,1.45,13.8
2023,9,15,-0.71,-0.71,3.26,17.3
2023,9,16,-0.71,-0.71,2.28,16.3
2023,9,17,0.71,-0.71,2.24,16.2
2023,9,18,0.71,0.71,2.38,15.2
2023,9,19,0.71,0.71,2.89,15.9
2023,9,20,0.71,0.71,1.61,17.4
2023,9,21,0.71,0.71,0.91,17.8
2023,9,22,0.71,0.71,2.44,17.5
2023,9,23,0.71,0.71,4.82,17.1
2023,9,24,0.71,0.71,4.37,15.7
2023,9,25,0.71,0.71,5.24,16.4
2023,9,26,0.71,0.71,4.96,16.7
2023,9,27,0.71,0.71,4.2,16.3
2023,9,28,0.71,0.71,2.41,16.7
2023,9,29,0.0,1.0,1.19,17.0
2023,9,30,0.71,0.71,2.81,17.1
2023,10,1,0.71,0.71,3.6,16.4
2023,10,2,0.71,0.71,0.84,16.1
2023,10,3,0.71,0.71,1.79,19.5
2023,10,4,-0.71,-0.71,5.16,19.15
2023,10,5,-0.71,-0.71,5.42,13.05
2023,10,6,0.71,-0.71,5.92,10.8
2023,10,7,-0.0,-1.0,3.33,8.5
2023,10,8,0.71,-0.71,1.85,9.3
2023,10,9,0.71,-0.71,4.16,7.4
2023,10,10,-0.0,-1.0,2.48,8.5
2023,10,11,0.71,-0.71,1.55,9.1
2023,10,12,0.71,0.71,3.21,10.5
2023,10,13,0.71,0.71,5.78,11.6
2023,10,14,1.0,0.0,3.8,10.8
2023,10,15,0.71,-0.71,4.0,8.9
2023,10,16,0.71,-0.71,3.07,7.5
2023,10,17,-0.71,-0.71,1.38,6.2
2023,10,18,0.71,0.71,2.42,12.2
2023,10,19,0.71,-0.71,1.84,11.7
2023,10,20,0.71,0.71,1.28,9.95
2023,10,21,0.71,0.71,1.91,9.5
2023,10,22,-0.71,-0.71,1.78,8.7
2023,10,23,-1.0,0.0,1.11,10.7
2023,10,24,0.71,0.71,1.36,12.6
2023,10,25,1.0,0.0,2.01,10.1
2023,10,26,0.71,0.71,5.66,9.6
2023,10,27,-0.0,-1.0,5.16,6.8
2023,10,28,-0.0,-1.0,4.98,1.0
2023,10,29,-0.0,-1.0,3.84,-1.0
2023,10,30,-0.0,-1.0,5.05,-1.75
2023,10,31,1.0,0.0,3.72,-0.4
