YY,MM,DD,WTMP
2012,6,1,13.0
2012,6,2,13.36
2012,6,3,13.7
2012,6,4,14.09
2012,6,5,14.53
2012,6,6,15.15
2012,6,7,15.43
2012,6,8,15.13
2012,6,9,14.81
2012,6,10,14.72
2012,6,11,14.65
2012,6,12,14.19
2012,6,13,14.02
2012,6,14,14.16
2012,6,15,14.39
2012,6,16,14.63
2012,6,17,14.68
2012,6,18,14.89
2012,6,19,15.29
2012,6,20,15.5
2012,6,21,15.7
2012,6,22,16.56
2012,6,23,16.74
2012,6,24,16.97
2012,6,25,17.47
2012,6,26,17.98
2012,6,27,18.36
2012,6,28,19.12
2012,6,29,20.33
2012,6,30,21.18
2012,7,1,21.4
2012,7,2,21.35
2012,7,3,21.23
2012,7,4,21.18
2012,7,5,21.97
2012,7,6,22.41
2012,7,7,22.64
2012,7,8,22.88
2012,7,9,22.93
2012,7,10,23.04
2012,7,11,23.04
2012,7,12,23.24
2012,7,13,23.4
2012,7,14,23.6
2012,7,15,23.86
2012,7,16,23.62
2012,7,17,23.22
2012,7,18,22.77
2012,7,19,22.39
2012,7,20,22.59
2012,7,21,23.03
2012,7,22,23.35
2012,7,23,23.47
2012,7,24,23.48
2012,7,25,23.33
2012,7,26,23.05
2012,7,27,22.8
2012,7,28,22.81
2012,7,29,22.97
2012,7,30,23.24
2012,7,31,23.42
2012,8,1,23.3
2012,8,2,23.33
2012,8,3,23.19
2012,8,4,22.71
2012,8,5,22.22
2012,8,6,21.79
2012,8,7,21.8
2012,8,8,21.77
2012,8,9,21.28
2012,8,10,20.83
2012,8,11,20.73
2012,8,12,20.95
2012,8,13,21.22
2012,8,14,21.13
2012,8,15,20.9
2012,8,16,20.51
2012,8,17,20.17
2012,8,18,20.11
2012,8,19,20.21
2012,8,20,20.33
2012,8,21,20.45
2012,8,22,20.61
2012,8,23,20.86
2012,8,24,21.18
2012,8,25,21.44
2012,8,26,21.69
2012,8,27,21.83
2012,8,28,21.93
2012,8,29,22.08
2012,8,30,22.26
2012,8,31,22.33
2012,9,1,22.31
2012,9,2,22.2
2012,9,3,22.35
2012,9,4,22.27
2012,9,5,21.81
2012,9,6,21.31
2012,9,7,20.91
2012,9,8,20.29
2012,9,9,19.85
2012,9,10,19.58
2012,9,11,19.23
2012,9,12,18.62
2012,9,13,18.08
2012,9,14,17.84
2012,9,15,17.63
2012,9,16,17.46
2012,9,17,17.27
2012,9,18,16.95
2012,9,19,16.56
2012,9,20,16.09
2012,9,21,15.28
2012,9,22,14.49
2012,9,23,14.06
2012,9,24,13.87
2012,9,25,13.75
2012,9,26,13.78
2012,9,27,13.75
2012,9,28,13.76
2012,9,29,13.83
2012,9,30,13.92
2012,10,1,14.0
2012,10,2,14.06
2012,10,3,14.01
2012,10,4,13.86
2012,10,5,13.66
2012,10,6,13.19
2012,10,7,12.22
2012,10,8,11.04
2012,10,9,10.03
2012,10,10,9.37
2012,10,11,9.11
2012,10,12,8.86
2012,10,13,8.76
2012,10,14,8.7
2012,10,15,8.62
2012,10,16,8.75
2012,10,17,8.9
2012,10,18,8.93
2012,10,19,8.95
2012,10,20,8.94
2012,10,21,8.97
2012,10,22,8.81
2012,10,23,8.54
2012,10,24,8.35
2012,10,25,8.13
2012,10,26,7.99
2012,10,27,7.81
2012,10,28,7.69
2012,10,29,7.65
2012,10,30,7.63
2012,10,31,7.56
2013,6,1,5.28
2013,6,2,5.15
2013,6,3,5.13
2013,6,4,5.01
2013,6,5,4.96
2013,6,6,4.87
2013,6,7,4.82
2013,6,8,4.84
2013,6,9,4.87
2013,6,10,4.9
2013,6,11,4.92
2013,6,12,6.13
2013,6,13,6.99
2013,6,14,7.19
2013,6,15,7.32
2013,6,16,7.41
2013,6,17,7.46
2013,6,18,7.54
2013,6,19,7.54
2013,6,20,7.54
2013,6,21,7.55
2013,6,22,7.54
2013,6,23,7.55
2013,6,24,7.58
2013,6,25,7.65
2013,6,26,7.76
2013,6,27,7.91
2013,6,28,8.21
2013,6,29,8.3
2013,6,30,8.98
2013,7,1,8.78
2013,7,2,9.44
2013,7,3,11.17
2013,7,4,13.07
2013,7,5,14.49
2013,7,6,15.34
2013,7,7,15.84
2013,7,8,16.06
2013,7,9,16.02
2013,7,10,16.04
2013,7,11,15.9
2013,7,12,15.83
2013,7,13,16.18
2013,7,14,16.31
2013,7,15,16.27
2013,7,16,17.2
2013,7,17,18.04
2013,7,18,18.45
2013,7,19,18.65
2013,7,20,18.72
2013,7,21,18.59
2013,7,22,18.3
2013,7,23,18.09
2013,7,24,18.19
2013,7,25,18.46
2013,7,26,18.25
2013,7,27,17.89
2013,7,28,17.41
2013,7,29,17.12
2013,7,30,17.47
2013,7,31,17.7
2013,8,1,17.83
2013,8,2,18.06
2013,8,3,18.32
2013,8,4,18.46
2013,8,5,18.66
2013,8,6,18.86
2013,8,7,18.82
2013,8,8,18.73
2013,8,9,18.74
2013,8,10,19.03
2013,8,11,19.11
2013,8,12,19.08
2013,8,13,18.91
2013,8,14,19.01
2013,8,15,19.22
2013,8,16,19.47
2013,8,17,19.68
2013,8,18,19.83
2013,8,19,20.06
2013,8,20,20.26
2013,8,21,20.53
2013,8,22,20.77
2013,8,23,20.87
2013,8,24,21.1
2013,8,25,21.52
2013,8,26,21.83
2013,8,27,21.94
2013,8,28,21.86
2013,8,29,21.85
2013,8,30,21.69
2013,8,31,21.69
2013,9,1,21.47
2013,9,2,20.74
2013,9,3,20.25
2013,9,4,20.09
2013,9,5,20.05
2013,9,6,20.03
2013,9,7,20.09
2013,9,8,19.9
2013,9,9,19.6
2013,9,10,19.37
2013,9,11,19.37
2013,9,12,19.12
2013,9,13,18.86
2013,9,14,18.43
2013,9,15,17.74
2013,9,16,17.27
2013,9,17,17.03
2013,9,18,16.94
2013,9,19,16.73
2013,9,20,16.37
2013,9,21,16.04
2013,9,22,15.8
2013,9,23,15.76
2013,9,24,15.84
2013,9,25,15.91
2013,9,26,15.97
2013,9,27,15.8
2013,9,28,15.59
2013,9,29,15.44
2013,9,30,15.13
2013,10,1,14.87
2013,10,2,14.71
2013,10,3,14.57
2013,10,4,14.19
2013,10,5,13.62
2013,10,6,13.11
2013,10,7,12.9
2013,10,8,12.9
2013,10,9,12.98
2013,10,10,12.88
2013,10,11,13.03
2013,10,12,13.14
2013,10,13,12.77
2013,10,14,12.44
2013,10,15,12.3
2013,10,16,12.07
2013,10,17,11.81
2013,10,18,11.59
2013,10,19,11.23
2013,10,20,10.95
2013,10,21,10.73
2013,10,22,10.4
2013,10,23,10.03
2013,10,24,9.91
2013,10,25,9.71
2013,10,26,9.59
2013,10,27,9.48
2013,10,28,9.08
2013,10,29,8.76
2013,10,30,8.74
2013,10,31,8.61
2014,6,1,9.56
2014,6,2,8.96
2014,6,3,8.7
2014,6,4,9.27
2014,6,5,10.08
2014,6,6,11.24
2014,6,7,12.04
2014,6,8,12.23
2014,6,9,11.97
2014,6,10,11.59
2014,6,11,11.77
2014,6,12,12.25
2014,6,13,12.66
2014,6,14,12.58
2014,6,15,12.11
2014,6,16,11.8
2014,6,17,11.81
2014,6,18,11.75
2014,6,19,11.78
2014,6,20,12.21
2014,6,21,12.78
2014,6,22,12.77
2014,6,23,12.76
2014,6,24,12.62
2014,6,25,12.26
2014,6,26,12.06
2014,6,27,12.33
2014,6,28,13.35
2014,6,29,14.51
2014,6,30,15.03
2014,7,1,15.45
2014,7,2,15.69
2014,7,3,15.79
2014,7,4,15.71
2014,7,5,15.95
2014,7,6,16.33
2014,7,7,16.39
2014,7,8,16.38
2014,7,9,16.19
2014,7,10,16.24
2014,7,11,16.31
2014,7,12,16.34
2014,7,13,16.37
2014,7,14,16.62
2014,7,15,16.66
2014,7,16,16.72
2014,7,17,17.09
2014,7,18,17.44
2014,7,19,17.78
2014,7,20,18.13
2014,7,21,18.16
2014,7,22,18.15
2014,7,23,18.33
2014,7,24,18.52
2014,7,25,18.89
2014,7,26,19.32
2014,7,27,18.92
2014,7,28,18.36
2014,7,29,18.39
2014,7,30,18.54
2014,7,31,18.97
2014,8,1,19.36
2014,8,2,19.61
2014,8,3,19.77
2014,8,4,19.81
2014,8,5,19.79
2014,8,6,19.86
2014,8,7,20.06
2014,8,8,20.39
2014,8,9,20.8
2014,8,10,20.77
2014,8,11,20.47
2014,8,12,20.19
2014,8,13,20.01
2014,8,14,19.96
2014,8,15,19.98
2014,8,16,19.95
2014,8,17,19.78
2014,8,18,19.65
2014,8,19,19.37
2014,8,20,18.84
2014,8,21,18.51
2014,8,22,18.73
2014,8,23,19.02
2014,8,24,19.24
2014,8,25,19.32
2014,8,26,18.78
2014,8,27,18.43
2014,8,28,17.88
2014,8,29,17.82
2014,8,30,17.83
2014,8,31,17.79
2014,9,1,17.94
2014,9,2,18.05
2014,9,3,17.93
2014,9,4,17.71
2014,9,5,17.46
2014,9,6,17.29
2014,9,7,17.24
2014,9,8,17.14
2014,9,9,17.13
2014,9,10,16.91
2014,9,11,16.38
2014,9,12,15.7
2014,9,13,15.21
2014,9,14,14.9
2014,9,15,14.74
2014,9,16,14.71
2014,9,17,14.68
2014,9,18,14.53
2014,9,19,14.38
2014,9,20,14.36
2014,9,21,14.49
2014,9,22,14.55
2014,9,23,14.64
2014,9,24,14.64
2014,9,25,14.83
2014,9,26,15.17
2014,9,27,15.72
2014,9,28,16.31
2014,9,29,15.79
2014,9,30,14.69
2014,10,1,14.09
2014,10,2,13.55
2014,10,3,12.58
2014,10,4,11.54
2014,10,5,10.93
2014,10,6,10.73
2014,10,7,10.51
2014,10,8,10.28
2014,10,9,10.14
2014,10,10,10.14
2014,10,11,10.25
2014,10,12,10.35
2014,10,13,10.41
2014,10,14,10.48
2014,10,15,10.49
2014,10,16,10.48
2014,10,17,10.39
2014,10,18,10.26
2014,10,19,9.93
2014,10,20,9.67
2014,10,21,9.95
2014,10,22,10.12
2014,10,23,10.21
2014,10,24,10.22
2014,10,25,10.17
2014,10,26,10.09
2014,10,27,10.11
2014,10,28,9.93
2014,10,29,9.57
2014,10,30,9.26
2014,10,31,8.79
2015,6,1,10.95
2015,6,2,11.41
2015,6,3,11.37
2015,6,4,11.53
2015,6,5,11.81
2015,6,6,11.95
2015,6,7,12.47
2015,6,8,13.45
2015,6,9,14.02
2015,6,10,14.66
2015,6,11,15.07
2015,6,12,15.51
2015,6,13,15.94
2015,6,14,16.57
2015,6,15,16.8
2015,6,16,16.73
2015,6,17,16.72
2015,6,18,16.7
2015,6,19,16.8
2015,6,20,17.22
2015,6,21,17.72
2015,6,22,17.81
2015,6,23,17.67
2015,6,24,17.93
2015,6,25,18.21
2015,6,26,18.41
2015,6,27,18.9
2015,6,28,19.16
2015,6,29,19.23
2015,6,30,18.83
2015,7,1,18.62
2015,7,2,18.47
2015,7,3,18.74
2015,7,4,19.01
2015,7,5,18.88
2015,7,6,18.36
2015,7,7,17.94
2015,7,8,17.98
2015,7,9,18.11
2015,7,10,18.41
2015,7,11,19.18
2015,7,12,20.02
2015,7,13,20.24
2015,7,14,19.77
2015,7,15,19.49
2015,7,16,19.77
2015,7,17,20.34
2015,7,18,20.61
2015,7,19,20.38
2015,7,20,19.99
2015,7,21,19.35
2015,7,22,19.6
2015,7,23,20.06
2015,7,24,20.73
2015,7,25,21.48
2015,7,26,21.83
2015,7,27,22.17
2015,7,28,21.85
2015,7,29,20.91
2015,7,30,19.93
2015,7,31,19.39
2015,8,1,19.21
2015,8,2,19.17
2015,8,3,18.97
2015,8,4,18.9
2015,8,5,18.88
2015,8,6,19.08
2015,8,7,19.43
2015,8,8,19.69
2015,8,9,20.17
2015,8,10,20.45
2015,8,11,20.4
2015,8,12,20.81
2015,8,13,21.78
2015,8,14,22.64
2015,8,15,22.72
2015,8,16,22.75
2015,8,17,22.31
2015,8,18,21.46
2015,8,19,20.46
2015,8,20,19.63
2015,8,21,19.28
2015,8,22,19.25
2015,8,23,18.92
2015,8,24,17.94
2015,8,25,16.74
2015,8,26,16.13
2015,8,27,15.76
2015,8,28,15.83
2015,8,29,15.83
2015,8,30,15.99
2015,8,31,16.08
2015,9,1,16.32
2015,9,2,16.91
2015,9,3,17.51
2015,9,4,17.77
2015,9,5,18.08
2015,9,6,18.68
2015,9,7,19.11
2015,9,8,18.92
2015,9,9,18.33
2015,9,10,17.74
2015,9,11,17.15
2015,9,12,16.55
2015,9,13,16.37
2015,9,14,16.34
2015,9,15,16.47
2015,9,16,16.51
2015,9,17,16.53
2015,9,18,16.52
2015,9,19,16.35
2015,9,20,16.16
2015,9,21,16.09
2015,9,22,16.06
2015,9,23,15.94
2015,9,24,15.87
2015,9,25,15.82
2015,9,26,15.83
2015,9,27,15.86
2015,9,28,15.73
2015,9,29,15.46
2015,9,30,15.14
2015,10,1,14.83
2015,10,2,14.61
2015,10,3,14.4
2015,10,4,14.21
2015,10,5,14.19
2015,10,6,14.21
2015,10,7,14.01
2015,10,8,13.79
2015,10,9,13.46
2015,10,10,13.2
2015,10,11,13.03
2015,10,12,12.7
2015,10,13,12.19
2015,10,14,11.86
2015,10,15,11.7
2015,10,16,11.54
2015,10,17,11.24
2015,10,18,11.04
2015,10,19,10.99
2015,10,20,10.87
2015,10,21,10.77
2015,10,22,10.72
2015,10,23,10.68
2015,10,24,10.58
2015,10,25,10.49
2015,10,26,10.49
2015,10,27,10.47
2015,10,28,10.38
2015,10,29,10.16
2015,10,30,10.01
2015,10,31,10.0
2016,6,1,11.58
2016,6,2,11.37
2016,6,3,11.77
2016,6,4,12.12
2016,6,5,12.34
2016,6,6,12.37
2016,6,7,12.44
2016,6,8,12.61
2016,6,9,12.86
2016,6,10,12.94
2016,6,11,13.74
2016,6,12,14.3
2016,6,13,14.26
2016,6,14,14.28
2016,6,15,14.33
2016,6,16,14.34
2016,6,17,14.28
2016,6,18,14.13
2016,6,19,14.38
2016,6,20,14.89
2016,6,21,15.64
2016,6,22,16.23
2016,6,23,16.75
2016,6,24,17.26
2016,6,25,17.02
2016,6,26,16.54
2016,6,27,16.53
2016,6,28,16.52
2016,6,29,16.8
2016,6,30,17.23
2016,7,1,17.44
2016,7,2,17.89
2016,7,3,18.45
2016,7,4,18.71
2016,7,5,19.04
2016,7,6,19.6
2016,7,7,20.09
2016,7,8,19.64
2016,7,9,19.26
2016,7,10,19.21
2016,7,11,18.72
2016,7,12,18.01
2016,7,13,17.55
2016,7,14,17.86
2016,7,15,18.1
2016,7,16,18.11
2016,7,17,18.14
2016,7,18,18.26
2016,7,19,18.6
2016,7,20,18.85
2016,7,21,19.35
2016,7,22,20.06
2016,7,23,20.74
2016,7,24,21.22
2016,7,25,21.49
2016,7,26,21.48
2016,7,27,20.96
2016,7,28,20.53
2016,7,29,20.52
2016,7,30,20.92
2016,7,31,21.36
2016,8,1,21.66
2016,8,2,21.94
2016,8,3,22.16
2016,8,4,21.87
2016,8,5,21.46
2016,8,6,21.37
2016,8,7,21.27
2016,8,8,21.24
2016,8,9,21.4
2016,8,10,21.59
2016,8,11,21.62
2016,8,12,21.62
2016,8,13,21.59
2016,8,14,21.59
2016,8,15,21.81
2016,8,16,22.18
2016,8,17,22.36
2016,8,18,22.4
2016,8,19,22.08
2016,8,20,21.51
2016,8,21,21.1
2016,8,22,20.89
2016,8,23,20.91
2016,8,24,21.08
2016,8,25,21.06
2016,8,26,20.95
2016,8,27,20.97
2016,8,28,21.0
2016,8,29,20.98
2016,8,30,21.02
2016,8,31,20.82
2016,9,1,20.62
2016,9,2,20.47
2016,9,3,20.38
2016,9,4,20.31
2016,9,5,20.37
2016,9,6,20.34
2016,9,7,20.04
2016,9,8,19.85
2016,9,9,19.67
2016,9,10,19.52
2016,9,11,19.36
2016,9,12,19.0
2016,9,13,18.71
2016,9,14,18.45
2016,9,15,18.32
2016,9,16,18.35
2016,9,17,18.39
2016,9,18,18.52
2016,9,19,18.51
2016,9,20,18.3
2016,9,21,18.14
2016,9,22,18.03
2016,9,23,17.82
2016,9,24,17.6
2016,9,25,17.25
2016,9,26,16.48
2016,9,27,15.78
2016,9,28,15.0
2016,9,29,14.37
2016,9,30,14.33
2016,10,1,14.44
2016,10,2,14.5
2016,10,3,14.44
2016,10,4,14.1
2016,10,5,13.71
2016,10,6,13.33
2016,10,7,13.09
2016,10,8,12.51
2016,10,9,11.93
2016,10,10,11.77
2016,10,11,11.94
2016,10,12,11.96
2016,10,13,11.82
2016,10,14,11.67
2016,10,15,11.5
2016,10,16,11.41
2016,10,17,11.38
2016,10,18,11.56
2016,10,19,11.42
2016,10,20,11.17
2016,10,21,11.01
2016,10,22,10.96
2016,10,23,10.88
2016,10,24,10.75
2016,10,25,10.65
2016,10,26,10.66
2016,10,27,10.72
2016,10,28,10.75
2016,10,29,10.54
2016,10,30,10.28
2016,10,31,10.14
2017,6,1,9.95
2017,6,2,9.59
2017,6,3,9.54
2017,6,4,9.63
2017,6,5,9.77
2017,6,6,9.75
2017,6,7,9.57
2017,6,8,9.38
2017,6,9,9.88
2017,6,10,10.81
2017,6,11,12.11
2017,6,12,11.82
2017,6,13,11.78
2017,6,14,13.1
2017,6,15,14.76
2017,6,16,15.59
2017,6,17,15.87
2017,6,18,15.99
2017,6,19,16.07
2017,6,20,16.28
2017,6,21,16.38
2017,6,22,16.28
2017,6,23,16.43
2017,6,24,16.37
2017,6,25,15.74
2017,6,26,15.24
2017,6,27,15.19
2017,6,28,15.67
2017,6,29,16.21
2017,6,30,16.87
2017,7,1,17.28
2017,7,2,17.68
2017,7,3,18.17
2017,7,4,18.44
2017,7,5,18.58
2017,7,6,18.39
2017,7,7,18.37
2017,7,8,18.41
2017,7,9,18.53
2017,7,10,18.83
2017,7,11,19.0
2017,7,12,18.67
2017,7,13,18.17
2017,7,14,17.77
2017,7,15,17.91
2017,7,16,17.81
2017,7,17,18.05
2017,7,18,18.6
2017,7,19,19.29
2017,7,20,19.91
2017,7,21,20.52
2017,7,22,20.47
2017,7,23,20.27
2017,7,24,20.12
2017,7,25,20.41
2017,7,26,21.17
2017,7,27,21.58
2017,7,28,21.88
2017,7,29,22.34
2017,7,30,22.81
2017,7,31,22.99
2017,8,1,22.81
2017,8,2,22.36
2017,8,3,21.65
2017,8,4,20.81
2017,8,5,20.29
2017,8,6,20.07
2017,8,7,20.07
2017,8,8,20.1
2017,8,9,20.01
2017,8,10,19.78
2017,8,11,19.63
2017,8,12,19.82
2017,8,13,20.07
2017,8,14,20.06
2017,8,15,20.02
2017,8,16,20.0
2017,8,17,19.95
2017,8,18,19.92
2017,8,19,19.93
2017,8,20,20.01
2017,8,21,19.87
2017,8,22,19.47
2017,8,23,19.09
2017,8,24,18.92
2017,8,25,18.8
2017,8,26,18.88
2017,8,27,18.81
2017,8,28,18.74
2017,8,29,18.81
2017,8,30,18.64
2017,8,31,18.2
2017,9,1,17.89
2017,9,2,17.91
2017,9,3,17.99
2017,9,4,17.93
2017,9,5,17.66
2017,9,6,17.34
2017,9,7,17.01
2017,9,8,16.84
2017,9,9,16.77
2017,9,10,16.74
2017,9,11,16.8
2017,9,12,17.19
2017,9,13,17.43
2017,9,14,17.71
2017,9,15,17.61
2017,9,16,17.4
2017,9,17,17.24
2017,9,18,17.19
2017,9,19,17.43
2017,9,20,17.48
2017,9,21,17.63
2017,9,22,17.6
2017,9,23,17.2
2017,9,24,17.05
2017,9,25,16.93
2017,9,26,16.57
2017,9,27,16.39
2017,9,28,16.36
2017,9,29,16.25
2017,9,30,16.13
2017,10,1,16.06
2017,10,2,15.91
2017,10,3,15.74
2017,10,4,15.64
2017,10,5,15.44
2017,10,6,15.23
2017,10,7,15.2
2017,10,8,15.17
2017,10,9,14.92
2017,10,10,14.74
2017,10,11,14.6
2017,10,12,14.47
2017,10,13,14.3
2017,10,14,14.14
2017,10,15,13.94
2017,10,16,13.76
2017,10,17,13.7
2017,10,18,13.56
2017,10,19,13.41
2017,10,20,13.44
2017,10,21,13.33
2017,10,22,13.2
2017,10,23,13.11
2017,10,24,12.92
2017,10,25,12.57
2017,10,26,12.64
2017,10,27,12.73
2017,10,28,12.66
2017,10,29,12.41
2017,10,30,12.26
2017,10,31,11.73
2018,6,1,4.86
2018,6,2,4.87
2018,6,3,4.86
2018,6,4,4.88
2018,6,5,4.94
2018,6,6,5.09
2018,6,7,5.36
2018,6,8,5.75
2018,6,9,6.01
2018,6,10,6.08
2018,6,11,6.29
2018,6,12,6.57
2018,6,13,6.75
2018,6,14,6.84
2018,6,15,6.94
2018,6,16,7.12
2018,6,17,7.39
2018,6,18,7.69
2018,6,19,7.96
2018,6,20,8.18
2018,6,21,8.29
2018,6,22,8.36
2018,6,23,8.39
2018,6,24,8.47
2018,6,25,8.46
2018,6,26,8.6
2018,6,27,8.81
2018,6,28,9.19
2018,6,29,9.74
2018,6,30,11.39
2018,7,1,11.75
2018,7,2,11.76
2018,7,3,11.6
2018,7,4,11.51
2018,7,5,12.08
2018,7,6,14.74
2018,7,7,17.14
2018,7,8,18.3
2018,7,9,18.74
2018,7,10,18.82
2018,7,11,18.85
2018,7,12,18.78
2018,7,13,18.69
2018,7,14,18.88
2018,7,15,19.02
2018,7,16,19.43
2018,7,17,19.46
2018,7,18,19.69
2018,7,19,19.93
2018,7,20,19.99
2018,7,21,20.02
2018,7,22,20.09
2018,7,23,20.44
2018,7,24,20.64
2018,7,25,20.75
2018,7,26,20.65
2018,7,27,20.57
2018,7,28,20.67
2018,7,29,21.0
2018,7,30,21.45
2018,7,31,21.7
2018,8,1,21.52
2018,8,2,20.76
2018,8,3,20.03
2018,8,4,19.84
2018,8,5,19.6
2018,8,6,19.77
2018,8,7,20.04
2018,8,8,20.49
2018,8,9,21.13
2018,8,10,21.62
2018,8,11,22.07
2018,8,12,22.47
2018,8,13,22.63
2018,8,14,22.5
2018,8,15,22.25
2018,8,16,22.17
2018,8,17,21.93
2018,8,18,21.48
2018,8,19,21.2
2018,8,20,20.89
2018,8,21,20.62
2018,8,22,20.43
2018,8,23,20.34
2018,8,24,20.19
2018,8,25,20.0
2018,8,26,19.81
2018,8,27,19.67
2018,8,28,19.36
2018,8,29,19.04
2018,8,30,18.87
2018,8,31,18.74
2018,9,1,18.7
2018,9,2,18.72
2018,9,3,18.75
2018,9,4,18.75
2018,9,5,18.8
2018,9,6,18.83
2018,9,7,18.73
2018,9,8,18.44
2018,9,9,18.25
2018,9,10,18.24
2018,9,11,18.36
2018,9,12,18.32
2018,9,13,18.33
2018,9,14,18.27
2018,9,15,18.39
2018,9,16,18.49
2018,9,17,18.02
2018,9,18,17.45
2018,9,19,17.29
2018,9,20,17.03
2018,9,21,16.37
2018,9,22,15.89
2018,9,23,15.86
2018,9,24,15.45
2018,9,25,14.75
2018,9,26,14.59
2018,9,27,14.15
2018,9,28,13.82
2018,9,29,13.75
2018,9,30,13.67
2018,10,1,13.55
2018,10,2,13.41
2018,10,3,13.3
2018,10,4,13.28
2018,10,5,13.29
2018,10,6,13.26
2018,10,7,13.21
2018,10,8,12.64
2018,10,9,11.99
2018,10,10,11.34
2018,10,11,10.65
2018,10,12,10.1
2018,10,13,9.86
2018,10,14,9.69
2018,10,15,9.59
2018,10,16,9.63
2018,10,17,9.51
2018,10,18,9.47
2018,10,19,9.44
2018,10,20,9.35
2018,10,21,9.22
2018,10,22,9.14
2018,10,23,9.12
2018,10,24,9.11
2018,10,25,9.15
2018,10,26,9.15
2018,10,27,9.08
2018,10,28,8.97
2018,10,29,8.79
2018,10,30,8.63
2018,10,31,8.57
2019,6,1,10.48
2019,6,2,10.84
2019,6,3,10.93
2019,6,4,11.06
2019,6,5,11.31
2019,6,6,11.53
2019,6,7,12.04
2019,6,8,13.0
2019,6,9,13.77
2019,6,10,14.03
2019,6,11,13.76
2019,6,12,13.71
2019,6,13,14.0
2019,6,14,13.56
2019,6,15,13.14
2019,6,16,13.05
2019,6,17,13.28
2019,6,18,13.89
2019,6,19,14.46
2019,6,20,14.83
2019,6,21,14.85
2019,6,22,14.87
2019,6,23,15.09
2019,6,24,15.59
2019,6,25,15.97
2019,6,26,16.03
2019,6,27,15.84
2019,6,28,15.88
2019,6,29,15.92
2019,6,30,15.84
2019,7,1,16.82
2019,7,2,17.51
2019,7,3,18.59
2019,7,4,19.56
2019,7,5,19.86
2019,7,6,19.43
2019,7,7,19.25
2019,7,8,19.45
2019,7,9,19.91
2019,7,10,20.3
2019,7,11,20.48
2019,7,12,20.63
2019,7,13,20.93
2019,7,14,21.17
2019,7,15,21.77
2019,7,16,21.92
2019,7,17,21.94
2019,7,18,21.88
2019,7,19,21.75
2019,7,20,21.52
2019,7,21,21.24
2019,7,22,20.93
2019,7,23,20.99
2019,7,24,21.34
2019,7,25,21.39
2019,7,26,21.03
2019,7,27,20.81
2019,7,28,20.84
2019,7,29,20.58
2019,7,30,20.55
2019,7,31,20.69
2019,8,1,20.97
2019,8,2,21.18
2019,8,3,21.41
2019,8,4,21.56
2019,8,5,21.66
2019,8,6,21.74
2019,8,7,21.53
2019,8,8,21.4
2019,8,9,21.32
2019,8,10,21.53
2019,8,11,21.73
2019,8,12,21.71
2019,8,13,21.39
2019,8,14,21.08
2019,8,15,21.12
2019,8,16,21.23
2019,8,17,21.21
2019,8,18,20.96
2019,8,19,20.61
2019,8,20,20.39
2019,8,21,20.21
2019,8,22,19.92
2019,8,23,19.63
2019,8,24,19.55
2019,8,25,19.38
2019,8,26,18.91
2019,8,27,18.3
2019,8,28,17.64
2019,8,29,16.83
2019,8,30,16.31
2019,8,31,16.4
2019,9,1,16.28
2019,9,2,16.12
2019,9,3,16.16
2019,9,4,16.16
2019,9,5,16.0
2019,9,6,15.95
2019,9,7,15.88
2019,9,8,15.7
2019,9,9,15.44
2019,9,10,15.24
2019,9,11,15.01
2019,9,12,14.69
2019,9,13,14.51
2019,9,14,14.48
2019,9,15,14.38
2019,9,16,14.37
2019,9,17,14.7
2019,9,18,14.73
2019,9,19,14.71
2019,9,20,14.71
2019,9,21,14.75
2019,9,22,15.0
2019,9,23,15.19
2019,9,24,15.31
2019,9,25,14.86
2019,9,26,14.42
2019,9,27,13.95
2019,9,28,13.38
2019,9,29,13.46
2019,9,30,13.65
2019,10,1,13.44
2019,10,2,12.91
2019,10,3,12.29
2019,10,4,11.64
2019,10,5,11.13
2019,10,6,10.93
2019,10,7,10.91
2019,10,8,10.91
2019,10,9,10.85
2019,10,10,10.91
2019,10,11,10.69
2019,10,12,10.31
2019,10,13,10.17
2019,10,14,9.92
2019,10,15,9.59
2019,10,16,9.35
2019,10,17,9.25
2019,10,18,9.22
2019,10,19,9.15
2019,10,20,9.15
2019,10,21,9.08
2019,10,22,8.91
2019,10,23,8.73
2019,10,24,8.65
2019,10,25,8.64
2019,10,26,8.63
2019,10,27,8.53
2019,10,28,8.45
2019,10,29,8.26
2019,10,30,8.07
2019,10,31,7.96
2020,6,1,11.71
2020,6,2,12.15
2020,6,3,12.88
2020,6,4,13.67
2020,6,5,14.1
2020,6,6,14.07
2020,6,7,13.7
2020,6,8,13.25
2020,6,9,13.28
2020,6,10,13.59
2020,6,11,13.79
2020,6,12,13.81
2020,6,13,13.88
2020,6,14,13.86
2020,6,15,14.08
2020,6,16,14.4
2020,6,17,14.81
2020,6,18,15.29
2020,6,19,15.76
2020,6,20,16.8
2020,6,21,17.63
2020,6,22,18.18
2020,6,23,18.85
2020,6,24,19.24
2020,6,25,19.43
2020,6,26,19.83
2020,6,27,20.3
2020,6,28,20.65
2020,6,29,21.14
2020,6,30,21.91
2020,7,1,22.39
2020,7,2,23.2
2020,7,3,23.67
2020,7,4,23.69
2020,7,5,23.83
2020,7,6,23.84
2020,7,7,23.88
2020,7,8,23.84
2020,7,9,23.31
2020,7,10,22.72
2020,7,11,22.38
2020,7,12,22.42
2020,7,13,22.34
2020,7,14,21.98
2020,7,15,21.45
2020,7,16,21.27
2020,7,17,21.5
2020,7,18,21.63
2020,7,19,20.94
2020,7,20,20.45
2020,7,21,20.41
2020,7,22,20.12
2020,7,23,19.87
2020,7,24,20.29
2020,7,25,21.02
2020,7,26,21.64
2020,7,27,21.38
2020,7,28,21.19
2020,7,29,21.22
2020,7,30,21.39
2020,7,31,21.61
2020,8,1,21.49
2020,8,2,21.01
2020,8,3,20.62
2020,8,4,20.25
2020,8,5,20.1
2020,8,6,20.29
2020,8,7,20.59
2020,8,8,20.99
2020,8,9,21.11
2020,8,10,21.01
2020,8,11,20.87
2020,8,12,20.87
2020,8,13,20.83
2020,8,14,20.84
2020,8,15,20.66
2020,8,16,20.62
2020,8,17,20.65
2020,8,18,20.79
2020,8,19,20.88
2020,8,20,20.96
2020,8,21,21.09
2020,8,22,21.23
2020,8,23,21.35
2020,8,24,21.56
2020,8,25,21.59
2020,8,26,21.45
2020,8,27,21.28
2020,8,28,21.07
2020,8,29,20.69
2020,8,30,20.32
2020,8,31,19.92
2020,9,1,19.01
2020,9,2,18.28
2020,9,3,17.83
2020,9,4,17.22
2020,9,5,16.85
2020,9,6,16.65
2020,9,7,16.29
2020,9,8,15.66
2020,9,9,15.2
2020,9,10,15.03
2020,9,11,15.06
2020,9,12,15.12
2020,9,13,15.13
2020,9,14,15.12
2020,9,15,15.25
2020,9,16,15.32
2020,9,17,15.12
2020,9,18,14.9
2020,9,19,14.7
2020,9,20,14.63
2020,9,21,14.76
2020,9,22,14.79
2020,9,23,14.77
2020,9,24,14.76
2020,9,25,14.67
2020,9,26,14.41
2020,9,27,14.29
2020,9,28,14.09
2020,9,29,13.86
2020,9,30,13.67
2020,10,1,13.44
2020,10,2,13.11
2020,10,3,12.86
2020,10,4,12.77
2020,10,5,12.69
2020,10,6,12.6
2020,10,7,12.47
2020,10,8,12.41
2020,10,9,12.39
2020,10,10,12.37
2020,10,11,12.27
2020,10,12,12.26
2020,10,13,12.15
2020,10,14,12.01
2020,10,15,11.98
2020,10,16,11.88
2020,10,17,11.4
2020,10,18,10.81
2020,10,19,10.92
2020,10,20,10.98
2020,10,21,10.6
2020,10,22,9.86
2020,10,23,9.17
2020,10,24,7.95
2020,10,25,7.67
2020,10,26,7.68
2020,10,27,7.69
2020,10,28,7.58
2020,10,29,7.53
2020,10,30,7.46
2020,10,31,7.1
2021,6,1,11.46
2021,6,2,12.35
2021,6,3,12.51
2021,6,4,12.69
2021,6,5,13.32
2021,6,6,13.99
2021,6,7,14.35
2021,6,8,15.01
2021,6,9,15.67
2021,6,10,16.24
2021,6,11,16.79
2021,6,12,17.0
2021,6,13,17.09
2021,6,14,17.08
2021,6,15,17.24
2021,6,16,17.38
2021,6,17,17.67
2021,6,18,17.86
2021,6,19,17.48
2021,6,20,17.59
2021,6,21,17.59
2021,6,22,17.46
2021,6,23,17.51
2021,6,24,17.93
2021,6,25,18.36
2021,6,26,18.66
2021,6,27,19.04
2021,6,28,19.33
2021,6,29,19.59
2021,6,30,19.83
2021,7,1,19.58
2021,7,2,19.47
2021,7,3,19.6
2021,7,4,19.67
2021,7,5,20.12
2021,7,6,20.64
2021,7,7,19.69
2021,7,8,19.06
2021,7,9,19.04
2021,7,10,19.17
2021,7,11,19.51
2021,7,12,19.91
2021,7,13,20.04
2021,7,14,20.12
2021,7,15,20.09
2021,7,16,20.24
2021,7,17,20.57
2021,7,18,20.83
2021,7,19,20.9
2021,7,20,20.9
2021,7,21,20.81
2021,7,22,20.66
2021,7,23,20.58
2021,7,24,20.8
2021,7,25,21.0
2021,7,26,21.08
2021,7,27,21.13
2021,7,28,21.14
2021,7,29,21.11
2021,7,30,21.06
2021,7,31,21.18
2021,8,1,21.15
2021,8,2,21.05
2021,8,3,21.06
2021,8,4,21.08
2021,8,5,21.1
2021,8,6,21.05
2021,8,7,20.95
2021,8,8,20.99
2021,8,9,21.07
2021,8,10,20.86
2021,8,11,20.74
2021,8,12,20.61
2021,8,13,20.41
2021,8,14,20.24
2021,8,15,20.13
2021,8,16,20.08
2021,8,17,20.19
2021,8,18,20.37
2021,8,19,20.68
2021,8,20,20.83
2021,8,21,20.6
2021,8,22,20.44
2021,8,23,20.4
2021,8,24,20.37
2021,8,25,20.42
2021,8,26,20.38
2021,8,27,20.29
2021,8,28,20.13
2021,8,29,20.04
2021,8,30,20.06
2021,8,31,20.09
2021,9,1,20.05
2021,9,2,19.92
2021,9,3,19.76
2021,9,4,19.6
2021,9,5,19.48
2021,9,6,19.4
2021,9,7,19.07
2021,9,8,18.67
2021,9,9,18.43
2021,9,10,18.31
2021,9,11,18.29
2021,9,12,18.29
2021,9,13,18.2
2021,9,14,18.16
2021,9,15,18.13
2021,9,16,18.14
2021,9,17,17.98
2021,9,18,17.72
2021,9,19,17.51
2021,9,20,17.5
2021,9,21,17.47
2021,9,22,17.37
2021,9,23,17.27
2021,9,24,17.21
2021,9,25,17.06
2021,9,26,16.89
2021,9,27,16.77
2021,9,28,16.76
2021,9,29,16.88
2021,9,30,17.05
2021,10,1,17.28
2021,10,2,17.53
2021,10,3,17.5
2021,10,4,17.43
2021,10,5,17.43
2021,10,6,17.38
2021,10,7,17.27
2021,10,8,17.33
2021,10,9,17.48
2021,10,10,17.35
2021,10,11,17.1
2021,10,12,16.61
2021,10,13,15.9
2021,10,14,15.38
2021,10,15,14.78
2021,10,16,14.09
2021,10,17,13.71
2021,10,18,13.56
2021,10,19,13.56
2021,10,20,13.49
2021,10,21,13.41
2021,10,22,13.15
2021,10,23,12.8
2021,10,24,12.35
2021,10,25,11.84
2021,10,26,11.59
2021,10,27,11.47
2021,10,28,11.29
2021,10,29,11.15
2021,10,30,11.01
2021,10,31,10.75
2022,6,1,10.76
2022,6,2,10.7
2022,6,3,10.62
2022,6,4,10.91
2022,6,5,11.43
2022,6,6,12.01
2022,6,7,12.56
2022,6,8,13.21
2022,6,9,13.98
2022,6,10,14.31
2022,6,11,14.34
2022,6,12,14.54
2022,6,13,14.51
2022,6,14,14.48
2022,6,15,14.51
2022,6,16,14.54
2022,6,17,14.56
2022,6,18,14.42
2022,6,19,14.47
2022,6,20,14.84
2022,6,21,15.58
2022,6,22,16.04
2022,6,23,15.87
2022,6,24,15.57
2022,6,25,15.47
2022,6,26,15.42
2022,6,27,15.12
2022,6,28,14.71
2022,6,29,14.75
2022,6,30,14.83
2022,7,1,15.05
2022,7,2,15.19
2022,7,3,15.33
2022,7,4,15.28
2022,7,5,15.21
2022,7,6,15.12
2022,7,7,15.42
2022,7,8,16.11
2022,7,9,16.69
2022,7,10,17.08
2022,7,11,17.58
2022,7,12,18.0
2022,7,13,17.98
2022,7,14,18.04
2022,7,15,18.4
2022,7,16,18.94
2022,7,17,19.32
2022,7,18,19.68
2022,7,19,20.05
2022,7,20,19.79
2022,7,21,19.51
2022,7,22,19.46
2022,7,23,19.22
2022,7,24,18.92
2022,7,25,18.49
2022,7,26,18.66
2022,7,27,18.78
2022,7,28,18.69
2022,7,29,18.55
2022,7,30,18.8
2022,7,31,19.27
2022,8,1,19.44
2022,8,2,19.61
2022,8,3,19.73
2022,8,4,19.81
2022,8,5,19.78
2022,8,6,19.73
2022,8,7,19.7
2022,8,8,19.72
2022,8,9,19.76
2022,8,10,20.03
2022,8,11,20.03
2022,8,12,20.03
2022,8,13,19.92
2022,8,14,19.75
2022,8,15,19.75
2022,8,16,19.72
2022,8,17,19.84
2022,8,18,19.83
2022,8,19,20.11
2022,8,20,20.15
2022,8,21,20.1
2022,8,22,20.4
2022,8,23,20.62
2022,8,24,20.56
2022,8,25,20.29
2022,8,26,20.11
2022,8,27,19.78
2022,8,28,19.2
2022,8,29,18.74
2022,8,30,18.2
2022,8,31,17.95
2022,9,1,18.03
2022,9,2,17.87
2022,9,3,17.64
2022,9,4,17.4
2022,9,5,17.33
2022,9,6,17.49
2022,9,7,17.9
2022,9,8,17.9
2022,9,9,17.77
2022,9,10,17.66
2022,9,11,17.61
2022,9,12,17.82
2022,9,13,17.86
2022,9,14,17.82
2022,9,15,17.73
2022,9,16,17.6
2022,9,17,17.67
2022,9,18,17.7
2022,9,19,17.77
2022,9,20,17.97
2022,9,21,17.87
2022,9,22,17.52
2022,9,23,16.85
2022,9,24,16.04
2022,9,25,15.43
2022,9,26,14.86
2022,9,27,14.55
2022,9,28,14.35
2022,9,29,14.27
2022,9,30,14.25
2022,10,1,14.13
2022,10,2,13.97
2022,10,3,13.98
2022,10,4,14.06
2022,10,5,14.21
2022,10,6,14.14
2022,10,7,13.66
2022,10,8,13.17
2022,10,9,12.87
2022,10,10,12.79
2022,10,11,12.89
2022,10,12,12.9
2022,10,13,12.81
2022,10,14,12.6
2022,10,15,12.28
2022,10,16,11.81
2022,10,17,11.31
2022,10,18,11.01
2022,10,19,10.81
2022,10,20,10.72
2022,10,21,10.74
2022,10,22,10.8
2022,10,23,10.86
2022,10,24,10.79
2022,10,25,10.64
2022,10,26,10.51
2022,10,27,10.36
2022,10,28,10.37
2022,10,29,10.38
2022,10,30,10.4
2022,10,31,10.4
2023,6,1,2.67
2023,6,2,2.68
2023,6,3,2.71
2023,6,4,2.74
2023,6,5,2.85
2023,6,6,3.02
2023,6,7,3.25
2023,6,8,3.51
2023,6,9,3.74
2023,6,10,3.91
2023,6,11,4.02
2023,6,12,4.04
2023,6,13,4.05
2023,6,14,4.05
2023,6,15,13.22
2023,6,16,14.13
2023,6,17,17.14
2023,6,18,17.24
2023,6,19,17.41
2023,6,20,17.68
2023,6,21,17.97
2023,6,22,18.04
2023,6,23,17.87
2023,6,24,17.58
2023,6,25,17.35
2023,6,26,17.86
2023,6,27,18.15
2023,6,28,18.45
2023,6,29,18.87
2023,6,30,19.34
2023,7,1,19.93
2023,7,2,20.26
2023,7,3,20.5
2023,7,4,20.32
2023,7,5,19.91
2023,7,6,19.67
2023,7,7,19.53
2023,7,8,19.33
2023,7,9,19.25
2023,7,10,19.31
2023,7,11,19.04
2023,7,12,19.04
2023,7,13,19.01
2023,7,14,18.98
2023,7,15,19.02
2023,7,16,19.1
2023,7,17,19.18
2023,7,18,19.08
2023,7,19,18.85
2023,7,20,18.8
2023,7,21,19.06
2023,7,22,19.27
2023,7,23,19.72
2023,7,24,20.05
2023,7,25,20.32
2023,7,26,20.68
2023,7,27,20.96
2023,7,28,20.81
2023,7,29,20.77
2023,7,30,20.79
2023,7,31,20.88
2023,8,1,21.27
2023,8,2,21.92
2023,8,3,22.3
2023,8,4,22.32
2023,8,5,22.09
2023,8,6,21.9
2023,8,7,21.98
2023,8,8,22.1
2023,8,9,22.03
2023,8,10,21.86
2023,8,11,21.63
2023,8,12,21.32
2023,8,13,20.91
2023,8,14,20.59
2023,8,15,20.41
2023,8,16,20.44
2023,8,17,20.31
2023,8,18,19.94
2023,8,19,19.67
2023,8,20,19.3
2023,8,21,19.11
2023,8,22,18.97
2023,8,23,18.73
2023,8,24,18.51
2023,8,25,18.42
2023,8,26,18.28
2023,8,27,18.1
2023,8,28,18.15
2023,8,29,18.29
2023,8,30,18.44
2023,8,31,18.56
2023,9,1,18.59
2023,9,2,18.89
2023,9,3,19.94
2023,9,4,21.01
2023,9,5,20.84
2023,9,6,20.39
2023,9,7,19.64
2023,9,8,18.99
2023,9,9,18.26
2023,9,10,17.72
2023,9,11,17.48
2023,9,12,17.19
2023,9,13,16.88
2023,9,14,16.77
2023,9,15,16.71
2023,9,16,16.68
2023,9,17,16.69
2023,9,18,16.71
2023,9,19,16.74
2023,9,20,17.17
2023,9,21,17.65
2023,9,22,17.65
2023,9,23,17.49
2023,9,24,17.25
2023,9,25,17.01
2023,9,26,16.88
2023,9,27,16.93
2023,9,28,16.93
2023,9,29,16.83
2023,9,30,16.86
2023,10,1,17.42
2023,10,2,17.81
2023,10,3,17.79
2023,10,4,17.66
2023,10,5,17.41
2023,10,6,17.33
2023,10,7,17.11
2023,10,8,16.57
2023,10,9,15.96
2023,10,10,15.42
2023,10,11,14.86
2023,10,12,14.59
2023,10,13,14.48
2023,10,14,14.18
2023,10,15,13.85
2023,10,16,13.63
2023,10,17,13.58
2023,10,18,13.5
2023,10,19,13.42
2023,10,20,13.4
2023,10,21,13.41
2023,10,22,13.16
2023,10,23,12.9
2023,10,24,12.92
2023,10,25,13.01
2023,10,26,13.06
2023,10,27,13.11
2023,10,28,12.23
2023,10,29,12.25
2023,10,30,12.14
2023,10,31,11.79
