46.7797389673004,-91.8593300411398 40,564 2.767954320622793
46.7797389673004,-91.8453145238125 41,564 2.489773374095291
46.7797389673004,-91.8312990064853 42,564 2.369666754623041
46.7797389673004,-91.817283489158 43,564 2.431176332650337
46.7797389673004,-91.8032679718307 44,564 2.661740960798672
46.7937544846276,-91.8733455584671 39,565 2.520940355715198
46.7937544846276,-91.8593300411398 40,565 2.003547253400426
46.7937544846276,-91.8453145238125 41,565 1.5974926459640644
46.7937544846276,-91.8312990064853 42,565 1.4030266552974193
46.7937544846276,-91.817283489158 43,565 1.504561311430821
46.7937544846276,-91.8032679718307 44,565 1.854088880735469
46.7937544846276,-91.7892524545035 45,565 2.3431402586191004
46.7937544846276,-91.7752369371762 46,565 2.9020142584570094
46.8077700019549,-91.8873610757943 38,566 2.7931048350995127
46.8077700019549,-91.8733455584671 39,566 2.1407042861119474
46.8077700019549,-91.8593300411398 40,566 1.497426436760464
46.8077700019549,-91.8453145238125 41,566 0.8834296650666484
46.8077700019549,-91.8312990064853 42,566 0.44396059048915903
46.8077700019549,-91.817283489158 43,566 0.7016017748127191
46.8077700019549,-91.8032679718307 44,566 1.2906897757703881
46.8077700019549,-91.7892524545035 45,566 1.928213190788642
46.8077700019549,-91.7752369371762 46,566 2.578492392994593
46.8217855192822,-91.8873610757943 38,567 2.8113207142772767
46.8217855192822,-91.8733455584671 39,567 2.164611552245714
46.8217855192822,-91.8593300411398 40,567 1.5316083480418672
46.8217855192822,-91.8453145238125 41,567 0.9404079497857621
46.8217855192822,-91.8312990064853 42,567 0.5487915444846544
46.8217855192822,-91.817283489158 43,567 0.7721653269681447
46.8217855192822,-91.8032679718307 44,567 1.3302512925241894
46.8217855192822,-91.7892524545035 45,567 1.954778695714848
46.8217855192822,-91.7752369371762 46,567 2.598271150361382
46.8358010366094,-91.8733455584671 39,568 2.5814579740264993
46.8358010366094,-91.8593300411398 40,568 2.0796192419369706
46.8358010366094,-91.8453145238125 41,568 1.6922588958518279
46.8358010366094,-91.8312990064853 42,568 1.5101977538140765
46.8358010366094,-91.817283489158 43,568 1.604894845492294
46.8358010366094,-91.8032679718307 44,568 1.9361587717948137
46.8358010366094,-91.7892524545035 45,568 2.408270581103477
46.8358010366094,-91.7752369371762 46,568 2.9544638441643745
46.8498165539367,-91.8593300411398 40,569 2.859940928142186
46.8498165539367,-91.8453145238125 41,569 2.5920198974646604
46.8498165539367,-91.8312990064853 42,569 2.4770297323435484
46.8498165539367,-91.817283489158 43,569 2.5358607156531434
46.8498165539367,-91.8032679718307 44,569 2.7574094658411115
