date,WDIRcos,WDIRsin,WSPD,ATMP,WTMP,DISC,bloom
2012-06-01,1.0,0.0,2.24,9.2,9.6,332,0.0
2012-06-02,-0.0,-1.0,3.44,11.0,9.41,302,0.0
2012-06-03,-0.0,-1.0,3.18,17.9,9.51,275,0.0
2012-06-04,0.71,0.71,2.85,11.6,9.56,249,0.0
2012-06-05,1.0,0.0,3.75,10.4,9.57,229,0.0
2012-06-06,0.71,0.71,2.45,9.6,10.03,220,0.0
2012-06-07,0.71,0.71,1.54,11.0,10.77,207,0.0
2012-06-08,-1.0,0.0,2.81,14.6,11.46,205,0.0
2012-06-09,1.0,0.0,2.46,12.2,11.62,194,0.0
2012-06-10,-1.0,0.0,4.56,12.3,11.89,182,0.0
2012-06-11,-1.0,0.0,5.95,20.0,12.27,178,0.0
2012-06-12,-0.0,-1.0,6.24,12.5,12.45,169,0.0
2012-06-13,-1.0,0.0,2.8,14.1,12.53,163,0.0
2012-06-14,-0.71,0.71,3.97,15.6,12.52,171,0.0
2012-06-15,-0.0,-1.0,2.13,13.7,12.57,178,0.0
2012-06-16,0.71,0.71,2.87,13.9,12.59,171,0.0
2012-06-17,-0.71,-0.71,4.38,15.7,12.59,174,0.0
2012-06-18,-1.0,0.0,2.35,16.7,12.69,189,0.0
2012-06-19,-1.0,0.0,3.28,16.4,12.76,199,0.0
2012-06-20,-0.71,0.71,4.49,16.35,13.21,495,0.0
2012-06-21,-0.0,-1.0,4.33,17.8,13.75,476,0.0
2012-06-22,-0.0,-1.0,3.22,17.6,14.24,331,0.0
2012-06-23,-0.71,0.71,1.67,16.2,14.46,279,0.0
2012-06-24,0.71,0.71,3.83,15.3,14.93,268,0.0
2012-06-25,0.71,0.71,2.45,13.7,15.25,245,0.0
2012-06-26,0.71,0.71,2.42,16.5,15.39,224,0.0
2012-06-27,0.71,0.71,2.58,17.0,15.66,205,0.0
2012-06-28,-0.71,-0.71,3.29,20.7,16.17,194,0.0
2012-06-29,-0.71,-0.71,4.57,22.8,16.79,180,0.0
2012-06-30,-0.0,-1.0,2.81,22.1,17.3,172,0.0
2012-07-01,0.71,0.71,2.71,20.8,17.99,166,0.0
2012-07-02,0.71,0.71,4.42,18.2,17.81,161,0.0
2012-07-03,-0.0,-1.0,3.24,19.6,17.68,172,0.0
2012-07-04,0.71,0.71,4.51,18.85,17.5,164,0.0
2012-07-05,-0.0,-1.0,3.11,23.25,17.25,156,0.0
2012-07-06,-0.71,0.71,3.29,17.8,17.65,155,0.0
2012-07-07,-0.0,-1.0,2.29,17.7,18.2,153,0.0
2012-07-08,-0.0,-1.0,2.34,21.9,19.83,146,0.0
2012-07-09,-0.0,-1.0,2.56,20.2,21.12,143,0.0
2012-07-10,-0.71,0.71,1.59,19.8,21.69,139,0.2
2012-07-11,-0.71,0.71,2.56,23.8,21.93,137,0.4
2012-07-12,-1.0,0.0,3.32,24.7,21.62,134,0.6
2012-07-13,-1.0,0.0,3.24,25.4,22.07,133,0.8
2012-07-14,-0.71,-0.71,2.5,22.3,22.65,131,1.0
2012-07-15,-1.0,0.0,1.76,23.8,22.7,130,0.8
2012-07-16,-0.71,0.71,3.64,24.85,22.49,129,0.6
2012-07-17,0.71,0.71,4.56,20.8,22.25,128,0.4
2012-07-18,0.71,0.71,3.44,18.8,21.9,128,0.2
2012-07-19,0.71,0.71,5.0,13.3,21.41,126,0.0
2012-07-20,-1.0,0.0,3.19,18.3,21.06,125,0.0
2012-07-21,1.0,0.0,2.88,25.1,21.58,123,0.0
2012-07-22,-0.71,0.71,2.82,22.0,21.92,120,0.0
2012-07-23,-0.0,-1.0,3.51,24.0,22.03,119,0.0
2012-07-24,0.71,0.71,4.11,21.8,22.08,117,0.0
2012-07-25,-0.0,-1.0,2.59,21.75,21.68,145,0.0
2012-07-26,0.71,0.71,3.71,20.7,21.07,143,0.0
2012-07-27,0.71,0.71,5.45,18.9,20.47,134,0.0
2012-07-28,-0.71,0.71,1.64,18.9,20.98,127,0.0
2012-07-29,-0.71,0.71,1.93,21.7,21.94,123,0.0
2012-07-30,-1.0,0.0,4.17,23.2,22.46,124,0.0
2012-07-31,0.71,-0.71,1.84,22.6,22.61,122,0.0
2012-08-01,-1.0,0.0,4.01,23.2,22.77,120,0.0
2012-08-02,-0.0,-1.0,3.15,24.6,22.93,119,0.0
2012-08-03,0.71,0.71,3.65,20.9,22.67,118,0.0
2012-08-04,-0.71,-0.71,4.06,21.3,21.89,134,0.0
2012-08-05,-0.0,-1.0,7.09,19.0,21.32,126,0.0
2012-08-06,-1.0,0.0,3.92,19.6,21.32,121,0.0
2012-08-07,0.71,-0.71,2.08,21.3,21.72,120,0.0
2012-08-08,-0.71,0.71,1.73,17.8,21.76,121,0.0
2012-08-09,0.71,0.71,4.87,17.4,21.4,122,0.0
2012-08-10,0.71,0.71,4.87,14.1,21.03,121,0.0
2012-08-11,-0.71,0.71,1.86,14.6,20.61,119,0.0
2012-08-12,-0.71,0.71,1.81,17.8,20.33,117,0.0
2012-08-13,-1.0,0.0,2.72,19.1,20.18,117,0.0
2012-08-14,-0.71,0.71,1.89,17.7,20.1,116,0.0
2012-08-15,-0.71,0.71,2.29,19.3,19.85,115,0.0
2012-08-16,-0.0,-1.0,7.92,18.4,19.33,120,0.0
2012-08-17,0.71,-0.71,5.75,16.15,18.99,117,0.0
2012-08-18,-1.0,0.0,3.3,15.7,19.02,118,0.0
2012-08-19,-1.0,0.0,1.51,14.9,19.11,125,0.0
2012-08-20,-0.71,0.71,2.65,14.5,18.98,120,0.0
2012-08-21,-0.0,-1.0,2.93,16.35,18.94,118,0.0
2012-08-22,-1.0,0.0,2.9,19.9,19.06,116,0.0
2012-08-23,-0.71,0.71,2.18,20.4,19.33,119,0.0
2012-08-24,0.71,0.71,3.54,20.3,19.5,126,0.0
2012-08-25,-1.0,0.0,3.2,24.2,19.76,125,0.0
2012-08-26,-1.0,0.0,3.54,21.7,19.85,121,0.0
2012-08-27,-1.0,0.0,2.12,19.0,19.9,119,0.0
2012-08-28,-0.71,0.71,3.02,18.1,20.01,118,0.0
2012-08-29,0.71,0.71,3.13,19.2,19.94,118,0.0
2012-08-30,-1.0,0.0,2.75,22.2,19.9,118,0.0
2012-08-31,-1.0,0.0,1.89,18.9,19.92,117,0.0
2012-09-01,-0.71,0.71,3.03,17.7,19.94,116,0.0
2012-09-02,-0.71,0.71,2.84,19.2,19.83,115,0.0
2012-09-03,-1.0,0.0,1.79,19.6,19.92,114,0.0
2012-09-04,-0.71,0.71,2.85,19.9,20.0,114,0.0
2012-09-05,-1.0,0.0,2.61,18.0,19.81,115,0.0
2012-09-06,-1.0,0.0,2.84,16.9,19.76,115,0.0
2012-09-07,-1.0,0.0,3.68,15.2,19.5,120,0.0
2012-09-08,0.71,-0.71,6.99,15.6,19.16,123,0.0
2012-09-09,1.0,0.0,5.08,15.3,18.88,121,0.0
2012-09-10,-1.0,0.0,4.07,14.6,18.71,119,0.0
2012-09-11,-1.0,0.0,5.04,21.6,18.38,118,0.0
2012-09-12,-0.71,-0.71,3.65,17.2,17.82,117,0.0
2012-09-13,-1.0,0.0,3.77,14.0,17.26,117,0.0
2012-09-14,0.71,-0.71,2.43,13.85,17.01,117,0.0
2012-09-15,-0.71,0.71,3.38,13.05,16.66,117,0.0
2012-09-16,-0.71,0.71,1.93,12.7,16.26,117,0.0
2012-09-17,1.0,0.0,4.99,13.45,15.42,118,0.0
2012-09-18,1.0,0.0,4.09,9.5,14.3,117,0.0
2012-09-19,-1.0,0.0,5.18,10.6,13.79,119,0.0
2012-09-20,-0.0,-1.0,7.49,12.0,13.51,121,0.0
2012-09-21,-0.71,-0.71,3.73,9.5,13.13,119,0.0
2012-09-22,0.71,-0.71,7.73,8.5,12.69,130,0.0
2012-09-23,0.71,-0.71,5.18,9.0,12.43,125,0.0
2012-09-24,-1.0,0.0,4.97,9.4,12.2,122,0.0
2012-09-25,0.71,0.71,2.37,9.05,12.25,120,0.0
2012-09-26,-1.0,0.0,1.66,7.7,12.22,120,0.0
2012-09-27,-0.71,0.71,1.53,6.9,11.98,119,0.0
2012-09-28,-0.71,0.71,1.66,9.0,11.87,119,0.0
2012-09-29,-0.71,0.71,3.22,11.4,11.96,119,0.0
2012-09-30,-0.71,0.71,2.94,7.4,11.93,119,0.0
2012-10-01,-1.0,0.0,1.99,8.4,11.76,119,0.0
2012-10-02,-0.71,0.71,2.4,9.6,11.64,120,0.0
2012-10-03,-0.71,0.71,2.13,11.5,11.67,120,0.0
2012-10-04,-0.71,-0.71,5.51,11.5,11.57,119,0.0
2012-10-05,-0.0,-1.0,10.91,5.3,11.37,118,0.0
2012-10-06,0.71,-0.71,7.63,4.6,10.92,119,0.0
2012-10-07,-1.0,0.0,4.19,2.7,10.16,118,0.0
2012-10-08,-1.0,0.0,4.09,6.3,9.36,118,0.0
2012-10-09,-0.0,-1.0,5.24,7.5,8.87,119,0.0
2012-10-10,-0.0,-1.0,7.05,4.0,8.67,118,0.0
2012-10-11,0.71,-0.71,4.89,3.9,8.62,122,0.0
2012-10-12,0.71,-0.71,3.98,4.3,8.58,120,0.0
2012-10-13,-1.0,0.0,3.06,6.7,8.5,120,0.0
2012-10-14,0.71,0.71,4.03,6.7,8.12,120,0.0
2012-10-15,-0.71,0.71,2.33,2.2,7.83,119,0.0
2012-10-16,0.71,0.71,2.06,8.7,7.89,120,0.0
2012-10-17,0.71,0.71,3.6,7.8,7.95,120,0.0
2012-10-18,-1.0,0.0,2.13,9.25,7.75,122,0.0
2012-10-19,0.71,0.71,2.97,7.7,7.47,124,0.0
2012-10-20,-1.0,0.0,1.61,4.7,7.48,123,0.0
2012-10-21,-0.71,0.71,3.03,6.7,7.48,121,0.0
2012-10-22,0.71,0.71,4.01,8.0,7.52,120,0.0
2012-10-23,0.71,0.71,5.63,7.4,7.56,130,0.0
2012-10-24,0.71,0.71,1.84,7.5,7.43,136,0.0
2012-10-25,0.71,-0.71,4.98,6.5,7.19,158,0.0
2012-10-26,-0.0,-1.0,7.39,3.55,6.93,152,0.0
2012-10-27,-0.0,-1.0,4.42,2.7,6.83,141,0.0
2012-10-28,-0.71,0.71,2.0,0.9,6.74,135,0.0
2012-10-29,-0.71,0.71,2.26,1.75,6.7,130,0.0
2012-10-30,0.71,0.71,4.4,3.6,6.65,127,0.0
2012-10-31,1.0,0.0,4.31,2.1,6.6,127,0.0
2013-06-01,0.71,0.71,2.69,5.6,3.19,322,0.0
2013-06-02,-0.0,-1.0,2.21,6.2,3.26,307,0.0
2013-06-03,1.0,0.0,2.26,7.2,3.32,289,0.0
2013-06-04,0.71,0.71,3.88,7.2,3.34,265,0.0
2013-06-05,0.71,0.71,5.03,5.2,3.38,273,0.0
2013-06-06,0.71,0.71,6.42,4.5,3.52,283,0.0
2013-06-07,1.0,0.0,1.96,6.3,3.54,267,0.0
2013-06-08,0.71,0.71,3.19,7.7,3.68,255,0.0
2013-06-09,0.71,0.71,4.04,5.5,3.66,256,0.0
2013-06-10,0.71,0.71,2.82,5.7,3.85,266,0.0
2013-06-11,0.71,-0.71,1.95,8.4,4.33,254,0.0
2013-06-12,0.71,0.71,1.6,12.6,4.95,240,0.0
2013-06-13,1.0,0.0,1.94,10.6,5.82,224,0.0
2013-06-14,0.71,0.71,3.64,7.8,6.91,211,0.0
2013-06-15,0.71,0.71,2.56,6.35,7.82,201,0.0
2013-06-16,-1.0,0.0,3.36,14.9,8.06,197,0.0
2013-06-17,0.71,0.71,5.62,5.75,6.44,192,0.0
2013-06-18,0.71,0.71,3.5,6.0,5.54,184,0.0
2013-06-19,0.71,0.71,1.49,9.3,5.51,179,0.0
2013-06-20,0.71,0.71,2.6,8.8,5.58,186,0.0
2013-06-21,0.71,0.71,4.98,6.4,5.66,344,0.0
2013-06-22,0.71,0.71,4.26,6.7,5.74,379,0.0
2013-06-23,0.71,0.71,3.11,6.1,6.04,326,0.0
2013-06-24,-1.0,0.0,1.51,17.4,6.72,288,0.0
2013-06-25,-0.71,0.71,2.28,18.6,7.92,258,0.0
2013-06-26,0.71,0.71,2.04,10.7,8.46,234,0.0
2013-06-27,-0.0,-1.0,2.66,15.0,8.78,212,0.0
2013-06-28,-0.0,-1.0,4.03,16.25,8.97,202,0.0
2013-06-29,1.0,0.0,1.95,11.8,9.11,193,0.0
2013-06-30,-0.71,0.71,1.65,13.9,8.96,182,0.0
2013-07-01,0.71,0.71,5.13,11.7,8.61,176,0.0
2013-07-02,1.0,0.0,3.27,9.1,8.63,170,0.0
2013-07-03,1.0,0.0,1.96,10.7,9.73,165,0.0
2013-07-04,0.71,0.71,1.5,12.3,10.82,162,0.0
2013-07-05,-1.0,0.0,4.25,22.7,12.43,158,0.0
2013-07-06,-1.0,0.0,4.51,24.2,12.34,155,0.0
2013-07-07,0.71,0.71,4.88,11.5,11.56,187,0.0
2013-07-08,0.71,0.71,3.13,9.2,10.88,181,0.0
2013-07-09,0.71,0.71,2.1,9.2,10.46,178,0.0
2013-07-10,-0.0,-1.0,3.88,15.3,10.44,176,0.0
2013-07-11,0.71,0.71,2.29,17.1,10.85,166,0.0
2013-07-12,-1.0,0.0,3.9,23.2,11.28,159,0.0
2013-07-13,-1.0,0.0,4.12,23.9,12.06,209,0.0
2013-07-14,-1.0,0.0,1.97,20.2,13.39,197,0.0
2013-07-15,0.71,0.71,2.85,18.0,14.81,183,0.0
2013-07-16,0.71,0.71,2.13,16.5,15.57,178,0.0
2013-07-17,-1.0,0.0,3.35,26.2,16.33,169,0.0
2013-07-18,1.0,0.0,2.55,19.5,16.94,161,0.0
2013-07-19,-0.0,-1.0,5.18,23.2,17.31,155,0.0
2013-07-20,0.71,0.71,5.21,18.8,17.37,150,0.0
2013-07-21,0.71,0.71,4.46,13.5,16.66,147,0.0
2013-07-22,-0.0,-1.0,3.18,13.3,16.16,145,0.0
2013-07-23,-0.0,-1.0,3.14,14.6,16.0,143,0.0
2013-07-24,-0.71,0.71,2.3,16.6,16.79,141,0.0
2013-07-25,-1.0,0.0,3.66,19.1,17.34,141,0.0
2013-07-26,0.71,0.71,4.35,14.1,17.17,144,0.0
2013-07-27,0.71,-0.71,5.84,11.2,16.61,148,0.0
2013-07-28,0.71,-0.71,3.53,12.3,15.92,152,0.0
2013-07-29,-0.71,0.71,1.56,15.7,15.62,148,0.0
2013-07-30,-1.0,0.0,1.79,17.5,16.3,145,0.0
2013-07-31,-1.0,0.0,3.5,18.8,16.37,143,0.0
2013-08-01,-0.0,-1.0,3.76,18.6,16.35,140,0.0
2013-08-02,-0.0,-1.0,2.69,17.5,16.55,140,0.0
2013-08-03,-0.0,-1.0,2.85,17.8,17.11,139,0.0
2013-08-04,-0.71,0.71,1.76,15.7,17.47,138,0.0
2013-08-05,-0.71,0.71,2.42,17.0,17.62,158,0.0
2013-08-06,0.71,0.71,2.69,17.3,17.83,160,0.0
2013-08-07,-0.0,-1.0,3.28,18.1,18.05,151,0.0
2013-08-08,-0.0,-1.0,1.91,16.0,18.06,145,0.0
2013-08-09,-0.0,-1.0,3.32,17.4,18.22,142,0.0
2013-08-10,-1.0,0.0,1.99,16.5,18.74,139,0.0
2013-08-11,-0.71,0.71,1.93,16.8,18.91,138,0.0
2013-08-12,-1.0,0.0,2.78,18.2,18.98,137,0.0
2013-08-13,-0.71,0.71,2.13,14.6,18.94,135,0.0
2013-08-14,0.71,-0.71,1.53,14.9,18.98,134,0.0
2013-08-15,-0.71,0.71,1.79,16.9,19.1,134,0.0
2013-08-16,-0.71,0.71,1.55,18.5,19.31,133,0.0
2013-08-17,-1.0,0.0,3.52,20.8,19.49,132,0.0
2013-08-18,-1.0,0.0,4.28,21.2,19.62,131,0.0
2013-08-19,-1.0,0.0,3.7,21.8,20.2,131,0.0
2013-08-20,-1.0,0.0,3.67,24.4,21.02,131,0.0
2013-08-21,-1.0,0.0,3.48,25.4,21.48,132,0.0
2013-08-22,0.71,-0.71,1.65,19.8,21.08,130,0.0
2013-08-23,-0.71,0.71,3.01,17.7,20.95,129,0.0
2013-08-24,-1.0,0.0,3.34,21.0,20.82,130,0.0
2013-08-25,-1.0,0.0,5.26,26.8,20.83,129,0.0
2013-08-26,0.71,0.71,2.68,21.75,20.56,177,0.0
2013-08-27,1.0,0.0,3.64,18.45,20.1,407,0.0
2013-08-28,1.0,0.0,1.36,18.1,19.71,287,0.0
2013-08-29,-0.71,0.71,1.69,20.0,19.55,232,0.0
2013-08-30,0.71,0.71,3.5,21.0,19.6,196,0.0
2013-08-31,-0.71,0.71,1.26,18.5,19.9,173,0.0
2013-09-01,-0.0,-1.0,4.76,19.4,19.83,169,0.0
2013-09-02,1.0,0.0,4.95,14.7,19.45,162,0.0
2013-09-03,-0.71,0.71,2.84,13.6,19.08,156,0.0
2013-09-04,0.71,0.71,3.55,18.2,18.54,153,0.0
2013-09-05,-0.71,0.71,2.49,14.4,18.45,149,0.0
2013-09-06,-1.0,0.0,1.83,18.3,18.58,148,0.0
2013-09-07,-0.71,0.71,2.28,20.9,19.08,146,0.0
2013-09-08,0.71,0.71,2.72,14.4,18.7,145,0.0
2013-09-09,0.71,0.71,2.35,13.1,17.86,147,0.0
2013-09-10,-0.71,-0.71,2.43,17.3,17.17,146,0.0
2013-09-11,-1.0,0.0,3.18,18.9,16.8,144,0.0
2013-09-12,0.71,-0.71,4.3,15.4,16.54,143,0.0
2013-09-13,-0.71,0.71,2.43,13.6,16.59,141,0.0
2013-09-14,-1.0,0.0,3.28,13.2,16.39,140,0.0
2013-09-15,0.71,0.71,4.86,13.1,15.89,140,0.0
2013-09-16,-0.71,0.71,2.03,8.4,15.53,140,0.0
2013-09-17,-1.0,0.0,3.28,10.65,15.46,138,0.0
2013-09-18,-1.0,0.0,1.81,15.7,15.34,137,0.0
2013-09-19,0.71,0.71,2.34,16.0,15.23,140,0.0
2013-09-20,-0.0,-1.0,4.99,15.7,15.07,143,0.0
2013-09-21,0.71,-0.71,5.49,12.1,14.95,139,0.0
2013-09-22,-0.71,0.71,1.77,8.4,14.86,137,0.0
2013-09-23,-1.0,0.0,1.99,10.95,14.66,136,0.0
2013-09-24,0.71,0.71,2.95,13.0,14.49,135,0.0
2013-09-25,-0.71,0.71,2.78,10.85,14.58,134,0.0
2013-09-26,-0.71,0.71,2.56,12.5,14.81,134,0.0
2013-09-27,0.71,0.71,2.39,15.45,14.69,133,0.0
2013-09-28,-1.0,0.0,6.15,20.75,14.52,135,0.0
2013-09-29,-1.0,0.0,3.61,12.75,14.41,138,0.0
2013-09-30,-1.0,0.0,6.17,17.3,14.27,135,0.0
2013-10-01,-1.0,0.0,5.33,19.3,14.3,134,0.0
2013-10-02,-0.71,-0.71,2.89,15.5,14.19,133,0.0
2013-10-03,0.71,0.71,4.18,12.5,14.0,149,0.0
2013-10-04,0.71,0.71,7.77,11.5,13.58,162,0.0
2013-10-05,0.71,0.71,8.11,9.85,13.03,175,0.0
2013-10-06,0.71,0.71,5.91,9.3,12.61,222,0.0
2013-10-07,-1.0,0.0,3.08,10.5,12.43,206,0.0
2013-10-08,-1.0,0.0,4.1,11.75,12.17,189,0.0
2013-10-09,-1.0,0.0,5.67,18.9,11.69,178,0.0
2013-10-10,-1.0,0.0,3.08,14.7,11.09,168,0.0
2013-10-11,-0.71,0.71,2.69,16.1,10.82,160,0.0
2013-10-12,-0.71,-0.71,5.86,14.85,10.94,155,0.0
2013-10-13,-0.0,-1.0,5.53,10.4,10.87,150,0.0
2013-10-14,-0.71,0.71,2.22,5.9,10.95,149,0.0
2013-10-15,0.71,0.71,6.78,9.7,10.73,193,0.0
2013-10-16,1.0,0.0,6.65,7.8,10.42,248,0.0
2013-10-17,-1.0,0.0,1.88,6.3,10.18,226,0.0
2013-10-18,1.0,0.0,5.29,7.7,10.33,230,0.0
2013-10-19,-1.0,0.0,2.64,4.8,10.37,224,0.0
2013-10-20,-0.71,0.71,2.14,3.7,10.34,220,0.0
2013-10-21,-0.0,-1.0,8.67,2.9,10.26,233,0.0
2013-10-22,0.71,-0.71,7.25,3.85,10.13,219,0.0
2013-10-23,0.71,-0.71,5.4,2.9,9.92,206,0.0
2013-10-24,0.71,-0.71,6.18,3.2,9.66,197,0.0
2013-10-25,-1.0,0.0,6.16,5.3,9.42,188,0.0
2013-10-26,0.71,-0.71,8.36,6.3,9.33,180,0.0
2013-10-27,-1.0,0.0,4.66,5.0,9.25,176,0.0
2013-10-28,0.71,0.71,7.92,2.45,9.01,173,0.0
2013-10-29,-0.71,0.71,1.11,-1.85,8.78,169,0.0
2013-10-30,-0.71,0.71,1.07,2.8,8.74,171,0.0
2013-10-31,1.0,0.0,1.66,6.8,8.69,173,0.0
2014-06-01,1.0,0.0,1.55,5.0,5.2,261,0.0
2014-06-02,0.71,-0.71,1.83,5.0,5.71,292,0.0
2014-06-03,-0.0,-1.0,5.68,14.7,6.14,286,0.0
2014-06-04,0.71,0.71,3.09,9.5,7.04,258,0.0
2014-06-05,0.71,0.71,2.87,5.6,6.57,236,0.0
2014-06-06,-0.0,-1.0,1.93,8.4,6.37,217,0.0
2014-06-07,0.71,0.71,2.06,11.15,6.31,254,0.0
2014-06-08,1.0,0.0,1.8,9.1,6.26,267,0.0
2014-06-09,0.71,0.71,2.06,8.0,6.1,245,0.0
2014-06-10,0.71,0.71,3.2,6.6,6.01,229,0.0
2014-06-11,1.0,0.0,2.49,6.5,5.95,209,0.0
2014-06-12,-0.0,-1.0,5.87,9.8,6.0,220,0.0
2014-06-13,-0.0,-1.0,3.94,9.4,6.08,225,0.0
2014-06-14,0.71,0.71,5.68,5.8,6.14,209,0.0
2014-06-15,0.71,0.71,5.27,8.65,6.22,250,0.0
2014-06-16,-1.0,0.0,4.41,19.05,6.29,261,0.0
2014-06-17,1.0,0.0,1.73,11.2,6.12,239,0.0
2014-06-18,0.71,0.71,7.55,7.7,6.1,214,0.0
2014-06-19,0.71,0.71,6.6,6.9,6.81,195,0.0
2014-06-20,0.71,0.71,4.15,5.4,6.95,195,0.0
2014-06-21,0.71,0.71,4.17,5.3,6.99,185,0.0
2014-06-22,0.71,0.71,2.77,6.1,7.12,177,0.0
2014-06-23,1.0,0.0,1.37,7.1,7.3,172,0.0
2014-06-24,0.71,0.71,2.94,6.9,7.5,167,0.0
2014-06-25,0.71,0.71,5.73,6.1,7.57,162,0.0
2014-06-26,0.71,0.71,5.03,7.0,7.63,159,0.0
2014-06-27,0.71,0.71,4.65,6.5,8.05,158,0.0
2014-06-28,0.71,0.71,2.67,7.4,8.56,160,0.0
2014-06-29,-1.0,0.0,4.24,19.9,8.83,180,0.0
2014-06-30,-1.0,0.0,7.14,24.3,8.9,168,0.0
2014-07-01,-0.0,-1.0,5.28,18.7,9.5,157,0.0
2014-07-02,-0.0,-1.0,3.01,11.7,11.11,151,0.0
2014-07-03,-1.0,0.0,2.12,15.2,13.05,146,0.0
2014-07-04,-0.71,0.71,1.81,16.9,14.42,144,0.0
2014-07-05,-1.0,0.0,4.73,20.3,15.21,143,0.0
2014-07-06,-1.0,0.0,4.43,22.4,15.68,142,0.0
2014-07-07,-0.71,-0.71,4.74,20.5,15.8,143,0.0
2014-07-08,0.71,0.71,2.49,10.5,15.46,192,0.0
2014-07-09,-0.0,-1.0,1.79,12.9,15.38,191,0.0
2014-07-10,0.71,0.71,2.49,15.4,15.66,178,0.0
2014-07-11,-1.0,0.0,3.54,18.9,16.18,195,0.0
2014-07-12,-1.0,0.0,1.97,18.2,16.74,232,0.0
2014-07-13,-0.0,-1.0,4.37,17.4,16.41,196,0.0
2014-07-14,-0.0,-1.0,3.65,13.0,16.53,184,0.0
2014-07-15,-0.0,-1.0,2.67,13.2,16.67,179,0.0
2014-07-16,-0.0,-1.0,2.24,14.6,16.96,165,0.0
2014-07-17,-1.0,0.0,2.29,18.9,17.61,158,0.0
2014-07-18,-1.0,0.0,3.3,19.7,17.71,153,0.0
2014-07-19,-1.0,0.0,5.19,21.25,17.81,150,0.0
2014-07-20,-1.0,0.0,4.34,21.2,17.89,149,0.0
2014-07-21,-1.0,0.0,4.05,25.4,17.77,146,0.0
2014-07-22,-1.0,0.0,3.95,21.0,16.7,154,0.0
2014-07-23,1.0,0.0,1.76,16.5,16.05,149,0.0
2014-07-24,0.71,0.71,1.95,15.5,16.1,145,0.0
2014-07-25,0.71,0.71,1.73,18.5,16.36,143,0.0
2014-07-26,-0.0,-1.0,3.26,21.6,16.69,142,0.0
2014-07-27,0.71,0.71,4.67,16.2,16.64,141,0.0
2014-07-28,-0.0,-1.0,2.56,14.8,15.63,139,0.0
2014-07-29,-0.0,-1.0,3.22,17.7,15.81,139,0.0
2014-07-30,-0.71,-0.71,2.13,15.1,16.05,144,0.0
2014-07-31,-0.0,-1.0,2.08,18.5,16.61,145,0.0
2014-08-01,-0.71,0.71,2.24,16.4,17.21,138,0.0
2014-08-02,0.71,0.71,1.75,15.3,17.3,135,0.0
2014-08-03,0.71,0.71,2.38,18.2,17.66,134,0.0
2014-08-04,0.71,0.71,3.43,15.8,17.66,136,0.0
2014-08-05,0.71,0.71,1.43,13.0,17.46,133,0.0
2014-08-06,-0.71,0.71,2.83,15.8,17.67,131,0.0
2014-08-07,0.71,0.71,2.89,14.8,18.02,130,0.0
2014-08-08,0.71,0.71,1.66,15.0,18.39,129,0.0
2014-08-09,0.71,0.71,1.89,18.2,18.67,128,0.0
2014-08-10,-0.71,0.71,1.26,20.7,18.93,127,0.0
2014-08-11,1.0,0.0,3.51,18.3,19.12,129,0.0
2014-08-12,-0.0,-1.0,2.15,16.7,19.23,129,0.0
2014-08-13,0.71,0.71,3.03,18.0,19.24,127,0.0
2014-08-14,-0.71,0.71,2.16,16.05,19.15,124,0.0
2014-08-15,-0.71,0.71,1.4,17.4,19.4,123,0.0
2014-08-16,0.71,0.71,3.4,21.5,19.49,125,0.0
2014-08-17,0.0,1.0,3.78,15.3,19.24,127,0.0
2014-08-18,0.71,0.71,2.1,11.15,19.06,132,0.0
2014-08-19,0.71,0.71,2.35,13.05,18.86,141,0.0
2014-08-20,0.71,0.71,1.55,17.3,18.63,141,0.0
2014-08-21,0.71,0.71,3.68,17.8,18.47,138,0.0
2014-08-22,0.71,0.71,5.07,15.4,18.09,136,0.0
2014-08-23,0.71,0.71,4.18,16.3,17.5,133,0.0
2014-08-24,0.71,0.71,3.75,17.5,17.19,132,0.0
2014-08-25,-0.0,-1.0,4.18,19.45,17.19,281,0.0
2014-08-26,-0.0,-1.0,6.24,16.6,17.15,268,0.0
2014-08-27,0.71,-0.71,2.25,16.3,17.58,205,0.0
2014-08-28,-0.71,0.71,2.66,15.4,17.4,174,0.0
2014-08-29,0.71,0.71,1.69,17.3,17.23,228,0.0
2014-08-30,0.71,0.71,2.29,17.0,16.94,261,0.0
2014-08-31,-0.71,0.71,1.66,16.7,16.75,252,0.0
2014-09-01,-0.0,-1.0,3.77,18.6,17.2,465,0.0
2014-09-02,-1.0,0.0,3.68,16.5,17.48,432,0.0
2014-09-03,-1.0,0.0,3.62,17.55,17.54,306,0.0
2014-09-04,0.71,0.71,3.8,17.0,17.52,279,0.0
2014-09-05,-0.0,-1.0,5.92,16.8,17.23,261,0.0
2014-09-06,-0.0,-1.0,4.04,15.3,17.11,236,0.0
2014-09-07,-1.0,0.0,4.04,17.0,16.97,221,0.0
2014-09-08,-1.0,0.0,5.14,19.6,17.04,210,0.0
2014-09-09,-1.0,0.0,3.02,18.3,17.0,197,0.0
2014-09-10,0.71,0.71,11.43,9.1,16.7,431,0.0
2014-09-11,1.0,0.0,3.71,8.0,16.06,414,0.0
2014-09-12,-1.0,0.0,1.37,8.2,15.19,341,0.0
2014-09-13,-1.0,0.0,2.69,7.1,14.29,302,0.0
2014-09-14,-1.0,0.0,5.13,11.2,13.83,271,0.0
2014-09-15,-1.0,0.0,3.78,10.9,13.85,247,0.0
2014-09-16,-1.0,0.0,4.07,10.0,13.92,221,0.0
2014-09-17,-1.0,0.0,4.5,11.9,13.8,207,0.0
2014-09-18,0.71,0.71,3.97,7.5,13.54,196,0.0
2014-09-19,-1.0,0.0,4.09,14.35,13.07,189,0.0
2014-09-20,-0.0,-1.0,3.57,16.6,12.7,185,0.0
2014-09-21,0.71,0.71,4.28,12.3,12.75,193,0.0
2014-09-22,-1.0,0.0,2.87,10.5,13.03,184,0.0
2014-09-23,-1.0,0.0,2.18,15.7,13.37,180,0.0
2014-09-24,-1.0,0.0,2.86,16.1,13.46,177,0.0
2014-09-25,0.71,0.71,2.46,15.5,13.63,176,0.0
2014-09-26,0.71,0.71,2.43,14.1,13.82,174,0.0
2014-09-27,0.71,0.71,1.4,15.1,14.1,171,0.0
2014-09-28,-1.0,0.0,1.62,15.9,14.64,168,0.0
2014-09-29,0.71,0.71,8.24,13.2,14.57,170,0.0
2014-09-30,,,,,14.15,164,0.0
2014-10-01,,,,,13.6,178,0.0
2014-10-02,,,,,12.95,207,0.0
2014-10-03,-0.0,-1.0,8.72,6.9,12.38,222,0.0
2014-10-04,-0.0,-1.0,9.26,7.3,11.8,334,0.0
2014-10-05,-0.0,-1.0,8.03,6.1,11.46,317,0.0
2014-10-06,-0.71,-0.71,5.1,7.2,11.3,271,0.0
2014-10-07,-0.0,-1.0,6.61,8.8,11.2,245,0.0
2014-10-08,-0.0,-1.0,8.97,7.2,11.11,227,0.0
2014-10-09,-0.0,-1.0,6.49,7.4,11.02,212,0.0
2014-10-10,-1.0,0.0,3.23,5.3,10.96,199,0.0
2014-10-11,-1.0,0.0,3.0,8.3,10.99,189,0.0
2014-10-12,-1.0,0.0,4.37,8.4,11.04,183,0.0
2014-10-13,-1.0,0.0,2.19,10.9,11.05,178,0.0
2014-10-14,0.71,0.71,4.76,10.6,11.06,175,0.0
2014-10-15,-1.0,0.0,2.91,5.8,11.03,174,0.0
2014-10-16,-0.71,0.71,3.13,4.8,10.99,170,0.0
2014-10-17,1.0,0.0,5.68,8.7,10.87,170,0.0
2014-10-18,1.0,0.0,5.07,5.9,10.58,169,0.0
2014-10-19,-1.0,0.0,2.98,6.7,10.19,167,0.0
2014-10-20,0.71,-0.71,4.47,10.3,9.89,165,0.0
2014-10-21,0.0,1.0,3.62,7.4,9.78,163,0.0
2014-10-22,-1.0,0.0,2.54,5.8,9.7,162,0.0
2014-10-23,-1.0,0.0,2.59,11.4,9.94,162,0.0
2014-10-24,-1.0,0.0,2.49,10.6,10.17,162,0.0
2014-10-25,-0.0,-1.0,6.44,13.1,10.13,161,0.0
2014-10-26,-0.0,-1.0,3.35,9.9,9.97,158,0.0
2014-10-27,0.71,0.71,3.58,9.5,9.89,157,0.0
2014-10-28,-0.71,-0.71,5.4,7.9,9.77,157,0.0
2014-10-29,-0.0,-1.0,6.94,5.3,9.52,157,0.0
2014-10-30,-0.71,-0.71,4.7,5.2,9.16,155,0.0
2014-10-31,1.0,0.0,8.88,1.1,8.87,154,0.0
2015-06-01,0.71,0.71,4.7,5.2,5.61,185,0.0
2015-06-02,0.71,0.71,4.12,6.3,5.57,180,0.0
2015-06-03,0.71,0.71,1.98,7.7,5.53,180,0.0
2015-06-04,0.71,0.71,3.48,6.9,5.38,220,0.0
2015-06-05,0.71,0.71,4.55,6.8,5.08,209,0.0
2015-06-06,0.71,0.71,4.98,5.6,4.88,197,0.0
2015-06-07,0.71,0.71,3.5,7.95,4.95,203,0.0
2015-06-08,-0.0,-1.0,3.15,15.8,5.1,196,0.0
2015-06-09,-0.71,0.71,1.59,14.65,5.34,190,0.0
2015-06-10,-0.0,-1.0,4.29,15.5,5.38,180,0.0
2015-06-11,0.71,0.71,3.78,14.55,5.41,175,0.0
2015-06-12,-1.0,0.0,1.89,10.8,5.65,171,0.0
2015-06-13,0.71,0.71,1.3,8.8,6.04,171,0.0
2015-06-14,0.71,0.71,1.37,23.1,6.58,167,0.0
2015-06-15,-0.0,-1.0,3.04,16.8,6.82,167,0.0
2015-06-16,0.71,-0.71,3.0,12.2,6.99,168,0.0
2015-06-17,0.71,0.71,1.94,11.6,7.19,171,0.0
2015-06-18,0.71,0.71,3.19,14.1,7.16,172,0.0
2015-06-19,0.71,0.71,2.83,12.1,7.15,170,0.0
2015-06-20,0.71,0.71,2.12,10.6,7.2,170,0.0
2015-06-21,,,,,7.51,169,0.0
2015-06-22,-1.0,0.0,1.54,13.7,7.91,172,0.0
2015-06-23,-1.0,0.0,3.77,23.9,7.89,167,0.0
2015-06-24,0.71,0.71,2.67,16.1,7.81,170,0.0
2015-06-25,1.0,0.0,3.15,13.0,8.16,174,0.0
2015-06-26,1.0,0.0,2.25,13.5,8.97,169,0.0
2015-06-27,-1.0,0.0,1.35,13.55,10.16,165,0.0
2015-06-28,-1.0,0.0,1.9,21.3,11.29,161,0.0
2015-06-29,,,,,11.65,167,0.0
2015-06-30,,,,,11.65,167,0.0
2015-07-01,0.71,0.71,3.37,15.75,11.47,163,0.0
2015-07-02,,,,,11.32,161,0.0
2015-07-03,,,,,12.11,159,0.0
2015-07-04,,,,,13.12,157,0.0
2015-07-05,,,,,13.8,156,0.0
2015-07-06,-1.0,0.0,2.68,17.7,15.09,193,0.0
2015-07-07,0.71,-0.71,4.39,15.4,16.05,185,0.0
2015-07-08,-0.71,0.71,1.81,16.7,16.42,170,0.0
2015-07-09,-0.71,0.71,1.71,18.5,16.78,160,0.0
2015-07-10,-1.0,0.0,2.49,21.6,17.31,149,0.0
2015-07-11,-1.0,0.0,2.41,23.3,18.49,142,0.0
2015-07-12,-0.71,0.71,2.49,21.6,19.39,139,0.0
2015-07-13,-0.0,-1.0,3.09,19.8,19.12,172,0.0
2015-07-14,0.71,0.71,3.05,20.3,18.8,182,0.0
2015-07-15,-0.71,0.71,3.13,13.9,18.84,168,0.0
2015-07-16,0.71,0.71,2.88,14.1,19.46,158,0.0
2015-07-17,-0.71,-0.71,2.62,18.8,19.93,153,0.0
2015-07-18,-0.71,0.71,3.13,22.9,20.08,147,0.0
2015-07-19,-0.71,-0.71,5.97,21.7,20.14,140,0.0
2015-07-20,-0.0,-1.0,5.1,21.25,20.28,135,0.0
2015-07-21,-0.0,-1.0,4.22,19.9,20.2,131,0.0
2015-07-22,0.71,0.71,2.25,19.3,20.35,129,0.0
2015-07-23,-1.0,0.0,1.83,21.0,20.44,128,0.0
2015-07-24,-1.0,0.0,3.22,23.1,20.88,128,0.0
2015-07-25,-0.0,-1.0,2.81,22.4,21.27,127,0.0
2015-07-26,-1.0,0.0,1.86,24.7,22.15,125,0.0
2015-07-27,0.71,0.71,2.3,23.6,22.53,123,0.0
2015-07-28,-0.71,0.71,2.23,24.1,22.02,122,0.0
2015-07-29,-0.71,-0.71,6.05,21.7,20.94,122,0.0
2015-07-30,-0.71,-0.71,6.2,22.35,19.9,120,0.0
2015-07-31,-0.0,-1.0,4.76,20.7,19.09,118,0.0
2015-08-01,-0.0,-1.0,3.86,19.9,18.52,117,0.0
2015-08-02,-1.0,0.0,2.72,20.0,18.2,117,0.0
2015-08-03,-0.0,-1.0,4.07,17.5,17.64,117,0.0
2015-08-04,-0.0,-1.0,2.8,17.3,16.91,117,0.0
2015-08-05,-0.71,0.71,2.68,15.1,16.66,115,0.0
2015-08-06,0.71,0.71,3.37,15.0,16.69,117,0.0
2015-08-07,0.71,0.71,3.95,12.0,16.5,165,0.0
2015-08-08,0.71,0.71,2.24,11.3,15.99,164,0.0
2015-08-09,-1.0,0.0,1.75,15.2,15.37,158,0.0
2015-08-10,-0.0,-1.0,2.25,17.4,14.94,154,0.0
2015-08-11,-1.0,0.0,1.47,16.6,14.56,146,0.0
2015-08-12,-0.0,-1.0,2.77,17.6,14.93,138,0.0
2015-08-13,-1.0,0.0,3.74,24.2,16.14,132,0.0
2015-08-14,-1.0,0.0,2.72,22.6,17.87,127,0.0
2015-08-15,1.0,0.0,1.47,19.9,17.62,124,0.0
2015-08-16,-0.71,-0.71,3.88,25.2,17.09,124,0.0
2015-08-17,-0.0,-1.0,2.36,18.5,16.82,124,0.0
2015-08-18,0.71,0.71,4.3,16.9,16.85,128,0.0
2015-08-19,0.71,0.71,7.26,12.2,15.8,198,0.0
2015-08-20,-0.0,-1.0,4.6,11.4,14.21,223,0.0
2015-08-21,-0.71,0.71,2.71,13.9,13.7,219,0.0
2015-08-22,-1.0,0.0,5.98,21.75,15.22,226,0.0
2015-08-23,-1.0,0.0,6.74,16.2,14.77,233,0.0
2015-08-24,-0.0,-1.0,8.66,12.85,14.15,215,0.0
2015-08-25,-0.0,-1.0,4.72,12.9,13.95,193,0.0
2015-08-26,-1.0,0.0,1.93,12.7,13.88,179,0.0
2015-08-27,-0.71,0.71,2.34,13.9,14.0,170,0.0
2015-08-28,-0.71,-0.71,2.69,16.6,14.25,164,0.0
2015-08-29,-1.0,0.0,3.32,18.6,14.68,160,0.0
2015-08-30,-1.0,0.0,3.14,19.4,15.37,156,0.0
2015-08-31,-1.0,0.0,3.97,21.7,15.75,153,0.0
2015-09-01,-1.0,0.0,2.78,23.4,15.77,152,0.0
2015-09-02,0.71,0.71,2.93,18.35,15.8,154,0.0
2015-09-03,0.71,0.71,4.18,14.9,16.01,153,0.0
2015-09-04,0.71,0.71,4.6,13.2,16.3,150,0.0
2015-09-05,0.71,0.71,2.83,14.3,16.54,148,0.0
2015-09-06,-1.0,0.0,2.66,19.4,16.79,160,0.0
2015-09-07,-0.0,-1.0,2.64,18.85,16.97,198,0.0
2015-09-08,-0.0,-1.0,2.44,17.3,16.88,196,0.0
2015-09-09,-1.0,0.0,3.36,16.4,16.61,190,0.0
2015-09-10,-0.0,-1.0,3.41,15.2,16.4,180,0.0
2015-09-11,1.0,0.0,5.07,13.3,16.3,169,0.0
2015-09-12,-0.71,0.71,1.89,10.1,16.18,160,0.0
2015-09-13,-1.0,0.0,4.32,13.8,16.04,152,0.0
2015-09-14,-1.0,0.0,4.33,18.4,16.03,147,0.0
2015-09-15,-1.0,0.0,3.11,21.3,16.13,142,0.0
2015-09-16,-1.0,0.0,6.44,24.8,16.14,140,0.0
2015-09-17,-1.0,0.0,5.23,23.4,16.11,151,0.0
2015-09-18,-0.0,-1.0,3.5,16.1,16.12,153,0.0
2015-09-19,-0.0,-1.0,3.67,14.4,16.06,147,0.0
2015-09-20,-1.0,0.0,4.16,15.9,15.93,144,0.0
2015-09-21,-1.0,0.0,6.07,17.2,16.06,141,0.0
2015-09-22,-1.0,0.0,4.41,18.8,16.16,138,0.0
2015-09-23,0.71,0.71,3.73,13.25,15.71,139,0.0
2015-09-24,0.71,0.71,4.04,11.8,15.3,159,0.0
2015-09-25,0.71,0.71,4.06,10.5,14.76,162,0.0
2015-09-26,0.71,0.71,3.3,10.9,14.26,157,0.0
2015-09-27,-1.0,0.0,2.32,12.2,14.2,155,0.0
2015-09-28,-1.0,0.0,2.56,17.8,14.64,150,0.0
2015-09-29,1.0,0.0,4.21,12.0,13.55,144,0.0
2015-09-30,-0.71,0.71,2.74,7.2,12.92,140,0.0
2015-10-01,0.71,0.71,3.55,9.1,12.51,138,0.0
2015-10-02,0.71,0.71,4.14,8.9,12.18,136,0.0
2015-10-03,0.71,0.71,4.67,9.7,12.02,136,0.0
2015-10-04,0.71,0.71,2.63,8.1,12.2,135,0.0
2015-10-05,-1.0,0.0,1.42,8.8,12.51,135,0.0
2015-10-06,-1.0,0.0,3.11,13.2,12.73,135,0.0
2015-10-07,1.0,0.0,3.01,10.3,12.66,134,0.0
2015-10-08,0.0,1.0,2.18,9.4,12.44,146,0.0
2015-10-09,0.71,-0.71,5.42,10.8,12.43,148,0.0
2015-10-10,-1.0,0.0,5.09,9.15,13.02,146,0.0
2015-10-11,-1.0,0.0,4.56,18.8,13.77,143,0.0
2015-10-12,-0.71,-0.71,7.04,15.4,14.43,142,0.0
2015-10-13,0.71,-0.71,8.4,9.5,13.36,139,0.0
2015-10-14,-0.0,-1.0,3.97,10.0,12.52,138,0.0
2015-10-15,-0.71,-0.71,5.76,10.4,12.37,137,0.0
2015-10-16,0.71,-0.71,8.3,5.4,12.17,135,0.0
2015-10-17,1.0,0.0,3.32,5.4,11.98,134,0.0
2015-10-18,-0.71,0.71,2.36,3.2,11.88,134,0.0
2015-10-19,-1.0,0.0,4.21,12.6,11.76,135,0.0
2015-10-20,0.71,0.71,5.71,9.6,11.53,133,0.0
2015-10-21,0.71,0.71,4.59,8.3,11.14,135,0.0
2015-10-22,-1.0,0.0,3.16,7.5,10.9,134,0.0
2015-10-23,0.0,1.0,1.94,7.3,10.87,136,0.0
2015-10-24,0.71,-0.71,3.97,9.7,10.74,153,0.0
2015-10-25,1.0,0.0,3.56,7.7,10.66,153,0.0
2015-10-26,-0.71,0.71,1.27,5.6,10.67,163,0.0
2015-10-27,0.71,0.71,2.3,7.75,10.68,166,0.0
2015-10-28,0.71,0.71,3.82,7.9,10.67,189,0.0
2015-10-29,0.71,-0.71,8.08,6.3,10.52,218,0.0
2015-10-30,-1.0,0.0,3.61,6.5,10.36,213,0.0
2015-10-31,-1.0,0.0,3.43,8.0,10.33,214,0.0
2016-06-01,0.71,0.71,3.05,4.9,7.16,222,0.0
2016-06-02,-0.71,-0.71,5.55,12.7,6.08,208,0.0
2016-06-03,0.71,-0.71,0.6,15.9,5.92,203,0.0
2016-06-04,0.71,0.71,3.85,6.75,5.83,246,0.0
2016-06-05,,,,,6.15,266,0.0
2016-06-06,,,,,6.3,285,0.0
2016-06-07,-0.0,-1.0,2.87,14.1,5.27,272,0.0
2016-06-08,0.71,0.71,2.25,12.85,4.97,259,0.0
2016-06-09,0.71,0.71,1.97,9.5,5.14,242,0.0
2016-06-10,0.71,0.71,4.71,7.7,5.67,228,0.0
2016-06-11,-1.0,0.0,3.96,21.0,6.12,216,0.0
2016-06-12,0.71,0.71,3.01,10.5,6.61,203,0.0
2016-06-13,0.71,0.71,3.59,7.55,6.76,214,0.0
2016-06-14,0.71,0.71,3.04,6.7,7.08,210,0.0
2016-06-15,0.71,0.71,6.61,6.8,7.65,248,0.0
2016-06-16,0.71,-0.71,3.12,6.3,8.25,253,0.0
2016-06-17,1.0,0.0,3.4,10.05,8.7,230,0.0
2016-06-18,0.71,0.71,1.15,12.5,9.03,209,0.0
2016-06-19,1.0,0.0,2.5,13.5,9.22,194,0.0
2016-06-20,,,,,9.29,191,0.0
2016-06-21,-0.0,-1.0,6.26,19.1,9.47,179,0.0
2016-06-22,0.71,0.71,8.0,11.6,9.86,172,0.0
2016-06-23,1.0,0.0,0.0,18.7,10.44,182,0.0
2016-06-24,1.0,0.0,0.0,21.15,11.26,174,0.0
2016-06-25,1.0,0.0,0.0,19.4,11.58,182,0.0
2016-06-26,1.0,0.0,0.0,20.9,11.5,234,0.0
2016-06-27,,,,14.05,11.69,212,0.0
2016-06-28,,,,22.8,11.51,200,0.0
2016-06-29,,,,18.6,12.89,186,0.0
2016-06-30,,,,16.2,14.31,184,0.0
2016-07-01,,,,13.8,14.41,182,0.0
2016-07-02,,,,18.6,15.03,176,0.0
2016-07-03,,,,19.4,16.06,170,0.0
2016-07-04,,,,20.05,16.43,163,0.0
2016-07-05,,,,20.6,16.51,158,0.0
2016-07-06,,,,17.5,18.06,155,0.0
2016-07-07,,,,18.1,19.38,153,0.0
2016-07-08,,,,15.8,18.93,165,0.0
2016-07-09,,,,12.6,17.66,159,0.0
2016-07-10,,,,,17.16,156,0.0
2016-07-11,,,,,16.57,213,0.0
2016-07-12,,,,13.0,16.4,544,0.0
2016-07-13,,,,24.2,17.43,419,0.0
2016-07-14,-0.0,-1.0,5.54,18.4,17.35,346,0.0
2016-07-15,-1.0,0.0,2.14,15.1,16.97,313,0.0
2016-07-16,1.0,0.0,1.11,24.5,16.93,282,0.0
2016-07-17,-0.0,-1.0,4.77,20.6,17.41,259,0.0
2016-07-18,-1.0,0.0,1.18,17.0,17.12,238,0.0
2016-07-19,,,,,17.12,219,0.0
2016-07-20,,,,,16.99,204,0.0
2016-07-21,,,,,16.72,214,0.0
2016-07-22,-1.0,0.0,2.71,22.3,16.75,211,0.0
2016-07-23,0.71,0.71,5.63,18.8,16.83,196,0.0
2016-07-24,0.71,0.71,3.92,17.2,17.72,185,0.0
2016-07-25,-0.71,-0.71,3.9,25.8,18.38,178,0.0
2016-07-26,-0.71,-0.71,1.85,28.1,18.61,172,0.0
2016-07-27,0.71,0.71,4.11,20.1,18.19,170,0.0
2016-07-28,0.71,0.71,4.38,16.2,17.72,168,0.0
2016-07-29,0.71,0.71,3.41,16.8,17.46,164,0.0
2016-07-30,-0.71,0.71,2.47,17.2,17.85,162,0.0
2016-07-31,0.71,0.71,2.67,17.5,18.1,160,0.0
2016-08-01,0.71,0.71,2.58,20.0,18.4,156,0.0
2016-08-02,-0.0,-1.0,2.2,20.3,19.0,164,0.0
2016-08-03,-0.71,0.71,1.39,20.8,19.55,166,0.0
2016-08-04,-1.0,0.0,4.17,24.6,19.97,162,0.0
2016-08-05,-0.0,-1.0,5.86,19.9,20.16,157,0.0
2016-08-06,-0.0,-1.0,3.27,19.5,20.34,153,0.0
2016-08-07,-0.71,0.71,1.53,16.6,20.84,150,0.0
2016-08-08,-0.71,0.71,1.14,15.55,21.04,147,0.0
2016-08-09,-0.71,-0.71,4.42,25.2,21.02,146,0.0
2016-08-10,0.71,0.71,4.51,19.7,20.99,154,0.0
2016-08-11,0.71,0.71,3.82,14.3,20.72,168,0.0
2016-08-12,0.71,0.71,2.41,14.6,20.29,166,0.0
2016-08-13,-0.0,-1.0,2.04,16.85,20.02,163,0.0
2016-08-14,-0.0,-1.0,2.78,21.55,20.19,157,0.0
2016-08-15,1.0,0.0,1.2,23.0,20.54,152,0.0
2016-08-16,-0.71,0.71,0.68,20.45,20.91,154,0.0
2016-08-17,-0.0,-1.0,3.02,24.0,21.01,150,0.0
2016-08-18,-0.71,0.71,2.03,24.3,21.08,147,0.0
2016-08-19,-1.0,0.0,1.57,20.7,20.95,148,0.0
2016-08-20,,,,,20.73,153,0.0
2016-08-21,-0.0,-1.0,3.51,19.4,20.59,161,0.0
2016-08-22,-1.0,0.0,3.83,16.4,20.48,156,0.0
2016-08-23,-1.0,0.0,4.8,23.45,20.42,150,0.0
2016-08-24,-1.0,0.0,3.52,21.75,20.49,146,0.0
2016-08-25,-0.0,-1.0,4.71,20.4,20.57,144,0.0
2016-08-26,-0.0,-1.0,3.14,18.2,20.53,142,0.0
2016-08-27,-0.71,0.71,1.78,18.1,20.34,142,0.2
2016-08-28,-1.0,0.0,2.22,16.8,20.21,144,0.4
2016-08-29,-1.0,0.0,2.22,19.25,20.39,154,0.6
2016-08-30,0.71,-0.71,2.76,20.5,20.53,158,0.8
2016-08-31,-0.71,0.71,2.44,19.0,20.29,155,1.0
2016-09-01,0.71,0.71,3.58,17.7,19.93,149,0.8
2016-09-02,-0.71,0.71,2.68,15.8,19.13,145,0.6
2016-09-03,-0.71,0.71,1.96,16.25,19.1,143,0.4
2016-09-04,-1.0,0.0,4.1,18.6,19.2,142,0.2
2016-09-05,-1.0,0.0,4.24,21.8,19.39,173,0.0
2016-09-06,-1.0,0.0,3.73,21.3,19.3,188,0.0
2016-09-07,,,,,18.9,185,0.0
2016-09-08,,,,,18.53,191,0.0
2016-09-09,,,,,18.63,182,0.0
2016-09-10,,,,,18.68,175,0.0
2016-09-11,-1.0,0.0,3.21,13.75,18.68,167,0.0
2016-09-12,-1.0,0.0,3.2,21.65,18.67,161,0.0
2016-09-13,-0.0,-1.0,6.46,17.2,18.52,157,0.0
2016-09-14,0.71,-0.71,2.62,15.0,18.34,154,0.0
2016-09-15,-0.71,0.71,2.65,11.8,18.12,152,0.0
2016-09-16,-1.0,0.0,1.88,17.9,17.99,153,0.0
2016-09-17,-0.71,-0.71,2.05,16.0,17.84,154,0.0
2016-09-18,,,,,17.73,152,0.0
2016-09-19,-0.71,-0.71,2.62,16.8,17.43,151,0.0
2016-09-20,-0.71,0.71,2.41,12.7,17.14,149,0.0
2016-09-21,,,,,17.31,151,0.0
2016-09-22,,,,,17.34,158,0.0
2016-09-23,,,,,17.1,154,0.0
2016-09-24,,,,,16.65,152,0.0
2016-09-25,,,,,15.91,152,0.0
2016-09-26,,,,,14.87,153,0.0
2016-09-27,-0.0,-1.0,10.0,11.6,14.11,152,0.0
2016-09-28,0.71,0.71,6.1,14.5,13.61,153,0.0
2016-09-29,1.0,0.0,1.75,12.55,13.41,150,0.0
2016-09-30,,,,,13.21,149,0.0
2017-06-01,-1.0,0.0,1.56,7.3,5.63,236,0.0
2017-06-02,0.71,0.71,3.21,12.8,5.85,226,0.0
2017-06-03,0.71,0.71,3.64,8.0,6.05,227,0.0
2017-06-04,1.0,0.0,2.79,7.4,6.28,212,0.0
2017-06-05,1.0,0.0,3.16,7.5,6.56,200,0.0
2017-06-06,1.0,0.0,2.05,9.7,6.62,190,0.0
2017-06-07,,,,,6.5,182,0.0
2017-06-08,-0.71,0.71,1.56,12.3,6.25,176,0.0
2017-06-09,1.0,0.0,2.94,10.1,6.26,172,0.0
2017-06-10,0.71,0.71,5.09,8.9,7.42,169,0.0
2017-06-11,0.0,1.0,3.39,14.25,10.06,167,0.0
2017-06-12,0.71,0.71,1.15,13.25,11.33,167,0.0
2017-06-13,0.71,0.71,11.17,10.7,11.45,173,0.0
2017-06-14,0.71,0.71,3.42,9.4,11.64,178,0.0
2017-06-15,-0.0,-1.0,1.92,6.8,12.06,170,0.0
2017-06-16,-0.71,-0.71,5.4,21.3,12.48,163,0.0
2017-06-17,-0.71,-0.71,3.65,19.2,13.18,161,0.0
2017-06-18,1.0,0.0,6.1,14.95,13.63,164,0.0
2017-06-19,,,,,13.75,163,0.0
2017-06-20,,,,,13.47,160,0.0
2017-06-21,0.71,0.71,6.83,18.65,13.25,156,0.0
2017-06-22,1.0,0.0,8.9,12.2,13.39,153,0.0
2017-06-23,-0.0,-1.0,7.2,16.7,13.58,151,0.0
2017-06-24,,,,,13.32,149,0.0
2017-06-25,-0.0,-1.0,9.3,14.0,13.0,149,0.0
2017-06-26,-0.71,-0.71,3.53,16.4,12.91,149,0.0
2017-06-27,-0.71,-0.71,4.3,14.0,12.86,147,0.0
2017-06-28,0.71,0.71,6.8,15.7,12.46,163,0.0
2017-06-29,-0.71,-0.71,2.15,13.5,12.46,222,0.0
2017-06-30,,,,,12.6,220,0.0
2017-07-01,0.71,0.71,1.4,14.25,12.63,200,0.0
2017-07-02,-1.0,0.0,2.5,13.15,12.54,171,0.0
2017-07-03,,,,,12.92,159,0.0
2017-07-04,-0.71,0.71,1.84,12.7,13.64,152,0.0
2017-07-05,-0.0,-1.0,2.52,16.6,14.25,163,0.0
2017-07-06,-0.0,-1.0,3.94,26.9,14.6,175,0.0
2017-07-07,1.0,0.0,1.57,16.0,14.86,186,0.2
2017-07-08,-1.0,0.0,3.56,14.4,15.01,179,0.4
2017-07-09,-0.71,-0.71,1.85,18.7,15.02,174,0.6
2017-07-10,0.71,0.71,1.6,14.6,15.13,170,0.8
2017-07-11,0.71,0.71,2.3,21.5,15.31,163,1.0
2017-07-12,0.71,0.71,10.6,15.7,15.13,165,0.8
2017-07-13,1.0,0.0,2.23,9.7,14.77,164,0.6
2017-07-14,-0.71,-0.71,1.42,10.85,14.37,159,0.4
2017-07-15,-0.0,-1.0,3.84,21.0,14.18,155,0.2
2017-07-16,0.71,0.71,6.8,14.5,13.92,152,0.0
2017-07-17,1.0,0.0,3.12,15.15,13.38,150,0.0
2017-07-18,-0.71,0.71,2.43,17.4,13.92,156,0.0
2017-07-19,0.71,0.71,2.45,20.2,14.61,154,0.0
2017-07-20,-1.0,0.0,2.8,27.4,15.31,151,0.0
2017-07-21,0.71,0.71,6.1,18.0,16.29,152,0.0
2017-07-22,1.0,0.0,4.9,15.6,15.94,164,0.0
2017-07-23,0.71,0.71,3.35,14.0,16.38,157,0.0
2017-07-24,1.0,0.0,2.25,13.1,16.5,152,0.0
2017-07-25,-1.0,0.0,3.21,21.9,16.44,150,0.0
2017-07-26,-0.0,-1.0,2.89,21.4,18.03,155,0.0
2017-07-27,-1.0,0.0,1.63,15.4,18.85,153,0.0
2017-07-28,1.0,0.0,4.4,19.2,19.3,148,0.0
2017-07-29,0.71,-0.71,2.12,22.65,19.92,144,0.0
2017-07-30,-1.0,0.0,1.95,23.9,20.85,143,0.0
2017-07-31,-0.71,0.71,1.2,20.5,21.27,141,0.0
2017-08-01,-0.71,-0.71,2.5,28.7,21.36,140,0.0
2017-08-02,0.71,0.71,8.94,18.3,21.04,139,0.0
2017-08-03,0.71,0.71,3.77,14.05,20.4,160,0.0
2017-08-04,0.71,0.71,3.05,14.9,19.4,185,0.0
2017-08-05,-0.0,-1.0,3.26,20.6,18.34,169,0.2
2017-08-06,1.0,0.0,4.32,18.0,17.84,159,0.4
2017-08-07,-0.71,0.71,1.52,12.9,18.12,151,0.6
2017-08-08,-0.71,-0.71,3.89,,18.25,146,0.8
2017-08-09,0.71,0.71,7.92,19.1,18.04,145,1.0
2017-08-10,0.71,0.71,6.87,16.8,17.56,167,0.8
2017-08-11,,,,,17.34,168,0.6
2017-08-12,-0.0,-1.0,2.45,24.3,17.72,159,0.4
2017-08-13,-0.71,0.71,2.29,20.05,18.14,152,0.2
2017-08-14,0.71,0.71,6.2,19.7,18.12,152,0.0
2017-08-15,0.71,0.71,3.72,19.5,18.06,151,0.0
2017-08-16,0.71,0.71,2.74,18.1,18.19,150,0.0
2017-08-17,0.71,0.71,4.83,15.85,18.22,189,0.0
2017-08-18,-0.0,-1.0,2.0,21.4,18.19,189,0.0
2017-08-19,-1.0,0.0,3.12,24.4,18.24,172,0.0
2017-08-20,-0.0,-1.0,3.68,29.9,18.57,164,0.0
2017-08-21,0.71,0.71,1.98,22.4,18.6,157,0.0
2017-08-22,0.71,-0.71,5.88,16.5,18.51,153,0.0
2017-08-23,0.71,-0.71,1.78,28.0,18.38,150,0.0
2017-08-24,-0.71,0.71,2.44,23.8,18.25,149,0.0
2017-08-25,-0.71,0.71,3.47,25.8,18.17,147,0.0
2017-08-26,-0.71,0.71,1.9,15.65,18.23,166,0.0
2017-08-27,-0.0,-1.0,3.31,18.9,18.38,250,0.0
2017-08-28,1.0,0.0,2.85,23.2,18.52,228,0.0
2017-08-29,-0.71,0.71,1.01,14.7,18.57,200,0.0
2017-08-30,0.71,0.71,5.34,25.6,18.54,183,0.0
2017-08-31,-0.71,0.71,1.57,11.9,18.28,173,0.0
2017-09-01,-1.0,0.0,2.32,12.9,18.02,162,0.0
2017-09-02,-1.0,0.0,3.94,17.3,18.1,160,0.0
2017-09-03,-0.71,0.71,2.26,15.1,18.28,158,0.0
2017-09-04,0.71,-0.71,6.67,17.5,18.44,156,0.0
2017-09-05,0.71,-0.71,9.27,16.0,18.03,156,0.0
2017-09-06,1.0,0.0,3.37,17.5,17.51,154,0.0
2017-09-07,0.71,0.71,0.8,16.95,17.1,152,0.0
2017-09-08,-0.71,0.71,2.21,10.3,16.84,152,0.0
2017-09-09,-0.71,0.71,2.56,17.1,16.52,150,0.0
2017-09-10,-1.0,0.0,2.11,29.7,16.39,149,0.0
2017-09-11,-0.71,-0.71,4.09,19.1,16.8,148,0.0
2017-09-12,-0.71,0.71,1.02,11.9,17.05,147,0.0
2017-09-13,,,,,17.12,146,0.0
2017-09-14,-0.71,0.71,1.55,22.4,17.13,146,0.0
2017-09-15,0.71,0.71,7.94,16.45,16.6,146,0.0
2017-09-16,0.71,0.71,7.81,10.7,16.6,157,0.0
2017-09-17,-1.0,0.0,3.4,15.5,16.69,166,0.0
2017-09-18,-0.71,0.71,1.49,11.4,16.58,160,0.0
2017-09-19,-0.71,0.71,1.18,14.7,16.61,155,0.0
2017-09-20,-0.71,0.71,3.83,18.0,16.71,167,0.0
2017-09-21,-0.71,0.71,2.69,24.05,17.03,164,0.0
2017-09-22,-1.0,0.0,4.86,20.7,16.97,168,0.0
2017-09-23,1.0,0.0,0.67,33.85,16.7,174,0.0
2017-09-24,0.71,0.71,2.5,19.5,16.35,172,0.0
2017-09-25,-0.0,-1.0,3.31,19.65,16.01,173,0.0
2017-09-26,0.71,0.71,4.53,15.8,15.82,204,0.0
2017-09-27,-0.0,-1.0,10.2,13.9,15.72,200,0.0
2017-09-28,-0.71,0.71,2.08,10.6,15.66,186,0.0
2017-09-29,,,,,15.62,183,0.0
2017-09-30,,,,,15.62,172,0.0
2017-10-01,-0.71,0.71,2.74,15.7,15.63,166,0.0
2017-10-02,-0.71,0.71,4.05,16.8,15.66,174,0.0
2017-10-03,-0.0,-1.0,5.11,17.2,15.78,545,0.0
2017-10-04,-0.0,-1.0,5.26,16.3,15.86,499,0.0
2017-10-05,,,,,15.75,406,0.0
2017-10-06,,,,,15.63,373,0.0
2017-10-07,-1.0,0.0,2.76,17.35,15.55,353,0.0
2017-10-08,-0.71,0.71,2.95,12.7,15.46,326,0.0
2017-10-09,-0.71,0.71,2.8,14.6,15.37,292,0.0
2017-10-10,-0.71,0.71,1.81,2.3,15.19,268,0.0
2017-10-11,-0.71,0.71,1.51,2.0,15.09,250,0.0
2017-10-12,-0.71,0.71,2.12,13.1,14.93,236,0.0
2017-10-13,-1.0,0.0,6.2,13.7,14.6,225,0.0
2017-10-14,0.0,1.0,4.33,2.9,14.31,215,0.0
2017-10-15,0.71,0.71,7.04,10.8,14.03,250,0.0
2017-10-16,-1.0,0.0,2.88,,13.64,244,0.0
2017-10-17,-0.71,0.71,2.65,,13.44,237,0.0
2017-10-18,-1.0,0.0,5.7,,13.51,226,0.0
2017-10-19,0.71,0.71,2.05,,13.54,210,0.0
2017-10-20,-1.0,0.0,4.48,,13.6,200,0.0
2017-10-21,-1.0,0.0,6.93,,13.54,196,0.0
2017-10-22,-0.71,-0.71,4.46,,13.36,194,0.0
2017-10-23,-0.0,-1.0,6.5,,13.2,189,0.0
2017-10-24,0.71,-0.71,10.56,,13.12,190,0.0
2017-10-25,0.71,-0.71,4.86,,12.98,188,0.0
2017-10-26,-0.71,0.71,2.66,,13.03,184,0.0
2017-10-27,1.0,0.0,12.84,,13.04,225,0.0
2017-10-28,1.0,0.0,10.65,2.7,12.94,268,0.0
2017-10-29,-1.0,0.0,3.97,1.8,12.67,254,0.0
2017-10-30,-0.0,-1.0,6.93,3.35,11.96,246,0.0
2017-10-31,0.71,-0.71,10.46,1.6,10.2,242,0.0
2020-06-01,0.71,0.71,3.23,15.05,5.52,200,0.0
2020-06-02,-0.0,-1.0,2.5,13.5,5.65,183,0.0
2020-06-03,-0.0,-1.0,2.82,19.6,5.98,174,0.0
2020-06-04,-0.71,0.71,2.81,17.2,6.45,170,0.0
2020-06-05,-0.0,-1.0,3.14,18.4,6.75,165,0.0
2020-06-06,0.71,0.71,4.31,13.6,6.8,162,0.0
2020-06-07,0.71,0.71,5.9,9.9,6.65,161,0.0
2020-06-08,0.71,0.71,5.54,7.4,6.62,160,0.0
2020-06-09,1.0,0.0,4.19,7.9,7.21,155,0.0
2020-06-10,-0.0,-1.0,4.47,13.1,7.47,158,0.0
2020-06-11,-0.0,-1.0,5.0,13.1,7.58,155,0.0
2020-06-12,1.0,0.0,3.3,9.7,7.67,152,0.0
2020-06-13,0.71,0.71,4.89,8.7,7.62,148,0.0
2020-06-14,1.0,0.0,3.84,8.7,7.48,146,0.0
2020-06-15,0.71,0.71,3.17,11.8,7.6,145,0.0
2020-06-16,0.71,0.71,3.02,10.8,7.95,144,0.0
2020-06-17,-1.0,0.0,3.73,21.8,8.63,142,0.0
2020-06-18,-1.0,0.0,2.83,23.2,9.63,140,0.0
2020-06-19,-0.0,-1.0,3.48,18.2,10.72,139,0.0
2020-06-20,0.71,0.71,3.06,14.5,11.66,139,0.0
2020-06-21,1.0,0.0,2.16,13.75,12.21,141,0.0
2020-06-22,-0.0,-1.0,2.29,15.2,13.57,139,0.0
2020-06-23,0.71,-0.71,1.58,16.6,15.01,136,0.0
2020-06-24,-0.0,-1.0,2.53,17.0,15.35,136,0.0
2020-06-25,-0.71,0.71,2.01,19.1,15.27,134,0.0
2020-06-26,-1.0,0.0,3.77,23.1,15.7,134,0.0
2020-06-27,-0.0,-1.0,2.57,20.7,16.63,133,0.0
2020-06-28,0.71,0.71,4.46,19.3,17.77,132,0.0
2020-06-29,0.71,0.71,4.3,14.1,17.84,142,0.0
2020-06-30,1.0,0.0,3.78,13.2,17.88,144,0.0
2020-07-01,0.71,0.71,2.38,13.25,18.07,141,0.0
2020-07-02,1.0,0.0,1.14,17.4,18.18,140,0.0
2020-07-03,-0.71,0.71,2.77,22.0,18.44,135,0.0
2020-07-04,0.71,0.71,1.83,18.8,18.59,134,0.0
2020-07-05,1.0,0.0,2.6,20.9,19.34,132,0.0
2020-07-06,-1.0,0.0,2.7,20.3,19.71,133,0.0
2020-07-07,-1.0,0.0,1.62,20.1,19.91,138,0.0
2020-07-08,-0.71,0.71,2.12,21.4,19.83,192,0.0
2020-07-09,-0.71,-0.71,4.26,20.8,19.31,455,0.0
2020-07-10,-0.0,-1.0,3.58,22.6,18.93,266,0.0
2020-07-11,-1.0,0.0,2.15,19.8,19.48,221,0.0
2020-07-12,1.0,0.0,1.26,19.7,19.99,198,0.0
2020-07-13,-0.71,0.71,2.05,20.8,20.2,179,0.0
2020-07-14,-0.71,0.71,2.53,20.0,19.95,187,0.0
2020-07-15,-1.0,0.0,3.45,20.3,19.69,204,0.0
2020-07-16,-1.0,0.0,4.63,22.9,19.86,182,0.0
2020-07-17,0.71,0.71,2.31,22.3,20.3,176,0.0
2020-07-18,0.71,0.71,2.52,24.0,20.9,277,0.0
2020-07-19,-0.0,-1.0,5.68,21.2,20.6,441,0.0
2020-07-20,1.0,0.0,4.42,18.8,20.34,315,0.0
2020-07-21,-0.71,0.71,2.81,16.5,19.93,374,0.0
2020-07-22,1.0,0.0,6.2,13.0,18.68,407,0.0
2020-07-23,0.71,0.71,2.34,13.8,16.89,344,0.0
2020-07-24,0.71,0.71,2.66,15.9,16.96,294,0.0
2020-07-25,-1.0,0.0,3.53,25.65,17.85,268,0.0
2020-07-26,-0.0,-1.0,2.73,22.8,18.39,253,0.0
2020-07-27,-0.0,-1.0,4.18,20.8,18.49,235,0.0
2020-07-28,-0.71,-0.71,3.4,20.7,18.85,219,0.0
2020-07-29,-1.0,0.0,1.82,18.9,19.53,206,0.0
2020-07-30,-0.71,0.71,1.89,19.3,20.07,196,0.0
2020-07-31,-0.71,0.71,1.54,19.8,20.31,190,0.0
2020-08-01,-0.71,0.71,2.24,21.2,20.47,195,0.0
2020-08-02,0.71,0.71,7.25,17.6,20.26,193,0.0
2020-08-03,-0.71,0.71,1.42,14.8,19.78,182,0.0
2020-08-04,0.71,0.71,2.35,16.5,19.19,175,0.0
2020-08-05,-0.71,0.71,2.37,17.1,18.8,171,0.0
2020-08-06,-0.71,0.71,2.35,19.7,18.97,168,0.0
2020-08-07,-1.0,0.0,2.91,21.2,19.44,164,0.0
2020-08-08,-1.0,0.0,3.32,24.1,20.05,394,0.0
2020-08-09,-1.0,0.0,1.97,23.1,20.32,416,0.0
2020-08-10,-0.0,-1.0,2.92,19.8,20.3,589,0.0
2020-08-11,-1.0,0.0,4.09,20.1,20.39,395,0.0
2020-08-12,-1.0,0.0,2.32,22.6,20.5,322,0.0
2020-08-13,-0.71,0.71,2.55,19.1,20.26,305,0.0
2020-08-14,-1.0,0.0,4.0,24.0,19.84,284,0.0
2020-08-15,-0.0,-1.0,4.89,19.2,19.25,271,0.0
2020-08-16,-0.0,-1.0,2.49,18.7,19.16,249,0.0
2020-08-17,-0.0,-1.0,2.39,18.2,19.28,235,0.0
2020-08-18,-0.71,0.71,1.81,17.2,19.41,222,0.0
2020-08-19,-1.0,0.0,3.26,19.8,19.5,211,0.0
2020-08-20,-1.0,0.0,4.33,20.2,19.47,205,0.0
2020-08-21,0.71,0.71,3.99,18.4,19.27,195,0.0
2020-08-22,0.71,0.71,2.7,16.8,18.88,241,0.0
2020-08-23,0.71,0.71,2.19,15.4,18.75,282,0.0
2020-08-24,-0.0,-1.0,2.27,16.9,18.84,229,0.0
2020-08-25,-0.71,0.71,2.99,19.2,18.99,213,0.0
2020-08-26,0.71,0.71,3.01,18.3,18.95,209,0.0
2020-08-27,1.0,0.0,1.61,20.9,18.85,209,0.0
2020-08-28,0.71,0.71,2.85,18.6,18.6,203,0.0
2020-08-29,-0.0,-1.0,4.95,17.9,18.18,197,0.0
2020-08-30,-0.71,0.71,2.24,16.7,18.11,193,0.0
2020-08-31,-0.71,0.71,4.57,17.4,17.97,199,0.0
2020-09-01,-1.0,0.0,3.64,15.8,17.46,192,0.2
2020-09-02,-0.71,-0.71,5.24,17.4,17.13,184,0.4
2020-09-03,-0.0,-1.0,8.25,17.4,16.91,178,0.6
2020-09-04,-0.71,-0.71,4.95,15.4,16.7,170,0.8
2020-09-05,-0.0,-1.0,2.74,15.1,16.69,167,1.0
2020-09-06,-0.71,0.71,3.55,16.7,16.52,166,0.8
2020-09-07,-0.0,-1.0,7.96,13.6,15.97,163,0.6
2020-09-08,1.0,0.0,4.77,10.6,15.22,160,0.4
2020-09-09,-0.71,0.71,1.64,8.3,14.65,158,0.2
2020-09-10,-0.71,0.71,2.34,7.1,14.32,156,0.0
2020-09-11,-0.71,0.71,2.56,10.6,14.18,154,0.0
2020-09-12,1.0,0.0,1.32,13.4,14.12,160,0.0
2020-09-13,-0.0,-1.0,3.05,14.8,13.92,159,0.0
2020-09-14,-0.71,0.71,2.64,11.9,13.64,155,0.0
2020-09-15,-0.71,-0.71,4.28,18.3,13.54,154,0.0
2020-09-16,-0.0,-1.0,2.87,14.9,13.38,152,0.0
2020-09-17,1.0,0.0,3.46,10.4,13.26,150,0.0
2020-09-18,-0.71,0.71,1.82,6.5,13.14,149,0.0
2020-09-19,-1.0,0.0,3.36,9.7,13.14,149,0.2
2020-09-20,-1.0,0.0,3.56,16.0,13.33,149,0.4
2020-09-21,-1.0,0.0,7.07,18.0,13.69,146,0.6
2020-09-22,-1.0,0.0,2.16,17.8,13.82,146,0.8
2020-09-23,-1.0,0.0,1.27,15.8,13.66,153,1.0
2020-09-24,0.71,0.71,5.26,12.8,13.49,187,0.8
2020-09-25,0.71,0.71,4.12,9.4,13.19,175,0.6
2020-09-26,0.71,0.71,1.23,12.0,12.74,173,0.4
2020-09-27,-0.71,-0.71,3.85,13.6,12.39,170,0.2
2020-09-28,-0.0,-1.0,3.87,11.0,11.92,164,0.0
2020-09-29,-0.0,-1.0,4.03,11.2,11.36,160,0.0
2020-09-30,-0.0,-1.0,4.94,10.6,11.07,157,0.0
2020-10-01,1.0,0.0,5.63,9.3,10.98,155,0.0
2020-10-02,1.0,0.0,4.4,5.6,10.94,153,0.0
2020-10-03,-0.71,0.71,1.86,3.8,10.82,152,0.0
2020-10-04,-0.71,0.71,1.55,2.0,10.78,152,0.0
2020-10-05,-1.0,0.0,6.73,10.0,10.82,152,0.0
2020-10-06,-1.0,0.0,4.02,14.7,10.88,151,0.0
2020-10-07,-0.0,-1.0,4.26,12.7,10.93,150,0.0
2020-10-08,-0.0,-1.0,2.56,11.2,10.87,149,0.0
2020-10-09,-0.71,-0.71,3.27,14.0,10.87,149,0.0
2020-10-10,0.71,-0.71,5.67,11.4,10.8,148,0.0
2020-10-11,0.0,1.0,2.58,7.0,10.56,148,0.0
2020-10-12,-0.0,-1.0,4.83,14.4,10.18,172,0.0
2020-10-13,-1.0,0.0,5.16,11.9,9.73,174,0.0
2020-10-14,-1.0,0.0,2.59,8.4,9.59,170,0.0
2020-10-15,0.71,-0.71,8.57,5.6,9.61,174,0.0
2020-10-16,-0.0,-1.0,5.43,3.9,9.5,165,0.0
2020-10-17,-1.0,0.0,2.55,1.3,9.07,162,0.0
2020-10-18,-0.0,-1.0,5.84,1.5,8.59,163,0.0
2020-10-19,-0.71,-0.71,4.04,1.3,8.66,159,0.0
2020-10-20,-0.71,0.71,1.44,0.0,8.85,159,0.0
2020-10-21,-0.71,-0.71,3.73,0.9,8.5,164,0.0
2020-10-22,0.71,0.71,4.95,3.0,7.98,167,0.0
2020-10-23,1.0,0.0,8.71,2.8,7.37,181,0.0
2020-10-24,-0.0,-1.0,7.12,0.1,6.51,183,0.0
2020-10-25,0.71,-0.71,3.69,-0.6,6.4,177,0.0
2020-10-26,0.71,-0.71,5.92,-1.1,6.33,172,0.0
2020-10-27,-1.0,0.0,3.87,-1.6,6.3,166,0.0
2020-10-28,-1.0,0.0,4.96,1.9,6.22,162,0.0
2020-10-29,1.0,0.0,5.36,-0.7,6.14,163,0.0
2020-10-30,-0.71,0.71,1.48,-1.1,6.07,162,0.0
2020-10-31,,,,,5.97,163,0.0
2021-06-01,0.71,0.71,1.8,12.0,7.29,163,0.0
2021-06-02,1.0,0.0,2.7,12.0,7.63,157,0.0
2021-06-03,-1.0,0.0,1.97,13.4,8.46,153,0.0
2021-06-04,1.0,0.0,1.49,11.7,9.08,150,0.0
2021-06-05,-1.0,0.0,4.94,25.9,9.39,147,0.0
2021-06-06,0.71,0.71,3.94,31.1,10.0,143,0.0
2021-06-07,-1.0,0.0,3.49,21.8,10.32,139,0.0
2021-06-08,0.71,0.71,3.41,16.5,10.57,139,0.0
2021-06-09,0.71,0.71,5.52,12.3,10.82,138,0.0
2021-06-10,0.71,-0.71,2.87,11.1,10.85,138,0.0
2021-06-11,0.71,0.71,7.55,7.9,10.61,138,0.0
2021-06-12,-0.0,-1.0,3.96,11.6,10.64,137,0.0
2021-06-13,-0.71,0.71,3.44,17.3,11.64,135,0.0
2021-06-14,-1.0,0.0,2.99,16.15,11.34,134,0.0
2021-06-15,1.0,0.0,3.11,14.4,11.44,134,0.0
2021-06-16,0.71,0.71,2.79,13.9,11.8,134,0.0
2021-06-17,-0.0,-1.0,2.89,16.2,13.1,137,0.0
2021-06-18,-0.71,-0.71,4.47,21.75,14.49,136,0.0
2021-06-19,1.0,0.0,2.7,15.2,14.97,133,0.0
2021-06-20,0.0,1.0,1.32,13.7,14.85,139,0.0
2021-06-21,0.71,-0.71,5.69,13.7,14.82,151,0.0
2021-06-22,-0.0,-1.0,3.08,14.1,15.46,141,0.0
2021-06-23,-1.0,0.0,5.47,18.75,15.95,134,0.0
2021-06-24,1.0,0.0,3.29,21.75,16.31,152,0.0
2021-06-25,1.0,0.0,2.9,18.1,16.64,138,0.0
2021-06-26,0.71,0.71,2.6,16.15,16.85,136,0.0
2021-06-27,-1.0,0.0,1.76,16.4,17.28,137,0.0
2021-06-28,0.71,0.71,1.71,17.15,17.64,140,0.0
2021-06-29,0.71,-0.71,1.84,19.0,18.34,139,0.0
2021-06-30,-1.0,0.0,2.68,21.6,18.77,137,0.0
2021-07-01,0.71,0.71,6.15,15.4,18.65,134,0.0
2021-07-02,-0.71,0.71,2.0,13.15,18.25,133,0.0
2021-07-03,-1.0,0.0,3.61,24.95,18.27,132,0.0
2021-07-04,-1.0,0.0,4.44,24.95,18.49,131,0.0
2021-07-05,-0.0,-1.0,3.61,27.0,19.03,129,0.0
2021-07-06,0.71,0.71,2.81,18.85,19.51,138,0.0
2021-07-07,0.71,0.71,4.77,12.6,18.86,145,0.0
2021-07-08,-0.71,0.71,2.58,9.4,17.87,137,0.0
2021-07-09,1.0,0.0,1.68,14.6,17.4,132,0.0
2021-07-10,1.0,0.0,1.39,17.45,17.69,129,0.0
2021-07-11,-0.71,0.71,2.01,19.5,18.16,128,0.0
2021-07-12,0.71,0.71,2.21,18.35,18.45,125,0.0
2021-07-13,-0.71,0.71,2.49,20.75,18.78,125,0.0
2021-07-14,0.71,0.71,3.52,19.4,19.0,127,0.2
2021-07-15,0.71,0.71,2.51,17.0,18.61,127,0.4
2021-07-16,-0.71,0.71,1.91,19.7,18.88,125,0.6
2021-07-17,1.0,0.0,1.52,18.9,19.15,124,0.8
2021-07-18,-1.0,0.0,1.48,20.7,19.25,124,1.0
2021-07-19,-1.0,0.0,2.73,24.3,19.33,124,0.8
2021-07-20,0.71,0.71,3.08,19.6,19.66,124,0.6
2021-07-21,0.71,0.71,2.79,16.3,19.48,125,0.4
2021-07-22,0.71,0.71,3.13,17.8,19.04,128,0.2
2021-07-23,0.71,0.71,3.97,16.8,18.81,128,0.0
2021-07-24,-0.0,-1.0,3.65,20.4,19.39,146,0.0
2021-07-25,-0.0,-1.0,3.82,22.7,19.7,145,0.0
2021-07-26,-0.71,0.71,2.63,22.2,20.09,141,0.0
2021-07-27,0.71,0.71,4.26,19.9,20.29,167,0.0
2021-07-28,0.71,0.71,2.08,20.1,20.27,142,0.0
2021-07-29,-1.0,0.0,1.82,20.5,20.3,136,0.0
2021-07-30,-0.71,0.71,1.91,19.3,20.4,132,0.0
2021-07-31,-0.0,-1.0,3.29,21.5,20.39,131,0.0
2021-08-01,1.0,0.0,4.27,20.1,20.45,127,0.0
2021-08-02,-0.71,0.71,1.89,18.3,20.5,128,0.0
2021-08-03,-1.0,0.0,2.87,21.3,20.57,127,0.0
2021-08-04,-1.0,0.0,3.25,24.1,20.67,127,0.0
2021-08-05,-1.0,0.0,4.24,22.2,20.79,129,0.0
2021-08-06,-1.0,0.0,3.18,21.2,21.02,128,0.0
2021-08-07,0.71,0.71,3.92,18.7,20.9,129,0.0
2021-08-08,0.71,0.71,4.44,12.6,20.46,131,0.0
2021-08-09,1.0,0.0,2.11,17.2,20.1,131,0.0
2021-08-10,0.71,0.71,2.15,18.4,20.19,130,0.0
2021-08-11,-1.0,0.0,4.05,21.8,20.2,130,0.0
2021-08-12,-0.0,-1.0,4.86,21.6,20.25,127,0.0
2021-08-13,-0.0,-1.0,3.25,17.5,20.28,126,0.0
2021-08-14,-1.0,0.0,2.23,17.9,20.41,126,0.0
2021-08-15,-1.0,0.0,5.19,24.1,20.57,128,0.0
2021-08-16,-1.0,0.0,5.37,23.8,20.71,125,0.0
2021-08-17,-1.0,0.0,5.33,23.0,20.94,124,0.0
2021-08-18,-1.0,0.0,3.62,24.8,21.36,127,0.0
2021-08-19,-1.0,0.0,2.68,24.7,21.48,124,0.0
2021-08-20,-1.0,0.0,3.64,26.6,21.44,124,0.0
2021-08-21,-0.0,-1.0,6.22,21.7,20.88,125,0.0
2021-08-22,-0.71,0.71,3.12,17.4,20.34,125,0.0
2021-08-23,-0.0,-1.0,3.83,20.6,20.07,125,0.0
2021-08-24,0.71,0.71,3.92,18.0,19.79,125,0.0
2021-08-25,-0.0,-1.0,2.99,18.5,19.46,125,0.0
2021-08-26,0.71,0.71,3.03,18.3,19.16,125,0.0
2021-08-27,0.71,0.71,3.65,12.5,18.69,127,0.0
2021-08-28,0.71,0.71,4.02,12.4,17.98,144,0.0
2021-08-29,-0.0,-1.0,4.4,19.4,17.53,185,0.0
2021-08-30,-0.0,-1.0,3.09,18.3,17.5,155,0.0
2021-08-31,0.71,0.71,3.75,17.8,17.62,145,0.0
2021-09-01,0.71,0.71,3.23,15.9,17.66,137,0.0
2021-09-02,-0.71,0.71,2.02,15.2,17.64,132,0.0
2021-09-03,-0.71,0.71,2.13,17.6,17.57,131,0.0
2021-09-04,-0.71,-0.71,2.29,15.8,17.51,131,0.0
2021-09-05,-0.0,-1.0,4.34,16.7,17.43,132,0.0
2021-09-06,1.0,0.0,2.53,16.6,17.51,130,0.0
2021-09-07,-0.0,-1.0,4.65,18.6,17.54,136,0.0
2021-09-08,-0.0,-1.0,4.92,16.8,17.5,134,0.0
2021-09-09,-1.0,0.0,2.23,15.6,17.53,132,0.0
2021-09-10,-0.71,0.71,2.05,15.5,17.57,131,0.0
2021-09-11,-1.0,0.0,3.57,19.5,17.63,130,0.0
2021-09-12,0.71,-0.71,3.5,17.6,17.66,128,0.0
2021-09-13,0.71,0.71,3.24,13.9,17.57,128,0.0
2021-09-14,-0.0,-1.0,4.74,16.2,17.54,157,0.0
2021-09-15,-1.0,0.0,2.44,15.0,17.54,149,0.0
2021-09-16,-1.0,0.0,6.17,20.3,17.66,144,0.0
2021-09-17,-0.0,-1.0,5.42,18.8,17.63,159,0.0
2021-09-18,-0.71,0.71,2.74,14.0,17.61,152,0.0
2021-09-19,-1.0,0.0,5.27,21.3,17.87,148,0.0
2021-09-20,-1.0,0.0,5.66,23.9,18.23,206,0.0
2021-09-21,0.71,-0.71,6.88,15.3,17.68,290,0.0
2021-09-22,-0.71,0.71,2.17,14.6,17.43,274,0.0
2021-09-23,-0.71,0.71,1.62,13.0,17.35,238,0.0
2021-09-24,-1.0,0.0,2.68,11.7,17.23,216,0.0
2021-09-25,-0.71,-0.71,4.82,12.4,16.94,202,0.0
2021-09-26,-1.0,0.0,3.42,15.6,16.62,184,0.0
2021-09-27,0.71,0.71,4.03,14.6,16.26,173,0.0
2021-09-28,-0.71,0.71,2.53,11.4,15.9,162,0.0
2021-09-29,-0.71,0.71,3.25,12.2,15.56,155,0.0
2021-09-30,1.0,0.0,2.13,11.6,15.48,151,0.0
2021-10-01,0.71,-0.71,0.65,12.8,15.58,148,0.0
2021-10-02,-0.71,0.71,1.42,16.3,15.65,151,0.0
2021-10-03,0.71,0.71,4.1,14.6,15.65,158,0.0
2021-10-04,1.0,0.0,1.58,14.6,15.62,160,0.0
2021-10-05,-0.71,0.71,1.57,12.8,15.41,156,0.0
2021-10-06,0.71,0.71,2.19,14.4,15.0,151,0.0
2021-10-07,0.71,0.71,3.65,14.3,14.59,146,0.0
2021-10-08,0.71,0.71,2.67,14.1,14.59,146,0.0
2021-10-09,0.71,0.71,3.42,14.6,14.81,158,0.0
2021-10-10,-0.71,0.71,2.98,17.9,15.09,157,0.0
2021-10-11,-0.71,-0.71,3.35,14.2,14.62,152,0.0
2021-10-12,-0.0,-1.0,1.61,14.9,14.01,149,0.0
2021-10-13,0.0,1.0,2.26,15.0,13.66,148,0.0
2021-10-14,-0.71,-0.71,5.09,12.1,13.53,144,0.0
2021-10-15,-0.71,-0.71,4.17,9.9,13.44,142,0.0
2021-10-16,-0.0,-1.0,5.39,9.1,13.36,140,0.0
2021-10-17,-1.0,0.0,3.62,11.3,13.37,139,0.0
2021-10-18,-0.71,0.71,2.91,9.1,13.43,138,0.0
2021-10-19,-1.0,0.0,1.56,13.0,13.5,137,0.0
2021-10-20,0.71,0.71,6.63,9.9,13.41,136,0.0
2021-10-21,0.71,0.71,5.94,6.2,13.22,138,0.0
2021-10-22,1.0,0.0,3.11,5.0,12.87,137,0.0
2021-10-23,-1.0,0.0,2.12,5.1,12.57,137,0.0
2021-10-24,0.71,0.71,4.26,7.15,12.51,135,0.0
2021-10-25,0.71,0.71,4.22,6.6,12.42,134,0.0
2021-10-26,0.0,1.0,2.13,5.3,12.15,134,0.0
2021-10-27,0.0,1.0,2.32,5.9,11.69,136,0.0
2021-10-28,0.71,0.71,2.37,9.7,11.32,140,0.0
2021-10-29,1.0,0.0,4.72,10.2,11.14,141,0.0
2021-10-30,-0.71,0.71,1.71,5.1,11.04,139,0.0
2021-10-31,0.71,-0.71,8.46,6.9,11.0,138,0.0
2022-06-01,-0.0,-1.0,5.35,11.6,4.68,214,0.0
2022-06-02,-1.0,0.0,4.48,15.0,6.19,200,0.0
2022-06-03,-0.0,-1.0,4.94,12.4,8.26,186,0.0
2022-06-04,-0.0,-1.0,2.71,12.9,8.13,176,0.0
2022-06-05,1.0,0.0,3.23,7.5,7.43,171,0.0
2022-06-06,0.71,0.71,4.47,7.9,6.76,166,0.0
2022-06-07,0.71,0.71,2.27,8.3,6.47,162,0.0
2022-06-08,-0.0,-1.0,2.32,11.1,5.81,159,0.0
2022-06-09,-0.0,-1.0,2.34,13.7,5.35,155,0.0
2022-06-10,-0.0,-1.0,2.37,16.0,5.4,151,0.0
2022-06-11,-1.0,0.0,3.77,14.5,5.24,151,0.0
2022-06-12,0.71,0.71,4.94,7.1,5.2,150,0.0
2022-06-13,0.71,0.71,5.63,5.8,5.55,147,0.0
2022-06-14,0.71,0.71,7.52,5.6,6.53,146,0.0
2022-06-15,-1.0,0.0,1.65,8.9,7.69,146,0.0
2022-06-16,-0.0,-1.0,6.59,17.7,8.48,148,0.0
2022-06-17,-0.0,-1.0,4.24,17.2,9.06,141,0.0
2022-06-18,0.71,0.71,3.81,8.6,7.81,139,0.0
2022-06-19,0.71,0.71,4.23,7.2,6.6,139,0.0
2022-06-20,0.71,-0.71,2.29,8.4,7.59,138,0.0
2022-06-21,-0.0,-1.0,5.43,24.4,9.91,143,0.0
2022-06-22,-0.0,-1.0,5.01,19.5,11.11,138,0.0
2022-06-23,-1.0,0.0,3.83,23.4,10.5,133,0.0
2022-06-24,-1.0,0.0,3.42,22.3,9.18,135,0.0
2022-06-25,0.71,0.71,4.11,15.65,8.24,138,0.0
2022-06-26,-0.0,-1.0,6.66,15.3,8.07,136,0.0
2022-06-27,-1.0,0.0,2.27,13.1,8.57,131,0.0
2022-06-28,-1.0,0.0,3.52,19.3,8.54,130,0.0
2022-06-29,-0.71,0.71,2.43,12.3,8.16,129,0.0
2022-06-30,-0.0,-1.0,4.55,16.1,7.5,128,0.0
2022-07-01,-0.0,-1.0,3.97,16.3,6.6,126,0.0
2022-07-02,-0.0,-1.0,2.69,17.2,6.18,124,0.0
2022-07-03,-0.71,0.71,2.45,13.2,6.37,125,0.0
2022-07-04,0.71,0.71,4.42,9.8,6.91,138,0.0
2022-07-05,1.0,0.0,3.09,8.4,7.25,140,0.0
2022-07-06,0.71,0.71,6.07,8.65,7.35,134,0.0
2022-07-07,0.71,0.71,2.16,10.0,7.29,130,0.0
2022-07-08,0.71,0.71,7.14,9.8,7.27,127,0.0
2022-07-09,0.71,0.71,2.59,9.8,7.46,125,0.0
2022-07-10,1.0,0.0,2.3,12.25,7.91,126,0.0
2022-07-11,-1.0,0.0,3.64,19.7,8.92,132,0.0
2022-07-12,-0.0,-1.0,4.32,17.3,9.62,136,0.0
2022-07-13,1.0,0.0,2.69,11.2,9.87,137,0.0
2022-07-14,0.71,0.71,3.84,13.3,10.17,132,0.0
2022-07-15,0.71,0.71,2.52,12.5,10.95,131,0.0
2022-07-16,-0.0,-1.0,1.38,15.4,12.45,130,0.0
2022-07-17,1.0,0.0,1.61,14.9,14.07,128,0.0
2022-07-18,0.71,0.71,2.06,17.8,15.47,133,0.0
2022-07-19,-1.0,0.0,3.86,26.1,16.36,128,0.0
2022-07-20,-0.0,-1.0,3.62,18.4,16.72,127,0.0
2022-07-21,-0.0,-1.0,5.27,21.7,16.94,125,0.0
2022-07-22,-0.71,-0.71,4.24,22.1,17.15,124,0.0
2022-07-23,-0.71,0.71,2.19,19.4,17.34,123,0.0
2022-07-24,-0.0,-1.0,4.24,18.5,17.6,123,0.0
2022-07-25,-0.0,-1.0,3.72,17.3,17.33,122,0.0
2022-07-26,-1.0,0.0,3.7,19.9,17.19,121,0.0
2022-07-27,-1.0,0.0,3.15,18.0,17.35,122,0.0
2022-07-28,-0.0,-1.0,5.05,16.9,17.41,122,0.0
2022-07-29,-0.0,-1.0,3.29,17.2,17.43,122,0.0
2022-07-30,-0.71,0.71,2.12,19.5,17.36,120,0.0
2022-07-31,-1.0,0.0,5.01,25.3,17.47,120,0.0
2022-08-01,-0.0,-1.0,4.24,19.0,17.6,124,0.0
2022-08-02,-0.71,0.71,3.26,17.4,17.5,121,0.0
2022-08-03,-0.0,-1.0,4.27,21.0,17.5,120,0.0
2022-08-04,-1.0,0.0,1.96,17.8,17.67,118,0.0
2022-08-05,-0.71,0.71,2.81,19.2,17.55,117,0.0
2022-08-06,-1.0,0.0,3.02,22.5,17.08,116,0.0
2022-08-07,0.71,0.71,5.0,16.5,16.61,117,0.0
2022-08-08,-0.0,-1.0,2.74,10.7,16.02,124,0.0
2022-08-09,-0.71,0.71,3.17,18.1,15.36,121,0.0
2022-08-10,-0.0,-1.0,2.55,21.3,16.13,117,0.0
2022-08-11,0.71,0.71,2.97,16.6,16.32,114,0.0
2022-08-12,-0.71,0.71,1.92,16.1,16.01,115,0.0
2022-08-13,0.71,0.71,2.81,15.9,15.71,116,0.0
2022-08-14,0.71,0.71,2.51,14.0,15.33,117,0.0
2022-08-15,0.71,0.71,3.27,14.4,15.75,115,0.0
2022-08-16,0.71,0.71,3.07,14.1,16.1,115,0.0
2022-08-17,-0.0,-1.0,2.09,16.75,16.81,118,0.0
2022-08-18,-1.0,0.0,2.3,19.9,17.41,120,0.0
2022-08-19,-0.71,0.71,2.81,19.4,17.65,120,0.0
2022-08-20,0.71,0.71,4.66,16.8,17.51,121,0.0
2022-08-21,-1.0,0.0,1.67,15.1,17.4,119,0.0
2022-08-22,-0.71,0.71,1.69,18.9,17.75,117,0.0
2022-08-23,-0.0,-1.0,1.87,19.7,18.32,117,0.0
2022-08-24,0.71,0.71,3.91,18.9,18.48,122,0.0
2022-08-25,0.71,0.71,4.3,15.6,17.49,123,0.0
2022-08-26,-0.0,-1.0,2.24,15.3,17.2,118,0.0
2022-08-27,-1.0,0.0,3.64,19.6,17.7,121,0.0
2022-08-28,-1.0,0.0,5.5,22.3,18.16,121,0.0
2022-08-29,-0.0,-1.0,4.04,20.8,18.35,121,0.0
2022-08-30,-0.0,-1.0,6.46,19.3,18.47,119,0.0
2022-08-31,-0.0,-1.0,3.57,20.7,18.62,117,0.0
2022-09-01,-0.71,0.71,1.54,20.0,18.79,117,0.0
2022-09-02,-1.0,0.0,4.94,23.7,18.91,117,0.0
2022-09-03,0.71,0.71,6.56,17.7,18.52,116,0.0
2022-09-04,0.71,0.71,3.87,12.1,18.0,116,0.0
2022-09-05,0.71,0.71,3.18,10.9,17.68,115,0.0
2022-09-06,0.71,0.71,2.1,11.2,17.16,115,0.0
2022-09-07,-1.0,0.0,1.88,15.1,16.79,115,0.0
2022-09-08,-1.0,0.0,3.71,18.0,16.98,115,0.0
2022-09-09,0.71,0.71,4.05,16.9,17.18,136,0.0
2022-09-10,-1.0,0.0,1.39,14.4,17.3,141,0.0
2022-09-11,-0.71,0.71,1.56,13.1,17.42,129,0.0
2022-09-12,-0.71,0.71,1.58,12.9,17.46,121,0.0
2022-09-13,-0.71,0.71,2.39,14.7,17.28,118,0.0
2022-09-14,0.71,0.71,3.58,15.6,16.96,116,0.0
2022-09-15,0.71,0.71,2.86,13.2,16.81,116,0.0
2022-09-16,0.71,0.71,5.16,10.6,16.57,118,0.0
2022-09-17,0.71,0.71,1.95,13.8,16.19,146,0.0
2022-09-18,-0.0,-1.0,3.27,16.3,15.8,177,0.0
2022-09-19,-1.0,0.0,3.02,16.1,15.67,154,0.0
2022-09-20,-0.71,0.71,1.51,18.1,15.92,146,0.0
2022-09-21,-0.0,-1.0,7.03,15.4,15.97,141,0.0
2022-09-22,0.71,-0.71,5.05,12.1,15.69,131,0.0
2022-09-23,-0.71,0.71,2.75,10.2,15.51,125,0.0
2022-09-24,-0.71,0.71,1.98,11.6,15.2,131,0.0
2022-09-25,-0.0,-1.0,4.54,12.6,14.88,133,0.0
2022-09-26,0.71,-0.71,8.65,12.1,14.76,131,0.0
2022-09-27,1.0,0.0,6.32,9.6,14.56,126,0.0
2022-09-28,-0.71,0.71,2.23,4.5,14.35,123,0.0
2022-09-29,-1.0,0.0,3.58,8.5,14.3,122,0.0
2022-09-30,-1.0,0.0,3.29,13.0,14.22,121,0.0
2022-10-01,0.71,0.71,4.42,12.3,14.17,120,0.0
2022-10-02,0.71,0.71,3.62,11.6,14.14,121,0.0
2022-10-03,-1.0,0.0,1.78,11.9,14.16,122,0.0
2022-10-04,-1.0,0.0,2.09,15.8,14.26,121,0.0
2022-10-05,-1.0,0.0,2.31,15.1,14.22,121,0.0
2022-10-06,1.0,0.0,7.57,11.8,14.07,122,0.0
2022-10-07,1.0,0.0,6.16,5.3,13.65,123,0.0
2022-10-08,-1.0,0.0,4.57,3.5,13.23,122,0.0
2022-10-09,-0.71,0.71,3.3,10.3,13.08,122,0.0
2022-10-10,-0.71,0.71,2.46,5.2,12.96,122,0.0
2022-10-11,-1.0,0.0,4.13,13.1,13.02,122,0.0
2022-10-12,-0.0,-1.0,6.77,12.7,13.22,128,0.0
2022-10-13,-0.0,-1.0,7.39,6.6,13.19,128,0.0
2022-10-14,-1.0,0.0,3.83,2.0,13.02,125,0.0
2022-10-15,-1.0,0.0,4.41,1.4,12.74,128,0.0
2022-10-16,0.71,-0.71,9.51,6.7,12.32,129,0.0
2022-10-17,1.0,0.0,10.83,2.2,11.78,128,0.0
2022-10-18,1.0,0.0,6.79,0.6,11.42,126,0.0
2022-10-19,1.0,0.0,5.45,2.9,11.18,124,0.0
2022-10-20,-0.0,-1.0,2.79,6.65,11.06,124,0.0
2022-10-21,-1.0,0.0,4.11,12.4,11.06,123,0.0
2022-10-22,-0.71,0.71,3.5,8.5,10.99,122,0.0
2022-10-23,0.71,0.71,4.02,9.9,11.01,122,0.0
2022-10-24,-1.0,0.0,6.16,19.6,10.85,124,0.0
2022-10-25,-0.71,-0.71,4.76,6.9,10.57,123,0.0
2022-10-26,0.71,-0.71,6.43,5.4,10.35,122,0.0
2022-10-27,-0.71,0.71,1.36,1.5,10.26,121,0.0
2022-10-28,-1.0,0.0,5.55,10.4,10.3,121,0.0
2022-10-29,-1.0,0.0,4.43,12.1,10.28,122,0.0
2022-10-30,-1.0,0.0,2.87,11.9,10.31,122,0.0
2022-10-31,-0.71,0.71,2.12,5.0,10.38,122,0.0
2023-06-01,1.0,0.0,1.65,7.4,2.79,158,0.0
2023-06-02,1.0,0.0,3.25,6.5,3.08,167,0.0
2023-06-03,0.71,-0.71,1.78,6.7,3.38,163,0.0
2023-06-04,1.0,0.0,0.99,9.1,3.66,155,0.0
2023-06-05,0.71,0.71,4.35,8.1,3.84,149,0.0
2023-06-06,0.71,0.71,6.31,6.4,3.99,146,0.0
2023-06-07,0.71,0.71,5.77,6.6,4.05,143,0.0
2023-06-08,0.71,0.71,2.95,6.9,4.03,140,0.0
2023-06-09,-0.0,-1.0,1.69,9.1,3.8,139,0.0
2023-06-10,0.71,0.71,3.72,11.8,3.85,137,0.0
2023-06-11,1.0,0.0,2.85,6.5,4.19,136,0.0
2023-06-12,1.0,0.0,2.18,8.6,4.48,135,0.0
2023-06-13,-1.0,0.0,1.37,13.65,4.64,133,0.0
2023-06-14,1.0,0.0,1.48,12.5,4.65,132,0.0
2023-06-15,0.71,0.71,4.2,9.4,4.73,132,0.0
2023-06-16,1.0,0.0,2.47,8.4,5.31,132,0.0
2023-06-17,1.0,0.0,1.81,9.7,5.68,130,0.0
2023-06-18,0.71,0.71,3.82,8.0,6.0,129,0.0
2023-06-19,0.71,0.71,3.31,7.7,6.53,127,0.0
2023-06-20,0.71,0.71,4.16,8.0,7.79,126,0.0
2023-06-21,0.71,0.71,2.53,9.0,8.55,124,0.0
2023-06-22,1.0,0.0,1.15,10.6,8.34,123,0.0
2023-06-23,1.0,0.0,2.19,14.3,7.97,123,0.0
2023-06-24,0.71,0.71,4.17,12.7,7.73,127,0.0
2023-06-25,0.71,0.71,5.55,8.1,7.71,138,0.0
2023-06-26,-0.0,-1.0,1.4,12.8,8.4,136,0.0
2023-06-27,0.71,0.71,2.67,12.6,9.06,129,0.0
2023-06-28,0.71,0.71,3.7,9.85,9.25,130,0.0
2023-06-29,0.71,0.71,2.72,15.7,10.66,134,0.0
2023-06-30,-0.0,-1.0,2.79,18.7,12.72,130,0.0
2023-07-01,-1.0,0.0,2.74,18.4,14.63,126,0.0
2023-07-02,0.71,0.71,2.35,13.8,15.36,122,0.0
2023-07-03,0.71,0.71,2.5,16.6,15.68,123,0.0
2023-07-04,-0.71,0.71,1.33,17.2,15.88,123,0.0
2023-07-05,-0.0,-1.0,3.11,18.1,16.1,123,0.0
2023-07-06,0.71,-0.71,2.07,15.2,16.4,120,0.0
2023-07-07,-0.71,-0.71,2.68,19.3,16.7,119,0.0
2023-07-08,0.71,0.71,4.03,17.7,17.01,118,0.0
2023-07-09,-1.0,0.0,3.84,17.5,17.29,117,0.0
2023-07-10,-0.0,-1.0,3.4,19.0,17.44,117,0.0
2023-07-11,-0.0,-1.0,4.28,16.7,17.11,116,0.0
2023-07-12,-1.0,0.0,2.1,16.9,17.36,116,0.0
2023-07-13,0.71,0.71,1.59,17.4,17.71,116,0.0
2023-07-14,-1.0,0.0,2.24,20.4,17.8,118,0.0
2023-07-15,-0.0,-1.0,3.01,19.2,18.06,116,0.0
2023-07-16,-0.0,-1.0,3.88,17.6,17.99,116,0.0
2023-07-17,-0.0,-1.0,4.9,16.7,17.94,116,0.0
2023-07-18,0.71,-0.71,2.8,16.7,17.65,117,0.0
2023-07-19,0.71,0.71,3.17,15.7,17.21,117,0.0
2023-07-20,-0.0,-1.0,2.38,13.7,16.79,121,0.0
2023-07-21,-1.0,0.0,2.35,17.9,16.97,119,0.0
2023-07-22,-0.0,-1.0,2.41,19.3,17.33,116,0.0
2023-07-23,-0.0,-1.0,2.53,19.5,17.63,115,0.0
2023-07-24,1.0,0.0,2.26,18.0,17.86,120,0.0
2023-07-25,0.71,0.71,2.14,16.9,17.68,118,0.0
2023-07-26,0.71,0.71,3.24,18.1,17.78,116,0.0
2023-07-27,0.71,0.71,2.55,16.9,18.04,123,0.0
2023-07-28,0.71,0.71,3.68,15.7,18.17,134,0.0
2023-07-29,-0.0,-1.0,2.3,14.1,18.36,122,0.0
2023-07-30,-0.0,-1.0,2.68,17.7,18.47,115,0.0
2023-07-31,-0.0,-1.0,1.82,17.9,18.83,112,0.0
2023-08-01,-0.71,0.71,2.16,19.2,19.44,115,0.0
2023-08-02,-0.0,-1.0,1.93,19.1,20.21,115,0.0
2023-08-03,-1.0,0.0,1.87,22.4,20.96,116,0.2
2023-08-04,0.71,0.71,4.59,19.6,20.97,114,0.4
2023-08-05,0.71,0.71,3.9,15.1,20.61,112,0.6
2023-08-06,0.71,0.71,1.85,13.6,19.97,111,0.8
2023-08-07,-0.0,-1.0,2.45,17.2,19.53,114,1.0
2023-08-08,-0.0,-1.0,2.6,20.1,19.45,113,0.8
2023-08-09,-1.0,0.0,2.57,18.8,19.51,115,0.6
2023-08-10,0.71,-0.71,2.74,18.8,19.44,113,0.4
2023-08-11,0.71,0.71,3.27,17.3,19.17,117,0.2
2023-08-12,0.71,0.71,3.73,17.1,18.87,118,0.0
2023-08-13,0.71,0.71,3.43,17.0,18.63,117,0.0
2023-08-14,0.71,0.71,4.11,16.0,18.2,116,0.0
2023-08-15,-0.71,0.71,3.02,15.5,18.05,115,0.0
2023-08-16,-1.0,0.0,5.96,24.2,18.57,128,0.0
2023-08-17,-0.0,-1.0,6.63,18.8,18.8,164,0.0
2023-08-18,-1.0,0.0,2.92,18.9,19.04,138,0.0
2023-08-19,-1.0,0.0,3.23,21.0,19.38,127,0.0
2023-08-20,-0.0,-1.0,2.56,21.9,19.59,122,0.0
2023-08-21,0.71,0.71,3.77,18.4,19.42,122,0.0
2023-08-22,0.71,0.71,4.49,16.1,18.99,129,0.0
2023-08-23,0.71,0.71,5.21,10.7,18.4,125,0.0
2023-08-24,0.71,0.71,3.17,14.9,17.87,125,0.0
2023-08-25,-0.0,-1.0,2.37,18.2,17.6,126,0.0
2023-08-26,0.71,0.71,6.15,16.5,17.41,132,0.0
2023-08-27,-0.71,0.71,2.26,13.3,17.2,128,0.0
2023-08-28,-0.71,0.71,1.51,16.3,17.44,124,0.0
2023-08-29,-1.0,0.0,2.87,17.3,17.65,122,0.0
2023-08-30,-0.71,0.71,1.52,15.4,17.66,122,0.0
2023-08-31,-0.71,0.71,2.06,16.5,17.68,121,0.0
2023-09-01,-1.0,0.0,5.45,21.2,17.75,120,0.0
2023-09-02,-1.0,0.0,3.02,24.4,17.73,119,0.0
2023-09-03,-1.0,0.0,2.89,25.6,17.85,119,0.0
2023-09-04,0.71,0.71,3.24,21.2,18.26,119,0.0
2023-09-05,-1.0,0.0,4.09,25.5,18.67,126,0.0
2023-09-06,1.0,0.0,5.49,18.6,18.3,202,0.0
2023-09-07,0.71,0.71,5.32,13.6,17.82,175,0.0
2023-09-08,-0.71,0.71,2.03,13.1,17.65,161,0.0
2023-09-09,-0.71,0.71,2.56,13.8,17.79,154,0.0
2023-09-10,1.0,0.0,1.98,15.6,17.86,151,0.0
2023-09-11,-0.71,0.71,1.94,15.4,17.71,145,0.0
2023-09-12,0.0,1.0,3.67,12.9,17.54,151,0.0
2023-09-13,-0.71,0.71,2.36,10.9,17.32,150,0.0
2023-09-14,-0.71,0.71,3.12,11.0,17.21,145,0.0
2023-09-15,-1.0,0.0,3.77,16.9,17.23,158,0.0
2023-09-16,-1.0,0.0,2.25,15.1,17.23,154,0.0
2023-09-17,-0.71,0.71,2.38,13.1,17.23,150,0.0
2023-09-18,-0.71,0.71,1.88,13.3,17.24,146,0.0
2023-09-19,0.71,0.71,3.22,14.3,17.31,143,0.0
2023-09-20,0.71,0.71,2.75,18.2,17.59,141,0.0
2023-09-21,-1.0,0.0,1.58,17.2,17.76,139,0.0
2023-09-22,0.71,0.71,3.73,16.9,17.61,138,0.0
2023-09-23,0.0,1.0,3.01,16.9,17.47,147,0.0
2023-09-24,0.71,0.71,2.7,16.5,17.29,254,0.0
2023-09-25,0.71,0.71,3.08,16.3,17.11,301,0.0
2023-09-26,0.71,0.71,5.92,16.5,17.0,262,0.0
2023-09-27,0.71,0.71,2.73,16.4,16.82,234,0.0
2023-09-28,-0.71,0.71,1.62,16.9,16.55,215,0.0
2023-09-29,-0.71,0.71,2.52,16.6,16.45,200,0.0
2023-09-30,0.71,0.71,3.16,16.7,16.59,205,0.0
2023-10-01,0.71,0.71,5.17,16.3,16.85,200,0.0
2023-10-02,-0.71,-0.71,1.75,19.4,16.97,194,0.0
2023-10-03,-1.0,0.0,5.49,24.0,16.93,191,0.0
2023-10-04,-0.71,-0.71,5.91,20.3,16.84,187,0.0
2023-10-05,-0.71,-0.71,4.59,13.6,16.61,180,0.0
2023-10-06,0.71,-0.71,8.89,11.3,16.29,182,0.0
2023-10-07,0.71,-0.71,5.83,9.2,15.89,178,0.0
2023-10-08,-1.0,0.0,2.03,8.3,15.41,172,0.0
2023-10-09,0.71,-0.71,8.14,8.7,15.15,169,0.0
2023-10-10,0.71,-0.71,5.27,9.3,14.98,165,0.0
2023-10-11,1.0,0.0,2.51,9.9,14.73,162,0.0
2023-10-12,-0.71,0.71,2.87,6.5,14.55,159,0.0
2023-10-13,0.71,0.71,5.55,9.5,14.28,159,0.0
2023-10-14,0.71,0.71,6.07,9.3,14.1,161,0.0
2023-10-15,1.0,0.0,5.94,9.8,14.04,161,0.0
2023-10-16,0.71,0.71,3.93,8.9,13.86,159,0.0
2023-10-17,-0.71,0.71,1.66,3.5,13.72,155,0.0
2023-10-18,0.71,0.71,2.03,11.0,13.62,156,0.0
2023-10-19,1.0,0.0,2.45,10.3,13.46,165,0.0
2023-10-20,1.0,0.0,3.42,10.4,13.28,166,0.0
2023-10-21,-0.71,0.71,2.02,7.9,13.31,165,0.0
2023-10-22,-0.71,0.71,1.47,7.3,13.4,162,0.0
2023-10-23,-1.0,0.0,2.72,10.0,13.28,161,0.0
2023-10-24,-1.0,0.0,2.22,11.8,13.3,158,0.0
2023-10-25,0.71,0.71,3.61,10.1,13.02,156,0.0
2023-10-26,0.71,0.71,4.95,9.2,13.05,167,0.0
2023-10-27,0.71,0.71,7.11,7.6,13.1,179,0.0
2023-10-28,-0.0,-1.0,6.91,1.2,13.05,175,0.0
2023-10-29,-0.71,-0.71,5.0,0.5,13.03,168,0.0
2023-10-30,-0.0,-1.0,7.02,-0.4,12.65,163,0.0
2023-10-31,1.0,0.0,7.62,1.0,12.25,161,0.0
