date,WDIRcos,WDIRsin,WSPD,ATMP,WTMP,DISC,bloom
2012-06-01,-1.0,0.0,2.22,10.4,13.0,1000.0,0.0
2012-06-02,-1.0,0.0,3.12,15.4,13.36,766.0,0.0
2012-06-03,-1.0,0.0,1.98,18.3,13.7,606.0,0.0
2012-06-04,0.71,0.71,1.85,15.8,14.09,498.0,0.0
2012-06-05,-1.0,0.0,1.86,13.7,14.53,426.0,0.0
2012-06-06,-1.0,0.0,1.74,14.7,15.15,372.0,0.0
2012-06-07,-1.0,0.0,1.54,16.8,15.43,356.0,0.0
2012-06-08,-1.0,0.0,3.24,19.1,15.13,441.0,0.0
2012-06-09,0.71,0.71,1.82,19.9,14.81,507.0,0.0
2012-06-10,-1.0,0.0,3.61,24.4,14.72,397.0,0.0
2012-06-11,-1.0,0.0,4.21,24.3,14.65,321.0,0.0
2012-06-12,-0.0,-1.0,4.55,13.55,14.19,280.0,0.0
2012-06-13,-1.0,0.0,3.31,16.0,14.02,246.0,0.0
2012-06-14,-1.0,0.0,2.63,17.4,14.16,238.0,0.0
2012-06-15,-1.0,0.0,2.11,19.9,14.39,375.0,0.0
2012-06-16,-1.0,0.0,1.38,16.8,14.63,475.0,0.0
2012-06-17,-0.71,-0.71,3.79,17.6,14.68,423.0,0.0
2012-06-18,-1.0,0.0,3.09,21.45,14.89,559.0,0.0
2012-06-19,-1.0,0.0,2.75,17.7,15.29,780.0,0.0
2012-06-20,-1.0,0.0,3.45,19.2,15.5,2220.0,0.0
2012-06-21,-0.71,-0.71,3.7,19.2,15.7,6120.0,0.0
2012-06-22,-1.0,0.0,2.5,19.6,16.56,4770.0,0.0
2012-06-23,-1.0,0.0,2.63,18.8,16.74,3230.0,0.0
2012-06-24,0.71,0.71,3.49,17.1,16.97,2230.0,0.0
2012-06-25,-1.0,0.0,2.0,15.5,17.47,1570.0,0.0
2012-06-26,-1.0,0.0,2.18,19.0,17.98,1100.0,0.0
2012-06-27,-1.0,0.0,2.47,22.1,18.36,803.0,0.0
2012-06-28,-0.0,-1.0,1.97,21.1,19.12,615.0,0.0
2012-06-29,-0.71,-0.71,3.63,23.4,20.33,491.0,0.0
2012-06-30,-1.0,0.0,1.99,22.6,21.18,405.0,0.0
2012-07-01,-1.0,0.0,2.07,22.1,21.4,341.0,0.0
2012-07-02,-1.0,0.0,1.53,23.3,21.35,294.0,0.0
2012-07-03,-1.0,0.0,2.6,24.1,21.23,299.0,0.0
2012-07-04,-1.0,0.0,2.4,23.65,21.18,306.0,0.0
2012-07-05,-1.0,0.0,1.96,24.7,21.97,268.0,0.0
2012-07-06,-1.0,0.0,3.64,20.3,22.41,237.0,0.0
2012-07-07,0.71,0.71,2.2,18.5,22.64,238.0,0.0
2012-07-08,-1.0,0.0,2.19,21.2,22.88,236.0,0.0
2012-07-09,-1.0,0.0,1.51,20.5,22.93,219.0,0.0
2012-07-10,0.71,0.71,1.82,20.75,23.04,188.0,0.0
2012-07-11,-1.0,0.0,3.18,22.6,23.04,169.0,0.0
2012-07-12,-1.0,0.0,3.16,24.3,23.24,155.0,0.0
2012-07-13,-0.71,-0.71,2.51,24.1,23.4,141.0,0.0
2012-07-14,-1.0,0.0,2.33,23.8,23.6,134.0,0.0
2012-07-15,-1.0,0.0,1.84,23.6,23.86,129.0,0.0
2012-07-16,-1.0,0.0,3.46,24.7,23.62,121.0,0.0
2012-07-17,0.71,0.71,3.88,20.5,23.22,114.0,0.0
2012-07-18,0.71,0.71,2.6,20.0,22.77,113.0,0.0
2012-07-19,0.71,0.71,2.22,19.6,22.39,113.0,0.0
2012-07-20,-1.0,0.0,3.19,20.5,22.59,106.0,0.0
2012-07-21,-1.0,0.0,2.94,24.7,23.03,103.0,0.0
2012-07-22,-1.0,0.0,2.7,22.8,23.35,96.9,0.0
2012-07-23,-1.0,0.0,2.98,26.05,23.47,93.1,0.0
2012-07-24,-1.0,0.0,3.46,22.2,23.48,88.0,0.0
2012-07-25,-1.0,0.0,2.52,22.9,23.33,110.0,0.0
2012-07-26,0.71,0.71,2.96,20.9,23.05,189.0,0.0
2012-07-27,0.71,0.71,5.28,19.9,22.8,175.0,0.0
2012-07-28,-1.0,0.0,2.61,17.9,22.81,159.0,0.0
2012-07-29,-1.0,0.0,2.83,20.9,22.97,143.0,0.0
2012-07-30,-1.0,0.0,3.4,21.8,23.24,157.0,0.0
2012-07-31,-1.0,0.0,1.49,22.2,23.42,159.0,0.0
2012-08-01,-1.0,0.0,3.26,21.7,23.3,133.0,0.0
2012-08-02,-1.0,0.0,2.45,24.6,23.33,120.0,0.0
2012-08-03,-1.0,0.0,2.52,21.2,23.19,110.0,0.0
2012-08-04,-1.0,0.0,2.63,22.35,22.71,108.0,0.0
2012-08-05,0.71,-0.71,5.78,19.5,22.22,109.0,0.0
2012-08-06,-1.0,0.0,3.67,19.1,21.79,103.0,0.0
2012-08-07,-1.0,0.0,2.5,21.2,21.8,102.0,0.0
2012-08-08,-1.0,0.0,2.09,17.85,21.77,102.0,0.0
2012-08-09,-1.0,0.0,3.76,17.4,21.28,111.0,0.0
2012-08-10,0.71,0.71,4.78,18.1,20.83,120.0,0.0
2012-08-11,-1.0,0.0,2.42,17.4,20.73,122.0,0.0
2012-08-12,-1.0,0.0,1.98,15.8,20.95,108.0,0.0
2012-08-13,-1.0,0.0,2.17,19.0,21.22,104.0,0.0
2012-08-14,-1.0,0.0,1.91,17.7,21.13,99.5,0.0
2012-08-15,-1.0,0.0,2.98,18.1,20.9,94.9,0.0
2012-08-16,-0.0,-1.0,4.23,19.6,20.51,102.0,0.0
2012-08-17,0.71,-0.71,5.32,17.15,20.17,107.0,0.0
2012-08-18,-1.0,0.0,3.44,15.9,20.11,102.0,0.0
2012-08-19,-1.0,0.0,2.36,16.5,20.21,102.0,0.0
2012-08-20,-1.0,0.0,2.8,13.3,20.33,115.0,0.0
2012-08-21,-1.0,0.0,3.1,16.4,20.45,113.0,0.0
2012-08-22,-1.0,0.0,3.31,19.3,20.61,102.0,0.0
2012-08-23,-1.0,0.0,2.65,20.0,20.86,99.2,0.0
2012-08-24,-1.0,0.0,2.7,23.8,21.18,106.0,0.0
2012-08-25,-1.0,0.0,2.72,24.7,21.44,104.0,0.0
2012-08-26,-0.71,-0.71,1.98,22.3,21.69,105.0,0.0
2012-08-27,-1.0,0.0,2.13,20.3,21.83,96.9,0.0
2012-08-28,-1.0,0.0,3.07,18.7,21.93,87.8,0.0
2012-08-29,-1.0,0.0,1.83,17.9,22.08,83.4,0.0
2012-08-30,-1.0,0.0,3.98,25.9,22.26,79.5,0.0
2012-08-31,-1.0,0.0,1.43,21.1,22.33,77.9,0.0
2012-09-01,-1.0,0.0,2.6,17.8,22.31,76.3,0.0
2012-09-02,-1.0,0.0,1.98,18.4,22.2,73.3,0.0
2012-09-03,-1.0,0.0,2.43,24.3,22.35,73.0,0.0
2012-09-04,-1.0,0.0,2.48,18.15,22.27,69.7,0.0
2012-09-05,-1.0,0.0,2.57,19.5,21.81,72.3,0.0
2012-09-06,-1.0,0.0,2.96,16.6,21.31,75.8,0.0
2012-09-07,-1.0,0.0,3.96,16.55,20.91,86.9,0.0
2012-09-08,0.71,-0.71,5.71,15.9,20.29,95.3,0.0
2012-09-09,1.0,0.0,5.33,16.9,19.85,102.0,0.0
2012-09-10,-1.0,0.0,3.84,13.1,19.58,98.1,0.0
2012-09-11,-1.0,0.0,5.29,21.7,19.23,90.9,0.0
2012-09-12,-1.0,0.0,4.4,16.9,18.62,86.4,0.0
2012-09-13,-1.0,0.0,4.69,13.9,18.08,83.6,0.0
2012-09-14,-1.0,0.0,2.73,12.5,17.84,81.3,0.0
2012-09-15,-1.0,0.0,2.88,10.6,17.63,76.7,0.0
2012-09-16,-1.0,0.0,2.91,18.6,17.46,76.6,0.0
2012-09-17,1.0,0.0,5.6,14.4,17.27,75.7,0.0
2012-09-18,1.0,0.0,5.68,10.9,16.95,73.5,0.0
2012-09-19,-1.0,0.0,4.35,8.8,16.56,74.8,0.0
2012-09-20,-0.71,-0.71,3.65,11.1,16.09,82.7,0.0
2012-09-21,-0.71,-0.71,2.98,9.5,15.28,89.2,0.0
2012-09-22,0.71,-0.71,7.22,10.1,14.49,97.7,0.0
2012-09-23,0.71,-0.71,5.33,10.0,14.06,103.0,0.0
2012-09-24,-1.0,0.0,4.62,9.15,13.87,103.0,0.0
2012-09-25,-1.0,0.0,2.43,11.65,13.75,98.9,0.0
2012-09-26,-1.0,0.0,2.18,6.5,13.78,92.3,0.0
2012-09-27,-1.0,0.0,2.96,5.25,13.75,88.0,0.0
2012-09-28,-1.0,0.0,2.59,7.2,13.76,85.1,0.0
2012-09-29,-1.0,0.0,2.59,11.1,13.83,84.3,0.0
2012-09-30,-1.0,0.0,2.28,7.8,13.92,84.2,0.0
2012-10-01,-1.0,0.0,1.89,9.0,14.0,84.0,0.0
2012-10-02,-1.0,0.0,2.96,10.7,14.06,83.0,0.0
2012-10-03,-1.0,0.0,2.51,11.95,14.01,83.0,0.0
2012-10-04,-1.0,0.0,4.25,13.85,13.86,77.4,0.0
2012-10-05,-0.71,-0.71,5.45,5.7,13.66,71.3,0.0
2012-10-06,1.0,0.0,7.76,5.2,13.19,74.5,0.0
2012-10-07,-0.71,-0.71,3.6,3.9,12.22,75.7,0.0
2012-10-08,-1.0,0.0,3.94,6.2,11.04,79.1,0.0
2012-10-09,-1.0,0.0,3.23,8.0,10.03,85.2,0.0
2012-10-10,-0.0,-1.0,4.07,4.7,9.37,90.5,0.0
2012-10-11,-0.71,-0.71,3.85,4.6,9.11,99.3,0.0
2012-10-12,-1.0,0.0,3.54,4.8,8.86,107.0,0.0
2012-10-13,-1.0,0.0,1.96,7.2,8.76,106.0,0.0
2012-10-14,0.71,0.71,5.74,7.3,8.7,105.0,0.0
2012-10-15,0.71,0.71,3.49,7.2,8.62,106.0,0.0
2012-10-16,-1.0,0.0,2.48,11.4,8.75,107.0,0.0
2012-10-17,-1.0,0.0,1.79,10.7,8.9,111.0,0.0
2012-10-18,-1.0,0.0,1.92,10.3,8.93,125.0,0.0
2012-10-19,0.71,0.71,1.32,8.7,8.95,157.0,0.0
2012-10-20,-1.0,0.0,1.64,7.7,8.94,164.0,0.0
2012-10-21,-1.0,0.0,1.72,4.0,8.97,151.0,0.0
2012-10-22,0.71,0.71,3.44,8.9,8.81,141.0,0.0
2012-10-23,0.71,0.71,2.07,9.0,8.54,139.0,0.0
2012-10-24,-1.0,0.0,1.55,11.7,8.35,156.0,0.0
2012-10-25,0.71,-0.71,5.14,8.7,8.13,288.0,0.0
2012-10-26,-0.71,-0.71,3.87,3.2,7.99,642.0,0.0
2012-10-27,-0.71,-0.71,2.39,2.6,7.81,532.0,0.0
2012-10-28,-1.0,0.0,2.36,-0.9,7.69,403.0,0.0
2012-10-29,-1.0,0.0,2.43,0.0,7.65,316.0,0.0
2012-10-30,0.71,0.71,6.95,4.0,7.63,269.0,0.0
2012-10-31,1.0,0.0,5.36,3.3,7.56,234.0,0.0
2013-06-01,-1.0,0.0,2.68,12.5,5.28,746.0,0.0
2013-06-02,1.0,0.0,4.39,7.1,5.15,721.0,0.0
2013-06-03,-1.0,0.0,2.34,8.4,5.13,661.0,0.0
2013-06-04,-1.0,0.0,1.76,10.7,5.01,572.0,0.0
2013-06-05,0.71,0.71,1.89,9.9,4.96,542.0,0.0
2013-06-06,0.71,0.71,2.49,7.3,4.87,1430.0,0.0
2013-06-07,1.0,0.0,0.94,7.5,4.82,1760.0,0.0
2013-06-08,1.0,0.0,1.18,10.9,4.84,1410.0,0.0
2013-06-09,-1.0,0.0,1.68,11.7,4.87,1100.0,0.0
2013-06-10,0.71,-0.71,1.12,11.2,4.9,954.0,0.0
2013-06-11,0.71,0.71,1.65,14.9,4.92,807.0,0.0
2013-06-12,-1.0,0.0,1.77,16.5,6.13,655.0,0.0
2013-06-13,0.71,0.71,1.49,14.8,6.99,537.0,0.0
2013-06-14,-1.0,0.0,1.78,13.2,7.19,450.0,0.0
2013-06-15,0.71,0.71,1.27,13.3,7.32,391.0,0.0
2013-06-16,-1.0,0.0,3.24,17.6,7.41,361.0,0.0
2013-06-17,1.0,0.0,2.78,9.6,7.46,390.0,0.0
2013-06-18,1.0,0.0,1.87,10.0,7.54,416.0,0.0
2013-06-19,-1.0,0.0,2.61,15.9,7.54,359.0,0.0
2013-06-20,-1.0,0.0,1.98,17.9,7.54,353.0,0.0
2013-06-21,0.71,-0.71,2.6,14.6,7.55,4630.0,0.0
2013-06-22,0.71,-0.71,1.95,11.6,7.54,4930.0,0.0
2013-06-23,0.71,-0.71,1.9,12.8,7.55,2870.0,0.0
2013-06-24,-1.0,0.0,2.13,22.9,7.58,1810.0,0.0
2013-06-25,-1.0,0.0,1.73,21.8,7.65,1200.0,0.0
2013-06-26,-1.0,0.0,1.6,19.6,7.76,866.0,0.0
2013-06-27,-1.0,0.0,1.91,20.2,7.91,732.0,0.0
2013-06-28,1.0,0.0,2.38,17.4,8.21,680.0,0.0
2013-06-29,1.0,0.0,1.7,13.7,8.3,626.0,0.0
2013-06-30,-1.0,0.0,1.61,17.0,8.98,544.0,0.0
2013-07-01,-1.0,0.0,2.19,13.35,8.78,463.0,0.0
2013-07-02,-1.0,0.0,2.15,13.7,9.44,395.0,0.0
2013-07-03,-1.0,0.0,1.89,15.3,11.17,343.0,0.0
2013-07-04,-1.0,0.0,2.92,20.0,13.07,296.0,0.0
2013-07-05,-1.0,0.0,4.55,24.4,14.49,265.0,0.0
2013-07-06,-1.0,0.0,4.81,26.0,15.34,238.0,0.0
2013-07-07,-1.0,0.0,3.05,18.6,15.84,371.0,0.0
2013-07-08,0.71,-0.71,1.91,11.9,16.06,837.0,0.0
2013-07-09,0.71,0.71,1.27,13.6,16.02,890.0,0.0
2013-07-10,0.71,-0.71,3.12,17.9,16.04,822.0,0.0
2013-07-11,-1.0,0.0,1.78,18.9,15.9,679.0,0.0
2013-07-12,-1.0,0.0,3.68,22.8,15.83,510.0,0.0
2013-07-13,-1.0,0.0,3.52,25.4,16.18,393.0,0.0
2013-07-14,-1.0,0.0,1.83,20.7,16.31,336.0,0.0
2013-07-15,-1.0,0.0,1.16,20.1,16.27,318.0,0.0
2013-07-16,-0.71,-0.71,2.12,22.1,17.2,285.0,0.0
2013-07-17,-1.0,0.0,2.7,25.8,18.04,252.0,0.0
2013-07-18,-0.71,-0.71,3.15,23.25,18.45,221.0,0.0
2013-07-19,0.71,-0.71,3.94,24.5,18.65,215.0,0.0
2013-07-20,0.71,0.71,4.49,17.5,18.72,221.0,0.0
2013-07-21,0.71,0.71,3.31,16.5,18.59,200.0,0.0
2013-07-22,-1.0,0.0,3.43,18.85,18.3,182.0,0.0
2013-07-23,1.0,0.0,4.23,17.3,18.09,179.0,0.0
2013-07-24,-1.0,0.0,2.23,16.2,18.19,174.0,0.0
2013-07-25,-1.0,0.0,3.13,18.1,18.46,163.0,0.0
2013-07-26,0.71,0.71,4.21,14.3,18.25,196.0,0.0
2013-07-27,0.71,-0.71,5.57,11.8,17.89,215.0,0.0
2013-07-28,1.0,0.0,4.48,13.2,17.41,222.0,0.0
2013-07-29,-1.0,0.0,2.26,14.65,17.12,237.0,0.0
2013-07-30,-1.0,0.0,2.43,18.1,17.47,227.0,0.0
2013-07-31,-1.0,0.0,2.8,19.2,17.7,207.0,0.0
2013-08-01,-0.71,-0.71,2.43,18.0,17.83,209.0,0.0
2013-08-02,-1.0,0.0,2.25,18.1,18.06,199.0,0.0
2013-08-03,-1.0,0.0,2.27,16.8,18.32,187.0,0.0
2013-08-04,-1.0,0.0,2.51,16.45,18.46,170.0,0.0
2013-08-05,-1.0,0.0,2.65,15.4,18.66,184.0,0.0
2013-08-06,1.0,0.0,1.26,18.6,18.86,285.0,0.0
2013-08-07,1.0,0.0,2.11,18.0,18.82,273.0,0.0
2013-08-08,-1.0,0.0,1.77,16.4,18.73,235.0,0.0
2013-08-09,-1.0,0.0,3.4,17.5,18.74,196.0,0.0
2013-08-10,-1.0,0.0,2.04,16.2,19.03,170.0,0.0
2013-08-11,-1.0,0.0,2.17,16.5,19.11,154.0,0.0
2013-08-12,-1.0,0.0,3.78,16.8,19.08,147.0,0.0
2013-08-13,-1.0,0.0,2.4,13.8,18.91,139.0,0.0
2013-08-14,-1.0,0.0,2.08,13.5,19.01,132.0,0.0
2013-08-15,-1.0,0.0,2.46,16.05,19.22,126.0,0.0
2013-08-16,-1.0,0.0,2.22,17.3,19.47,119.0,0.0
2013-08-17,-1.0,0.0,3.21,19.3,19.68,113.0,0.0
2013-08-18,-1.0,0.0,2.88,19.3,19.83,107.0,0.0
2013-08-19,-1.0,0.0,3.46,21.4,20.06,101.0,0.0
2013-08-20,-1.0,0.0,3.58,24.0,20.26,101.0,0.0
2013-08-21,-1.0,0.0,2.69,26.1,20.53,96.0,0.0
2013-08-22,-1.0,0.0,1.85,20.6,20.77,95.9,0.0
2013-08-23,-1.0,0.0,2.08,18.1,20.87,96.1,0.0
2013-08-24,-1.0,0.0,3.15,20.6,21.1,88.6,0.0
2013-08-25,-1.0,0.0,5.33,27.15,21.52,84.0,0.0
2013-08-26,-1.0,0.0,3.09,23.8,21.83,279.0,0.0
2013-08-27,-1.0,0.0,2.13,22.8,21.94,1490.0,0.0
2013-08-28,1.0,0.0,0.71,21.3,21.86,2230.0,0.0
2013-08-29,-1.0,0.0,1.84,23.3,21.85,1690.0,0.0
2013-08-30,0.71,0.71,4.2,23.1,21.69,1830.0,0.0
2013-08-31,-1.0,0.0,1.45,19.4,21.69,1410.0,0.0
2013-09-01,-1.0,0.0,3.66,21.2,21.47,1010.0,0.0
2013-09-02,1.0,0.0,5.77,16.0,20.74,770.0,0.0
2013-09-03,-1.0,0.0,3.17,13.5,20.25,641.0,0.0
2013-09-04,0.71,0.71,5.06,19.3,20.09,522.0,0.0
2013-09-05,-1.0,0.0,2.5,13.7,20.05,425.0,0.0
2013-09-06,-1.0,0.0,3.17,19.1,20.03,349.0,0.0
2013-09-07,-1.0,0.0,4.46,21.55,20.09,298.0,0.0
2013-09-08,-1.0,0.0,2.5,16.8,19.9,264.0,0.0
2013-09-09,-1.0,0.0,2.02,18.7,19.6,238.0,0.0
2013-09-10,-0.71,-0.71,2.06,21.1,19.37,226.0,0.0
2013-09-11,-1.0,0.0,3.12,20.6,19.37,217.0,0.0
2013-09-12,1.0,0.0,5.22,16.0,19.12,207.0,0.0
2013-09-13,1.0,0.0,3.39,15.4,18.86,191.0,0.0
2013-09-14,-1.0,0.0,3.3,11.2,18.43,176.0,0.0
2013-09-15,0.71,0.71,5.53,13.9,17.74,173.0,0.0
2013-09-16,-1.0,0.0,2.79,7.0,17.27,174.0,0.0
2013-09-17,-1.0,0.0,2.61,9.9,17.03,169.0,0.0
2013-09-18,-1.0,0.0,2.62,16.5,16.94,161.0,0.0
2013-09-19,-1.0,0.0,1.39,19.5,16.73,167.0,0.0
2013-09-20,-0.71,-0.71,3.36,17.4,16.37,242.0,0.0
2013-09-21,0.71,-0.71,4.96,12.0,16.04,228.0,0.0
2013-09-22,-1.0,0.0,3.32,7.0,15.8,208.0,0.0
2013-09-23,-1.0,0.0,2.25,11.0,15.76,189.0,0.0
2013-09-24,-1.0,0.0,2.72,12.5,15.84,174.0,0.0
2013-09-25,-1.0,0.0,1.97,13.3,15.91,166.0,0.0
2013-09-26,-1.0,0.0,2.16,14.4,15.97,159.0,0.0
2013-09-27,-1.0,0.0,3.36,19.4,15.8,148.0,0.0
2013-09-28,-1.0,0.0,4.5,21.6,15.59,139.0,0.0
2013-09-29,-1.0,0.0,3.23,12.6,15.44,143.0,0.0
2013-09-30,-1.0,0.0,5.03,16.9,15.13,146.0,0.0
2013-10-01,-1.0,0.0,4.26,19.3,14.87,142.0,0.0
2013-10-02,-1.0,0.0,3.31,16.0,14.71,138.0,0.0
2013-10-03,0.71,0.71,2.71,12.6,14.57,147.0,0.0
2013-10-04,0.71,0.71,5.97,13.2,14.19,162.0,0.0
2013-10-05,0.71,0.71,6.15,11.4,13.62,215.0,0.0
2013-10-06,0.71,0.71,3.67,10.9,13.11,565.0,0.0
2013-10-07,-1.0,0.0,3.23,10.6,12.9,726.0,0.0
2013-10-08,-1.0,0.0,4.19,11.6,12.9,600.0,0.0
2013-10-09,-1.0,0.0,5.05,20.25,12.98,475.0,0.0
2013-10-10,-1.0,0.0,1.49,14.4,12.88,386.0,0.0
2013-10-11,-1.0,0.0,2.1,14.3,13.03,329.0,0.0
2013-10-12,-1.0,0.0,4.52,18.6,13.14,285.0,0.0
2013-10-13,-0.71,-0.71,3.04,11.2,12.77,257.0,0.0
2013-10-14,-1.0,0.0,2.82,6.2,12.44,234.0,0.0
2013-10-15,0.0,1.0,4.32,11.0,12.3,248.0,0.0
2013-10-16,1.0,0.0,7.3,9.7,12.07,852.0,0.0
2013-10-17,-1.0,0.0,3.04,6.0,11.81,1200.0,0.0
2013-10-18,1.0,0.0,4.31,9.8,11.59,1130.0,0.0
2013-10-19,-1.0,0.0,2.03,6.9,11.23,1330.0,0.0
2013-10-20,-1.0,0.0,2.63,4.9,10.95,1200.0,0.0
2013-10-21,-0.71,-0.71,3.35,4.3,10.73,1290.0,0.0
2013-10-22,0.71,-0.71,6.76,6.0,10.4,1210.0,0.0
2013-10-23,-0.71,-0.71,3.55,4.1,10.03,1040.0,0.0
2013-10-24,-0.0,-1.0,4.24,5.0,9.91,885.0,0.0
2013-10-25,-1.0,0.0,4.53,4.5,9.71,762.0,0.0
2013-10-26,0.71,-0.71,7.3,8.5,9.59,695.0,0.0
2013-10-27,-1.0,0.0,4.02,6.2,9.48,686.0,0.0
2013-10-28,0.71,0.71,7.13,5.1,9.08,652.0,0.0
2013-10-29,-1.0,0.0,1.84,-0.55,8.76,589.0,0.0
2013-10-30,1.0,0.0,0.79,6.1,8.74,536.0,0.0
2013-10-31,1.0,0.0,1.3,10.7,8.61,524.0,0.0
2014-06-01,-1.0,0.0,1.06,20.6,9.56,456.0,0.0
2014-06-02,1.0,0.0,0.22,10.45,8.96,837.0,0.0
2014-06-03,-0.0,-1.0,3.16,17.7,8.7,1280.0,0.0
2014-06-04,1.0,0.0,0.65,13.0,9.27,1040.0,0.0
2014-06-05,1.0,0.0,0.15,9.9,10.08,786.0,0.0
2014-06-06,-1.0,0.0,0.95,17.05,11.24,598.0,0.0
2014-06-07,1.0,0.0,1.28,14.2,12.04,711.0,0.0
2014-06-08,1.0,0.0,0.68,19.65,12.23,1410.0,0.0
2014-06-09,1.0,0.0,0.03,19.4,11.97,1070.0,0.0
2014-06-10,1.0,0.0,0.4,20.5,11.59,811.0,0.0
2014-06-11,1.0,0.0,0.22,21.4,11.77,634.0,0.0
2014-06-12,1.0,0.0,3.16,22.7,12.25,532.0,0.0
2014-06-13,-0.0,-1.0,2.69,17.3,12.66,540.0,0.0
2014-06-14,1.0,0.0,0.65,20.1,12.58,505.0,0.0
2014-06-15,-1.0,0.0,2.84,22.8,12.11,530.0,0.0
2014-06-16,-1.0,0.0,2.37,30.25,11.8,785.0,0.0
2014-06-17,1.0,0.0,0.83,28.2,11.81,688.0,0.0
2014-06-18,1.0,0.0,1.91,,11.75,532.0,0.0
2014-06-19,1.0,0.0,0.89,,11.78,419.0,0.0
2014-06-20,1.0,0.0,0.09,,12.21,366.0,0.0
2014-06-21,1.0,0.0,0.44,,12.78,334.0,0.0
2014-06-22,1.0,0.0,0.52,,12.77,311.0,0.0
2014-06-23,1.0,0.0,0.48,,12.76,340.0,0.0
2014-06-24,1.0,0.0,2.04,,12.62,541.0,0.0
2014-06-25,1.0,0.0,1.27,,12.26,499.0,0.0
2014-06-26,1.0,0.0,0.14,,12.06,430.0,0.0
2014-06-27,1.0,0.0,1.02,,12.33,372.0,0.0
2014-06-28,-1.0,0.0,2.82,,13.35,556.0,0.0
2014-06-29,-1.0,0.0,3.34,,14.51,882.0,0.0
2014-06-30,-1.0,0.0,5.16,,15.03,829.0,0.0
2014-07-01,-0.71,-0.71,2.64,,15.45,690.0,0.0
2014-07-02,1.0,0.0,1.25,,15.69,734.0,0.0
2014-07-03,1.0,0.0,0.95,,15.79,701.0,0.0
2014-07-04,-1.0,0.0,2.39,,15.71,519.0,0.0
2014-07-05,-1.0,0.0,3.96,,15.95,399.0,0.0
2014-07-06,-1.0,0.0,3.26,,16.33,336.0,0.0
2014-07-07,-0.71,-0.71,2.59,,16.39,324.0,0.0
2014-07-08,1.0,0.0,1.47,,16.38,894.0,0.0
2014-07-09,1.0,0.0,1.5,,16.19,1040.0,0.0
2014-07-10,-1.0,0.0,1.78,,16.24,722.0,0.0
2014-07-11,-1.0,0.0,3.13,,16.31,519.0,0.0
2014-07-12,1.0,0.0,1.4,,16.34,479.0,0.0
2014-07-13,-0.0,-1.0,1.7,,16.37,414.0,0.0
2014-07-14,1.0,0.0,1.45,,16.62,354.0,0.0
2014-07-15,1.0,0.0,3.09,,16.66,375.0,0.0
2014-07-16,1.0,0.0,0.82,,16.72,417.0,0.0
2014-07-17,-1.0,0.0,1.62,,17.09,341.0,0.0
2014-07-18,-1.0,0.0,2.21,,17.44,286.0,0.0
2014-07-19,-1.0,0.0,3.23,,17.78,244.0,0.0
2014-07-20,-1.0,0.0,3.32,,18.13,216.0,0.0
2014-07-21,-1.0,0.0,3.27,,18.16,198.0,0.0
2014-07-22,-1.0,0.0,2.94,,18.15,232.0,0.0
2014-07-23,1.0,0.0,0.54,,18.33,300.0,0.0
2014-07-24,1.0,0.0,1.02,,18.52,278.0,0.0
2014-07-25,-1.0,0.0,1.39,,18.89,233.0,0.0
2014-07-26,-1.0,0.0,1.97,,19.32,205.0,0.0
2014-07-27,1.0,0.0,3.03,,18.92,200.0,0.0
2014-07-28,1.0,0.0,0.56,,18.36,276.0,0.0
2014-07-29,-1.0,0.0,1.79,,18.39,278.0,0.0
2014-07-30,-1.0,0.0,1.3,,18.54,373.0,0.0
2014-07-31,-1.0,0.0,1.14,,18.97,478.0,0.0
2014-08-01,-1.0,0.0,0.98,,19.36,373.0,0.0
2014-08-02,1.0,0.0,0.41,,19.61,286.0,0.0
2014-08-03,1.0,0.0,1.82,,19.77,239.0,0.0
2014-08-04,1.0,0.0,1.6,,19.81,208.0,0.0
2014-08-05,1.0,0.0,0.51,,19.79,189.0,0.0
2014-08-06,1.0,0.0,1.86,,19.86,180.0,0.0
2014-08-07,1.0,0.0,0.82,20.8,20.06,170.0,0.0
2014-08-08,-1.0,0.0,1.14,19.9,20.39,158.0,0.0
2014-08-09,-1.0,0.0,1.38,19.4,20.8,146.0,0.0
2014-08-10,-1.0,0.0,1.38,20.0,20.77,135.0,0.0
2014-08-11,1.0,0.0,2.54,18.6,20.47,136.0,0.0
2014-08-12,1.0,0.0,3.24,17.0,20.19,164.0,0.0
2014-08-13,0.71,0.71,2.6,17.8,20.01,165.0,0.0
2014-08-14,-1.0,0.0,1.38,14.3,19.96,148.0,0.0
2014-08-15,-1.0,0.0,2.75,15.0,19.98,133.0,0.0
2014-08-16,0.71,0.71,3.54,20.8,19.95,131.0,0.0
2014-08-17,0.71,0.71,2.23,14.5,19.78,126.0,0.0
2014-08-18,1.0,0.0,0.56,16.7,19.65,124.0,0.0
2014-08-19,1.0,0.0,1.66,16.7,19.37,140.0,0.0
2014-08-20,1.0,0.0,1.48,16.0,18.84,183.0,0.0
2014-08-21,1.0,0.0,0.96,18.3,18.51,174.0,0.0
2014-08-22,1.0,0.0,0.53,18.6,18.73,156.0,0.0
2014-08-23,1.0,0.0,0.74,17.0,19.02,145.0,0.0
2014-08-24,1.0,0.0,1.27,21.1,19.24,138.0,0.0
2014-08-25,-1.0,0.0,3.35,25.3,19.32,1020.0,0.0
2014-08-26,-0.71,-0.71,1.87,17.4,18.78,565.0,0.0
2014-08-27,-1.0,0.0,0.99,14.25,18.43,315.0,0.0
2014-08-28,-1.0,0.0,2.47,15.1,17.88,236.0,0.0
2014-08-29,-1.0,0.0,1.23,18.4,17.82,212.0,0.0
2014-08-30,0.71,0.71,3.21,16.8,17.83,1060.0,0.0
2014-08-31,-1.0,0.0,1.16,15.2,17.79,1230.0,0.0
2014-09-01,-1.0,0.0,2.44,19.9,17.94,2810.0,0.0
2014-09-02,-1.0,0.0,2.34,16.7,18.05,3350.0,0.0
2014-09-03,-1.0,0.0,3.31,17.0,17.93,1900.0,0.0
2014-09-04,-1.0,0.0,1.76,17.8,17.71,1900.0,0.0
2014-09-05,-0.71,-0.71,2.53,17.65,17.46,2020.0,0.0
2014-09-06,-1.0,0.0,2.58,14.4,17.29,1350.0,0.0
2014-09-07,-1.0,0.0,3.36,16.4,17.24,956.0,0.0
2014-09-08,-1.0,0.0,2.89,19.0,17.14,693.0,0.0
2014-09-09,-1.0,0.0,2.74,18.6,17.13,540.0,0.0
2014-09-10,0.71,0.71,13.01,11.0,16.91,4120.0,0.0
2014-09-11,0.71,0.71,7.98,9.7,16.38,6020.0,0.0
2014-09-12,-1.0,0.0,2.13,6.1,15.7,3230.0,0.0
2014-09-13,-1.0,0.0,1.8,7.1,15.21,1960.0,0.0
2014-09-14,-1.0,0.0,3.25,10.8,14.9,1320.0,0.0
2014-09-15,-1.0,0.0,2.88,10.5,14.74,945.0,0.0
2014-09-16,-1.0,0.0,3.71,10.1,14.71,720.0,0.0
2014-09-17,-1.0,0.0,3.83,12.4,14.68,572.0,0.0
2014-09-18,0.71,0.71,2.6,8.1,14.53,480.0,0.0
2014-09-19,-1.0,0.0,3.66,15.4,14.38,421.0,0.0
2014-09-20,-1.0,0.0,2.8,19.8,14.36,385.0,0.0
2014-09-21,0.71,0.71,5.0,11.9,14.49,390.0,0.0
2014-09-22,-1.0,0.0,2.67,10.4,14.55,464.0,0.0
2014-09-23,-1.0,0.0,2.28,15.3,14.64,425.0,0.0
2014-09-24,-1.0,0.0,1.66,14.7,14.64,379.0,0.0
2014-09-25,-1.0,0.0,1.67,16.9,14.83,339.0,0.0
2014-09-26,1.0,0.0,0.31,15.7,15.17,312.0,0.0
2014-09-27,-1.0,0.0,2.22,17.4,15.72,284.0,0.0
2014-09-28,-1.0,0.0,1.73,18.7,16.31,268.0,0.0
2014-09-29,0.71,0.71,8.64,8.9,15.79,278.0,0.0
2014-09-30,0.0,1.0,3.14,7.0,14.69,291.0,0.0
2014-10-01,1.0,0.0,0.49,6.5,14.09,280.0,0.0
2014-10-02,1.0,0.0,0.48,12.3,13.55,362.0,0.0
2014-10-03,-0.0,-1.0,2.94,11.5,12.58,633.0,0.0
2014-10-04,-0.0,-1.0,6.56,7.35,11.54,1480.0,0.0
2014-10-05,-0.71,-0.71,2.85,5.0,10.93,1960.0,0.0
2014-10-06,-0.71,-0.71,3.69,6.4,10.73,1520.0,0.0
2014-10-07,-1.0,0.0,2.91,8.6,10.51,1150.0,0.0
2014-10-08,-0.0,-1.0,3.56,7.3,10.28,900.0,0.0
2014-10-09,-0.71,-0.71,3.06,6.0,10.14,707.0,0.0
2014-10-10,-1.0,0.0,2.41,3.1,10.14,585.0,0.0
2014-10-11,-0.71,-0.71,1.8,6.5,10.25,508.0,0.0
2014-10-12,-1.0,0.0,2.42,8.1,10.35,456.0,0.0
2014-10-13,1.0,0.0,1.07,10.3,10.41,418.0,0.0
2014-10-14,0.71,0.71,5.34,9.6,10.48,435.0,0.0
2014-10-15,1.0,0.0,2.19,8.9,10.49,530.0,0.0
2014-10-16,1.0,0.0,1.43,4.5,10.48,503.0,0.0
2014-10-17,1.0,0.0,4.7,8.9,10.39,534.0,0.0
2014-10-18,1.0,0.0,5.5,5.9,10.26,742.0,0.0
2014-10-19,-1.0,0.0,2.61,6.2,9.93,761.0,0.0
2014-10-20,0.71,-0.71,2.95,10.3,9.67,651.0,0.0
2014-10-21,0.71,0.71,4.04,7.7,9.95,570.0,0.0
2014-10-22,1.0,0.0,1.37,1.75,10.12,491.0,0.0
2014-10-23,-1.0,0.0,3.0,12.0,10.21,448.0,0.0
2014-10-24,-1.0,0.0,3.1,11.0,10.22,419.0,0.0
2014-10-25,-0.0,-1.0,4.71,14.7,10.17,404.0,0.0
2014-10-26,-1.0,0.0,1.82,8.9,10.09,379.0,0.0
2014-10-27,1.0,0.0,0.43,8.8,10.11,360.0,0.0
2014-10-28,-0.71,-0.71,2.58,8.7,9.93,343.0,0.0
2014-10-29,0.71,-0.71,4.39,5.6,9.57,337.0,0.0
2014-10-30,-0.71,-0.71,1.57,5.3,9.26,337.0,0.0
2014-10-31,1.0,0.0,10.0,2.3,8.79,342.0,0.0
2015-06-01,1.0,0.0,1.57,7.2,10.95,668.0,0.0
2015-06-02,-1.0,0.0,2.11,13.3,11.41,555.0,0.0
2015-06-03,-1.0,0.0,1.06,16.6,11.37,478.0,0.0
2015-06-04,1.0,0.0,0.57,11.1,11.53,1540.0,0.0
2015-06-05,1.0,0.0,1.56,8.8,11.81,1970.0,0.0
2015-06-06,1.0,0.0,0.6,7.1,11.95,1410.0,0.0
2015-06-07,-1.0,0.0,1.85,17.3,12.47,1040.0,0.0
2015-06-08,-1.0,0.0,1.27,17.2,13.45,881.0,0.0
2015-06-09,-1.0,0.0,1.38,16.6,14.02,912.0,0.0
2015-06-10,1.0,0.0,2.87,19.0,14.66,777.0,0.0
2015-06-11,1.0,0.0,0.72,15.3,15.07,614.0,0.0
2015-06-12,1.0,0.0,0.57,13.7,15.51,490.0,0.0
2015-06-13,1.0,0.0,0.2,13.9,15.94,412.0,0.0
2015-06-14,1.0,0.0,0.29,13.6,16.57,392.0,0.0
2015-06-15,1.0,0.0,1.0,17.7,16.8,420.0,0.0
2015-06-16,1.0,0.0,1.95,14.8,16.73,441.0,0.0
2015-06-17,1.0,0.0,0.59,13.4,16.72,404.0,0.0
2015-06-18,1.0,0.0,1.81,14.1,16.7,747.0,0.0
2015-06-19,-1.0,0.0,1.14,12.7,16.8,644.0,0.0
2015-06-20,-1.0,0.0,2.29,19.0,17.22,500.0,0.0
2015-06-21,1.0,0.0,0.05,12.6,17.72,608.0,0.0
2015-06-22,1.0,0.0,1.11,17.8,17.81,550.0,0.0
2015-06-23,1.0,0.0,2.31,17.3,17.67,529.0,0.0
2015-06-24,1.0,0.0,1.23,17.6,17.93,446.0,0.0
2015-06-25,1.0,0.0,0.88,14.1,18.21,405.0,0.0
2015-06-26,1.0,0.0,0.18,13.2,18.41,481.0,0.0
2015-06-27,1.0,0.0,0.2,15.4,18.9,411.0,0.0
2015-06-28,1.0,0.0,1.1,18.9,19.16,340.0,0.0
2015-06-29,1.0,0.0,0.33,18.4,19.23,308.0,0.0
2015-06-30,0.71,0.71,4.71,13.15,18.83,328.0,0.0
2015-07-01,1.0,0.0,0.05,11.4,18.62,366.0,0.0
2015-07-02,-1.0,0.0,1.73,15.2,18.47,331.0,0.0
2015-07-03,-1.0,0.0,1.49,19.1,18.74,293.0,0.0
2015-07-04,1.0,0.0,0.11,17.0,19.01,261.0,0.0
2015-07-05,-1.0,0.0,1.92,20.4,18.88,294.0,0.0
2015-07-06,1.0,0.0,2.8,19.2,18.36,359.0,0.0
2015-07-07,1.0,0.0,3.82,15.4,17.94,921.0,0.0
2015-07-08,-1.0,0.0,2.2,16.3,17.98,863.0,0.0
2015-07-09,1.0,0.0,0.55,17.1,18.11,634.0,0.0
2015-07-10,-1.0,0.0,1.53,21.0,18.41,458.0,0.0
2015-07-11,-1.0,0.0,0.92,23.7,19.18,348.0,0.0
2015-07-12,1.0,0.0,0.85,22.5,20.02,282.0,0.0
2015-07-13,1.0,0.0,0.47,20.9,20.24,408.0,0.0
2015-07-14,0.71,0.71,4.23,17.4,19.77,651.0,0.0
2015-07-15,1.0,0.0,0.72,14.9,19.49,557.0,0.0
2015-07-16,-1.0,0.0,1.01,20.5,19.77,430.0,0.0
2015-07-17,1.0,0.0,0.73,20.1,20.34,347.0,0.0
2015-07-18,1.0,0.0,1.6,23.3,20.61,296.0,0.0
2015-07-19,-0.71,-0.71,3.33,24.2,20.38,255.0,0.0
2015-07-20,0.71,-0.71,3.6,22.2,19.99,226.0,0.0
2015-07-21,1.0,0.0,1.48,19.3,19.35,199.0,0.0
2015-07-22,1.0,0.0,1.26,18.8,19.6,176.0,0.0
2015-07-23,-1.0,0.0,0.9,23.1,20.06,161.0,0.0
2015-07-24,1.0,0.0,0.61,22.55,20.73,149.0,0.0
2015-07-25,1.0,0.0,0.01,23.3,21.48,147.0,0.0
2015-07-26,1.0,0.0,0.0,24.2,21.83,141.0,0.0
2015-07-27,1.0,0.0,0.03,22.3,22.17,147.0,0.0
2015-07-28,,,,23.7,21.85,130.0,0.0
2015-07-29,,,,22.7,20.91,120.0,0.0
2015-07-30,,,,21.9,19.93,114.0,0.0
2015-07-31,,,,20.0,19.39,111.0,0.0
2015-08-01,,,,19.2,19.21,108.0,0.0
2015-08-02,,,,20.6,19.17,110.0,0.0
2015-08-03,0.71,-0.71,4.43,18.6,18.97,107.0,0.0
2015-08-04,0.71,0.71,2.06,17.5,18.9,103.0,0.0
2015-08-05,1.0,0.0,1.97,16.0,18.88,97.0,0.0
2015-08-06,1.0,0.0,0.75,18.5,19.08,92.3,0.0
2015-08-07,1.0,0.0,0.66,19.0,19.43,103.0,0.0
2015-08-08,1.0,0.0,0.58,18.0,19.69,115.0,0.0
2015-08-09,1.0,0.0,1.32,21.1,20.17,114.0,0.0
2015-08-10,1.0,0.0,0.01,19.4,20.45,118.0,0.0
2015-08-11,1.0,0.0,1.05,18.6,20.4,116.0,0.0
2015-08-12,-1.0,0.0,2.08,18.5,20.81,105.0,0.0
2015-08-13,-1.0,0.0,2.44,23.9,21.78,98.2,0.0
2015-08-14,-1.0,0.0,1.51,25.8,22.64,94.0,0.0
2015-08-15,-1.0,0.0,1.21,22.8,22.72,89.2,0.0
2015-08-16,-0.71,-0.71,2.85,24.9,22.75,84.9,0.0
2015-08-17,1.0,0.0,1.28,19.6,22.31,83.5,0.0
2015-08-18,1.0,0.0,3.22,17.8,21.46,86.5,0.0
2015-08-19,1.0,0.0,2.72,17.0,20.46,119.0,0.0
2015-08-20,-0.0,-1.0,3.06,14.9,19.63,173.0,0.0
2015-08-21,-1.0,0.0,3.28,14.5,19.28,203.0,0.0
2015-08-22,-1.0,0.0,3.65,22.45,19.25,178.0,0.0
2015-08-23,-1.0,0.0,3.79,16.7,18.92,150.0,0.0
2015-08-24,-0.0,-1.0,3.5,12.9,17.94,142.0,0.0
2015-08-25,-0.0,-1.0,2.64,13.2,16.74,139.0,0.0
2015-08-26,1.0,0.0,0.72,15.1,16.13,135.0,0.0
2015-08-27,-1.0,0.0,1.06,13.4,15.76,126.0,0.0
2015-08-28,-1.0,0.0,2.23,18.9,15.83,118.0,0.0
2015-08-29,-1.0,0.0,1.93,19.9,15.83,111.0,0.0
2015-08-30,-1.0,0.0,2.68,19.3,15.99,104.0,0.0
2015-08-31,-1.0,0.0,3.11,22.7,16.08,99.1,0.0
2015-09-01,-1.0,0.0,1.6,23.7,16.32,95.7,0.0
2015-09-02,1.0,0.0,0.6,20.1,16.91,102.0,0.0
2015-09-03,1.0,0.0,0.59,16.6,17.51,159.0,0.0
2015-09-04,1.0,0.0,0.18,15.5,17.77,229.0,0.0
2015-09-05,-1.0,0.0,1.23,22.8,18.08,207.0,0.0
2015-09-06,-1.0,0.0,2.89,26.9,18.68,174.0,0.0
2015-09-07,1.0,0.0,0.32,20.9,19.11,309.0,0.0
2015-09-08,1.0,0.0,0.34,17.5,18.92,378.0,0.0
2015-09-09,-1.0,0.0,3.08,16.65,18.33,300.0,0.0
2015-09-10,1.0,0.0,1.67,15.3,17.74,237.0,0.0
2015-09-11,1.0,0.0,4.44,13.6,17.15,196.0,0.0
2015-09-12,-1.0,0.0,0.87,9.6,16.55,171.0,0.0
2015-09-13,-1.0,0.0,2.45,11.8,16.37,155.0,0.0
2015-09-14,-1.0,0.0,2.48,17.4,16.34,141.0,0.0
2015-09-15,-1.0,0.0,2.41,20.7,16.47,129.0,0.0
2015-09-16,-1.0,0.0,5.2,24.85,16.51,118.0,0.0
2015-09-17,-1.0,0.0,3.62,24.3,16.53,118.0,0.0
2015-09-18,1.0,0.0,1.39,16.4,16.52,122.0,0.0
2015-09-19,1.0,0.0,1.74,14.6,16.35,166.0,0.0
2015-09-20,-1.0,0.0,2.55,15.4,16.16,176.0,0.0
2015-09-21,-1.0,0.0,3.72,16.8,16.09,148.0,0.0
2015-09-22,-1.0,0.0,3.27,18.7,16.06,129.0,0.0
2015-09-23,1.0,0.0,1.64,11.3,15.94,120.0,0.0
2015-09-24,1.0,0.0,0.29,15.2,15.87,121.0,0.0
2015-09-25,0.71,0.71,1.84,14.9,15.82,127.0,0.0
2015-09-26,1.0,0.0,0.13,14.1,15.83,127.0,0.0
2015-09-27,-1.0,0.0,2.43,18.0,15.86,122.0,0.0
2015-09-28,1.0,0.0,1.65,18.6,15.73,124.0,0.0
2015-09-29,1.0,0.0,3.18,12.5,15.46,137.0,0.0
2015-09-30,1.0,0.0,0.6,5.8,15.14,160.0,0.0
2015-10-01,1.0,0.0,2.71,7.1,14.83,140.0,0.0
2015-10-02,1.0,0.0,2.82,7.5,14.61,121.0,0.0
2015-10-03,1.0,0.0,2.73,8.1,14.4,111.0,0.0
2015-10-04,1.0,0.0,0.19,6.2,14.21,106.0,0.0
2015-10-05,1.0,0.0,0.13,7.3,14.19,106.0,0.0
2015-10-06,1.0,0.0,0.15,13.2,14.21,106.0,0.0
2015-10-07,1.0,0.0,1.61,11.0,14.01,107.0,0.0
2015-10-08,1.0,0.0,1.2,11.3,13.79,115.0,0.0
2015-10-09,1.0,0.0,4.05,11.5,13.46,154.0,0.0
2015-10-10,-1.0,0.0,3.38,8.9,13.2,185.0,0.0
2015-10-11,-1.0,0.0,5.16,19.2,13.03,170.0,0.0
2015-10-12,-0.71,-0.71,4.09,17.1,12.7,153.0,0.0
2015-10-13,0.71,-0.71,7.47,9.8,12.19,143.0,0.0
2015-10-14,1.0,0.0,2.26,6.5,11.86,142.0,0.0
2015-10-15,-0.71,-0.71,4.18,10.8,11.7,141.0,0.0
2015-10-16,1.0,0.0,5.8,5.55,11.54,135.0,0.0
2015-10-17,1.0,0.0,0.0,4.6,11.24,125.0,0.0
2015-10-18,1.0,0.0,0.0,1.6,11.04,123.0,0.0
2015-10-19,-1.0,0.0,4.08,13.5,10.99,119.0,0.0
2015-10-20,1.0,0.0,3.66,8.6,10.87,121.0,0.0
2015-10-21,1.0,0.0,1.71,7.8,10.77,120.0,0.0
2015-10-22,1.0,0.0,2.22,8.2,10.72,121.0,0.0
2015-10-23,1.0,0.0,0.1,7.2,10.68,121.0,0.0
2015-10-24,0.71,-0.71,3.4,10.3,10.58,135.0,0.0
2015-10-25,1.0,0.0,1.95,7.4,10.49,172.0,0.0
2015-10-26,1.0,0.0,0.08,5.8,10.49,217.0,0.0
2015-10-27,1.0,0.0,0.23,5.8,10.47,262.0,0.0
2015-10-28,1.0,0.0,0.39,7.8,10.38,359.0,0.0
2015-10-29,0.71,-0.71,5.87,6.0,10.16,712.0,0.0
2015-10-30,1.0,0.0,2.22,7.0,10.01,921.0,0.0
2015-10-31,-1.0,0.0,1.38,7.7,10.0,843.0,0.0
2016-06-01,-0.71,-0.71,3.11,15.9,11.58,5440.0,0.0
2016-06-02,-0.71,-0.71,2.39,15.0,11.37,3650.0,0.0
2016-06-03,-1.0,0.0,1.8,12.1,11.77,2430.0,0.0
2016-06-04,0.71,-0.71,1.56,12.5,12.12,2430.0,0.0
2016-06-05,-0.71,-0.71,1.98,12.3,12.34,3430.0,0.0
2016-06-06,-0.71,-0.71,3.18,13.5,12.37,3340.0,0.0
2016-06-07,0.71,-0.71,2.86,11.3,12.44,2550.0,0.0
2016-06-08,0.71,0.71,2.8,12.2,12.61,1860.0,0.0
2016-06-09,-1.0,0.0,1.89,13.3,12.86,1360.0,0.0
2016-06-10,-1.0,0.0,1.93,16.1,12.94,1040.0,0.0
2016-06-11,-1.0,0.0,2.74,20.0,13.74,1100.0,0.0
2016-06-12,-1.0,0.0,2.8,12.8,14.3,921.0,0.0
2016-06-13,0.71,0.71,2.77,13.2,14.26,1190.0,0.0
2016-06-14,1.0,0.0,2.09,10.9,14.28,1220.0,0.0
2016-06-15,0.71,0.71,2.64,14.9,14.33,3330.0,0.0
2016-06-16,1.0,0.0,2.03,9.4,14.34,8130.0,0.0
2016-06-17,-1.0,0.0,1.54,15.3,14.28,3210.0,0.0
2016-06-18,-1.0,0.0,1.3,18.4,14.13,1820.0,0.0
2016-06-19,-1.0,0.0,4.11,23.7,14.38,1230.0,0.0
2016-06-20,-0.0,-1.0,5.49,22.0,14.89,903.0,0.0
2016-06-21,-1.0,0.0,3.24,18.7,15.64,726.0,0.0
2016-06-22,-1.0,0.0,3.26,15.3,16.23,528.0,0.0
2016-06-23,0.71,0.71,1.76,15.2,16.75,481.0,0.0
2016-06-24,-1.0,0.0,2.66,20.3,17.26,438.0,0.0
2016-06-25,-1.0,0.0,3.09,22.4,17.02,386.0,0.0
2016-06-26,-0.71,-0.71,4.51,22.05,16.54,468.0,0.0
2016-06-27,-0.0,-1.0,3.16,16.1,16.53,518.0,0.0
2016-06-28,0.71,0.71,1.16,14.8,16.52,452.0,0.0
2016-06-29,-1.0,0.0,2.91,17.9,16.8,387.0,0.0
2016-06-30,-1.0,0.0,2.84,16.3,17.23,369.0,0.0
2016-07-01,1.0,0.0,2.49,14.0,17.44,530.0,0.0
2016-07-02,-1.0,0.0,2.42,18.1,17.89,462.0,0.0
2016-07-03,-1.0,0.0,2.5,18.9,18.45,367.0,0.0
2016-07-04,-1.0,0.0,3.05,20.7,18.71,308.0,0.0
2016-07-05,-1.0,0.0,2.75,22.8,19.04,267.0,0.0
2016-07-06,0.71,0.71,1.84,19.8,19.6,240.0,0.0
2016-07-07,-1.0,0.0,1.75,19.2,20.09,218.0,0.0
2016-07-08,-1.0,0.0,2.54,17.7,19.64,224.0,0.0
2016-07-09,-1.0,0.0,1.92,15.4,19.26,271.0,0.0
2016-07-10,-1.0,0.0,2.01,18.2,19.21,265.0,0.0
2016-07-11,-1.0,0.0,2.08,21.6,18.72,927.0,0.0
2016-07-12,-1.0,0.0,4.53,21.7,18.01,31900.0,0.0
2016-07-13,-0.71,-0.71,5.37,24.2,17.55,17400.0,0.0
2016-07-14,-0.71,-0.71,3.29,18.2,17.86,8790.0,0.0
2016-07-15,0.71,0.71,3.03,15.2,18.1,4490.0,0.0
2016-07-16,0.71,0.71,1.69,16.5,18.11,2510.0,0.0
2016-07-17,-1.0,0.0,3.28,20.8,18.14,1660.0,0.0
2016-07-18,-1.0,0.0,2.22,19.8,18.26,1220.0,0.0
2016-07-19,-1.0,0.0,2.03,18.3,18.6,916.0,0.0
2016-07-20,-1.0,0.0,2.65,22.4,18.85,735.0,0.0
2016-07-21,-1.0,0.0,4.04,27.4,19.35,726.0,0.0
2016-07-22,-1.0,0.0,2.35,22.9,20.06,825.0,0.0
2016-07-23,-1.0,0.0,1.71,21.4,20.74,656.0,0.0
2016-07-24,-1.0,0.0,3.03,22.8,21.22,573.0,0.0
2016-07-25,-0.71,-0.71,2.22,22.8,21.49,547.0,0.0
2016-07-26,-1.0,0.0,2.87,22.9,21.48,476.0,0.0
2016-07-27,-1.0,0.0,2.82,21.1,20.96,419.0,0.0
2016-07-28,0.71,0.71,4.18,19.2,20.53,449.0,0.0
2016-07-29,-1.0,0.0,2.25,15.4,20.52,432.0,0.0
2016-07-30,0.71,0.71,2.69,19.2,20.92,383.0,0.0
2016-07-31,-1.0,0.0,2.69,20.2,21.36,342.0,0.0
2016-08-01,-1.0,0.0,3.02,20.45,21.66,305.0,0.0
2016-08-02,-1.0,0.0,2.06,21.9,21.94,311.0,0.0
2016-08-03,-1.0,0.0,1.81,22.8,22.16,410.0,0.0
2016-08-04,-1.0,0.0,3.3,23.75,21.87,357.0,0.0
2016-08-05,0.71,-0.71,3.68,21.1,21.46,310.0,0.0
2016-08-06,-1.0,0.0,2.33,19.7,21.37,275.0,0.0
2016-08-07,-1.0,0.0,2.41,19.2,21.27,251.0,0.0
2016-08-08,-1.0,0.0,1.94,17.1,21.24,225.0,0.0
2016-08-09,-1.0,0.0,3.29,22.5,21.4,206.0,0.0
2016-08-10,0.71,0.71,3.68,20.1,21.59,210.0,0.0
2016-08-11,0.71,0.71,3.07,19.6,21.62,445.0,0.0
2016-08-12,0.71,0.71,3.09,18.2,21.62,718.0,0.0
2016-08-13,0.71,-0.71,2.24,18.7,21.59,617.0,0.0
2016-08-14,-1.0,0.0,1.68,19.0,21.59,501.0,0.0
2016-08-15,-1.0,0.0,2.5,20.1,21.81,404.0,0.0
2016-08-16,-1.0,0.0,1.46,20.5,22.18,339.0,0.0
2016-08-17,-1.0,0.0,1.98,20.0,22.36,297.0,0.0
2016-08-18,-1.0,0.0,2.47,21.7,22.4,267.0,0.0
2016-08-19,-1.0,0.0,1.75,21.3,22.08,250.0,0.0
2016-08-20,-1.0,0.0,2.58,17.9,21.51,413.0,0.0
2016-08-21,0.71,-0.71,6.08,18.0,21.1,1360.0,0.0
2016-08-22,-1.0,0.0,3.71,15.4,20.89,1550.0,0.0
2016-08-23,-1.0,0.0,5.04,22.7,20.91,1050.0,0.0
2016-08-24,-1.0,0.0,1.86,23.0,21.08,743.0,0.0
2016-08-25,-1.0,0.0,3.76,20.6,21.06,595.0,0.0
2016-08-26,-0.71,-0.71,2.6,17.2,20.95,489.0,0.0
2016-08-27,-1.0,0.0,2.01,16.8,20.97,410.0,0.0
2016-08-28,0.71,0.71,1.83,17.5,21.0,362.0,0.0
2016-08-29,-1.0,0.0,2.23,20.8,20.98,335.0,0.0
2016-08-30,-1.0,0.0,2.37,20.6,21.02,411.0,0.0
2016-08-31,-1.0,0.0,2.27,16.3,20.82,381.0,0.0
2016-09-01,-1.0,0.0,3.43,17.0,20.62,325.0,0.0
2016-09-02,-1.0,0.0,2.84,14.9,20.47,287.0,0.0
2016-09-03,-1.0,0.0,2.67,16.9,20.38,259.0,0.0
2016-09-04,-1.0,0.0,2.26,17.7,20.31,238.0,0.0
2016-09-05,-1.0,0.0,3.72,21.6,20.37,234.0,0.0
2016-09-06,-1.0,0.0,2.04,21.8,20.34,725.0,0.0
2016-09-07,0.71,0.71,2.25,20.2,20.04,1430.0,0.0
2016-09-08,-0.0,-1.0,2.72,19.5,19.85,1830.0,0.0
2016-09-09,-1.0,0.0,3.07,16.8,19.67,1770.0,0.0
2016-09-10,1.0,0.0,4.66,18.2,19.52,1410.0,0.0
2016-09-11,-1.0,0.0,3.84,15.0,19.36,1370.0,0.0
2016-09-12,-1.0,0.0,4.41,20.3,19.0,932.0,0.0
2016-09-13,1.0,0.0,4.72,17.4,18.71,708.0,0.0
2016-09-14,-1.0,0.0,2.77,14.4,18.45,581.0,0.0
2016-09-15,-1.0,0.0,2.79,11.5,18.32,485.0,0.0
2016-09-16,-1.0,0.0,2.16,19.7,18.35,423.0,0.0
2016-09-17,-0.71,-0.71,2.33,18.2,18.39,397.0,0.0
2016-09-18,-1.0,0.0,2.5,16.8,18.52,378.0,0.0
2016-09-19,-1.0,0.0,3.94,20.5,18.51,360.0,0.0
2016-09-20,-1.0,0.0,3.41,17.2,18.3,332.0,0.0
2016-09-21,-1.0,0.0,3.41,16.3,18.14,311.0,0.0
2016-09-22,0.71,0.71,3.92,15.7,18.03,396.0,0.0
2016-09-23,-1.0,0.0,3.5,14.7,17.82,545.0,0.0
2016-09-24,-1.0,0.0,1.65,15.5,17.6,494.0,0.0
2016-09-25,-1.0,0.0,2.78,18.25,17.25,412.0,0.0
2016-09-26,-0.71,-0.71,4.21,11.2,16.48,365.0,0.0
2016-09-27,-0.0,-1.0,4.27,11.0,15.78,477.0,0.0
2016-09-28,0.71,0.71,8.81,13.4,15.0,1080.0,0.0
2016-09-29,0.71,0.71,4.46,13.6,14.37,1530.0,0.0
2016-09-30,1.0,0.0,2.23,12.0,14.33,1220.0,0.0
2016-10-01,-1.0,0.0,1.76,13.0,14.44,890.0,0.0
2016-10-02,0.71,-0.71,1.34,13.4,14.5,686.0,0.0
2016-10-03,-1.0,0.0,1.7,9.85,14.44,556.0,0.0
2016-10-04,-1.0,0.0,2.46,15.0,14.1,464.0,0.0
2016-10-05,-1.0,0.0,3.65,18.5,13.71,410.0,0.0
2016-10-06,-1.0,0.0,2.46,13.8,13.33,423.0,0.0
2016-10-07,-0.0,-1.0,4.46,8.6,13.09,960.0,0.0
2016-10-08,-0.71,-0.71,3.87,5.9,12.51,1420.0,0.0
2016-10-09,-1.0,0.0,2.71,6.2,11.93,1120.0,0.0
2016-10-10,-1.0,0.0,4.5,12.3,11.77,857.0,0.0
2016-10-11,-1.0,0.0,3.55,17.55,11.94,692.0,0.0
2016-10-12,0.71,-0.71,4.74,8.3,11.96,609.0,0.0
2016-10-13,-0.71,-0.71,2.84,5.6,11.82,563.0,0.0
2016-10-14,-1.0,0.0,3.64,9.1,11.67,504.0,0.0
2016-10-15,-1.0,0.0,5.35,17.7,11.5,458.0,0.0
2016-10-16,-1.0,0.0,2.94,11.0,11.41,436.0,0.0
2016-10-17,0.71,0.71,2.03,10.9,11.38,1040.0,0.0
2016-10-18,-0.71,-0.71,2.56,10.9,11.56,1430.0,0.0
2016-10-19,-1.0,0.0,3.88,9.4,11.42,1200.0,0.0
2016-10-20,0.71,-0.71,3.53,7.3,11.17,938.0,0.0
2016-10-21,-1.0,0.0,2.43,6.2,11.01,758.0,0.0
2016-10-22,-1.0,0.0,1.99,8.5,10.96,639.0,0.0
2016-10-23,-1.0,0.0,3.3,7.2,10.88,562.0,0.0
2016-10-24,1.0,0.0,3.93,7.0,10.75,520.0,0.0
2016-10-25,-1.0,0.0,3.47,1.3,10.65,484.0,0.0
2016-10-26,0.0,1.0,1.68,4.7,10.66,451.0,0.0
2016-10-27,-1.0,0.0,1.51,4.4,10.72,470.0,0.0
2016-10-28,-1.0,0.0,2.67,7.6,10.75,477.0,0.0
2016-10-29,0.71,0.71,2.88,10.8,10.54,463.0,0.0
2016-10-30,-0.0,-1.0,2.33,7.1,10.28,458.0,0.0
2016-10-31,-1.0,0.0,3.16,7.9,10.14,449.0,0.0
2017-06-01,-1.0,0.0,2.63,15.1,9.95,843.0,0.0
2017-06-02,-1.0,0.0,1.94,14.2,9.59,722.0,0.0
2017-06-03,0.71,0.71,1.42,11.6,9.54,646.0,0.0
2017-06-04,-1.0,0.0,2.19,10.9,9.63,626.0,0.0
2017-06-05,1.0,0.0,1.84,8.9,9.77,565.0,0.0
2017-06-06,-1.0,0.0,1.7,11.8,9.75,498.0,0.0
2017-06-07,-1.0,0.0,1.32,13.0,9.57,436.0,0.0
2017-06-08,-1.0,0.0,1.79,17.0,9.38,391.0,0.0
2017-06-09,1.0,0.0,1.33,11.5,9.88,353.0,0.0
2017-06-10,-1.0,0.0,5.14,21.15,10.81,317.0,0.0
2017-06-11,-1.0,0.0,2.45,17.3,12.11,296.0,0.0
2017-06-12,-1.0,0.0,2.07,17.8,11.82,297.0,0.0
2017-06-13,-1.0,0.0,1.79,13.85,11.78,343.0,0.0
2017-06-14,1.0,0.0,2.02,12.1,13.1,548.0,0.0
2017-06-15,0.71,0.71,1.57,11.2,14.76,522.0,0.0
2017-06-16,-1.0,0.0,3.17,20.4,15.59,457.0,0.0
2017-06-17,-1.0,0.0,2.56,17.8,15.87,380.0,0.0
2017-06-18,-1.0,0.0,2.54,16.4,15.99,475.0,0.0
2017-06-19,0.71,-0.71,2.59,15.6,16.07,966.0,0.0
2017-06-20,0.71,0.71,2.06,15.8,16.28,853.0,0.0
2017-06-21,-1.0,0.0,2.84,16.4,16.38,648.0,0.0
2017-06-22,-0.71,-0.71,1.89,19.8,16.28,505.0,0.0
2017-06-23,0.71,-0.71,3.75,17.9,16.43,416.0,0.0
2017-06-24,-0.0,-1.0,2.87,15.6,16.37,358.0,0.0
2017-06-25,-0.71,-0.71,2.34,13.6,15.74,342.0,0.0
2017-06-26,0.71,-0.71,5.2,11.9,15.24,483.0,0.0
2017-06-27,-1.0,0.0,2.69,15.4,15.19,543.0,0.0
2017-06-28,-1.0,0.0,2.16,18.3,15.67,447.0,0.0
2017-06-29,-0.71,-0.71,1.8,15.2,16.21,539.0,0.0
2017-06-30,-0.71,-0.71,1.27,16.1,16.87,591.0,0.0
2017-07-01,-1.0,0.0,1.33,14.55,17.28,528.0,0.0
2017-07-02,-1.0,0.0,1.47,17.6,17.68,456.0,0.0
2017-07-03,-1.0,0.0,2.24,16.7,18.17,381.0,0.0
2017-07-04,-1.0,0.0,1.31,17.1,18.44,329.0,0.0
2017-07-05,-1.0,0.0,2.85,21.1,18.58,320.0,0.0
2017-07-06,-1.0,0.0,2.73,22.1,18.39,329.0,0.0
2017-07-07,1.0,0.0,2.21,16.7,18.37,397.0,0.0
2017-07-08,-1.0,0.0,2.81,17.0,18.41,450.0,0.0
2017-07-09,-1.0,0.0,2.36,19.2,18.53,382.0,0.0
2017-07-10,-1.0,0.0,1.67,16.9,18.83,395.0,0.0
2017-07-11,-1.0,0.0,1.85,18.9,19.0,352.0,0.0
2017-07-12,0.71,0.71,2.68,16.9,18.67,311.0,0.0
2017-07-13,0.71,-0.71,3.23,10.8,18.17,307.0,0.0
2017-07-14,-1.0,0.0,1.7,12.3,17.77,291.0,0.0
2017-07-15,-1.0,0.0,2.48,19.95,17.91,267.0,0.0
2017-07-16,0.71,0.71,5.1,15.9,17.81,241.0,0.0
2017-07-17,-1.0,0.0,3.15,16.0,18.05,212.0,0.0
2017-07-18,-0.71,-0.71,1.52,21.8,18.6,210.0,0.0
2017-07-19,-1.0,0.0,1.74,20.5,19.29,233.0,0.0
2017-07-20,-1.0,0.0,1.8,21.6,19.91,212.0,0.0
2017-07-21,-1.0,0.0,1.69,20.6,20.52,192.0,0.0
2017-07-22,0.71,0.71,2.26,18.2,20.47,196.0,0.0
2017-07-23,1.0,0.0,2.78,14.8,20.27,298.0,0.0
2017-07-24,0.71,0.71,2.26,14.6,20.12,239.0,0.0
2017-07-25,-1.0,0.0,2.89,19.3,20.41,202.0,0.0
2017-07-26,-1.0,0.0,2.23,22.9,21.17,181.0,0.0
2017-07-27,-1.0,0.0,1.82,19.9,21.58,166.0,0.0
2017-07-28,0.71,0.71,1.93,18.4,21.88,157.0,0.0
2017-07-29,0.71,0.71,1.24,19.7,22.34,152.0,0.0
2017-07-30,-1.0,0.0,2.18,22.6,22.81,146.0,0.0
2017-07-31,-1.0,0.0,2.44,22.75,22.99,139.0,0.0
2017-08-01,-1.0,0.0,2.67,21.4,22.81,132.0,0.0
2017-08-02,0.71,0.71,5.78,18.2,22.36,129.0,0.0
2017-08-03,0.71,0.71,3.91,12.65,21.65,146.0,0.0
2017-08-04,1.0,0.0,5.67,14.5,20.81,347.0,0.0
2017-08-05,-1.0,0.0,2.13,16.7,20.29,409.0,0.0
2017-08-06,-1.0,0.0,2.33,17.5,20.07,322.0,0.0
2017-08-07,-1.0,0.0,2.08,15.1,20.07,252.0,0.0
2017-08-08,-1.0,0.0,3.57,19.1,20.1,209.0,0.0
2017-08-09,-1.0,0.0,1.88,18.15,20.01,183.0,0.0
2017-08-10,-1.0,0.0,2.94,17.5,19.78,202.0,0.0
2017-08-11,0.71,0.71,4.76,17.3,19.63,378.0,0.0
2017-08-12,-1.0,0.0,1.87,15.5,19.82,352.0,0.0
2017-08-13,-1.0,0.0,2.46,18.5,20.07,271.0,0.0
2017-08-14,-1.0,0.0,1.23,17.2,20.06,230.0,0.0
2017-08-15,-1.0,0.0,2.51,15.0,20.02,208.0,0.0
2017-08-16,-1.0,0.0,2.45,15.75,20.0,188.0,0.0
2017-08-17,0.71,0.71,2.96,17.9,19.95,387.0,0.0
2017-08-18,0.71,-0.71,3.43,18.0,19.92,1090.0,0.0
2017-08-19,-1.0,0.0,2.71,18.6,19.93,759.0,0.0
2017-08-20,-1.0,0.0,2.93,20.4,20.01,562.0,0.0
2017-08-21,-1.0,0.0,1.93,18.8,19.87,442.0,0.0
2017-08-22,-0.0,-1.0,4.59,17.6,19.47,393.0,0.0
2017-08-23,0.71,0.71,4.02,16.2,19.09,328.0,0.0
2017-08-24,-1.0,0.0,2.76,12.25,18.92,272.0,0.0
2017-08-25,0.71,0.71,2.68,11.3,18.8,232.0,0.0
2017-08-26,-1.0,0.0,1.81,15.75,18.88,216.0,0.0
2017-08-27,-1.0,0.0,2.26,16.7,18.81,436.0,0.0
2017-08-28,-1.0,0.0,1.69,16.5,18.74,677.0,0.0
2017-08-29,-1.0,0.0,1.17,15.8,18.81,602.0,0.0
2017-08-30,-1.0,0.0,4.69,17.6,18.64,515.0,0.0
2017-08-31,-1.0,0.0,3.42,13.4,18.2,457.0,0.0
2017-09-01,-1.0,0.0,2.73,12.05,17.89,381.0,0.0
2017-09-02,-1.0,0.0,3.78,17.0,17.91,326.0,0.0
2017-09-03,-1.0,0.0,3.35,16.9,17.99,317.0,0.0
2017-09-04,-0.71,-0.71,4.18,16.6,17.93,311.0,0.0
2017-09-05,0.71,-0.71,6.89,13.3,17.66,291.0,0.0
2017-09-06,1.0,0.0,5.35,13.5,17.34,331.0,0.0
2017-09-07,-1.0,0.0,2.9,11.8,17.01,446.0,0.0
2017-09-08,-1.0,0.0,3.61,11.1,16.84,396.0,0.0
2017-09-09,-1.0,0.0,2.46,11.3,16.77,324.0,0.0
2017-09-10,-1.0,0.0,3.68,15.8,16.74,275.0,0.0
2017-09-11,-1.0,0.0,4.7,19.7,16.8,242.0,0.0
2017-09-12,-1.0,0.0,2.18,17.2,17.19,222.0,0.0
2017-09-13,-1.0,0.0,2.89,19.4,17.43,203.0,0.0
2017-09-14,-1.0,0.0,2.44,20.4,17.71,184.0,0.0
2017-09-15,0.71,0.71,4.96,17.5,17.61,171.0,0.0
2017-09-16,0.71,0.71,2.46,20.6,17.4,161.0,0.0
2017-09-17,-0.71,-0.71,2.57,17.2,17.24,167.0,0.0
2017-09-18,-1.0,0.0,1.66,11.7,17.19,196.0,0.0
2017-09-19,-1.0,0.0,1.49,15.6,17.43,209.0,0.0
2017-09-20,-1.0,0.0,3.32,19.8,17.48,220.0,0.0
2017-09-21,-1.0,0.0,2.51,15.4,17.63,268.0,0.0
2017-09-22,-1.0,0.0,2.9,22.85,17.6,314.0,0.0
2017-09-23,-1.0,0.0,4.74,26.8,17.2,817.0,0.0
2017-09-24,-1.0,0.0,2.34,23.75,17.05,754.0,0.0
2017-09-25,-1.0,0.0,2.56,19.7,16.93,594.0,0.0
2017-09-26,0.71,0.71,2.6,15.5,16.57,941.0,0.0
2017-09-27,-0.71,-0.71,2.65,12.3,16.39,1000.0,0.0
2017-09-28,-1.0,0.0,2.98,11.9,16.36,802.0,0.0
2017-09-29,1.0,0.0,5.24,13.2,16.25,682.0,0.0
2017-09-30,-1.0,0.0,2.71,8.8,16.13,584.0,0.0
2017-10-01,-1.0,0.0,2.87,15.1,16.06,486.0,0.0
2017-10-02,-1.0,0.0,2.75,17.7,15.91,466.0,0.0
2017-10-03,-1.0,0.0,2.21,19.2,15.74,2690.0,0.0
2017-10-04,-0.71,-0.71,3.02,11.8,15.64,2100.0,0.0
2017-10-05,-1.0,0.0,2.59,9.9,15.44,1550.0,0.0
2017-10-06,-1.0,0.0,2.26,11.7,15.23,1120.0,0.0
2017-10-07,-1.0,0.0,1.35,13.1,15.2,917.0,0.0
2017-10-08,-1.0,0.0,3.01,14.0,15.17,1110.0,0.0
2017-10-09,-1.0,0.0,3.04,11.1,14.92,997.0,0.0
2017-10-10,-1.0,0.0,2.7,8.6,14.74,808.0,0.0
2017-10-11,-1.0,0.0,2.46,3.7,14.6,658.0,0.0
2017-10-12,-1.0,0.0,2.3,12.9,14.47,562.0,0.0
2017-10-13,-1.0,0.0,3.54,14.1,14.3,504.0,0.0
2017-10-14,-1.0,0.0,3.14,5.6,14.14,457.0,0.0
2017-10-15,0.71,0.71,8.0,9.5,13.94,880.0,0.0
2017-10-16,-1.0,0.0,3.47,5.25,13.76,1360.0,0.0
2017-10-17,-1.0,0.0,3.31,13.7,13.7,1060.0,0.0
2017-10-18,-1.0,0.0,4.57,16.2,13.56,832.0,0.0
2017-10-19,-0.71,-0.71,3.41,13.4,13.41,674.0,0.0
2017-10-20,-1.0,0.0,3.78,16.7,13.44,569.0,0.0
2017-10-21,-1.0,0.0,5.19,19.9,13.33,499.0,0.0
2017-10-22,-0.71,-0.71,3.63,13.2,13.2,484.0,0.0
2017-10-23,-1.0,0.0,3.33,12.5,13.11,484.0,0.0
2017-10-24,0.71,-0.71,12.25,8.1,12.92,527.0,0.0
2017-10-25,0.71,-0.71,4.68,6.2,12.57,898.0,0.0
2017-10-26,-1.0,0.0,2.35,7.1,12.64,865.0,0.0
2017-10-27,0.71,0.71,9.81,6.05,12.73,1410.0,0.0
2017-10-28,1.0,0.0,10.42,2.9,12.66,3480.0,0.0
2017-10-29,-1.0,0.0,3.36,0.2,12.41,2440.0,0.0
2017-10-30,-0.71,-0.71,4.2,2.5,12.26,1870.0,0.0
2017-10-31,-0.71,-0.71,4.12,-0.3,11.73,1620.0,0.0
2018-06-01,0.71,0.71,8.07,6.2,4.86,1340.0,0.0
2018-06-02,0.71,0.71,2.12,6.3,4.87,1050.0,0.0
2018-06-03,-0.0,-1.0,2.62,11.2,4.86,1640.0,0.0
2018-06-04,-0.71,-0.71,3.61,14.4,4.88,1470.0,0.0
2018-06-05,1.0,0.0,2.25,8.8,4.94,1130.0,0.0
2018-06-06,-1.0,0.0,2.31,9.8,5.09,868.0,0.0
2018-06-07,-1.0,0.0,1.68,12.9,5.36,745.0,0.0
2018-06-08,-1.0,0.0,1.24,12.0,5.75,633.0,0.0
2018-06-09,1.0,0.0,0.97,13.95,6.01,543.0,0.0
2018-06-10,1.0,0.0,1.57,13.7,6.08,477.0,0.0
2018-06-11,-1.0,0.0,1.72,13.3,6.29,418.0,0.0
2018-06-12,0.71,-0.71,0.91,14.3,6.57,379.0,0.0
2018-06-13,-0.0,-1.0,3.26,19.3,6.75,371.0,0.0
2018-06-14,-1.0,0.0,2.41,17.85,6.84,332.0,0.0
2018-06-15,-1.0,0.0,3.37,18.7,6.94,2030.0,0.0
2018-06-16,-1.0,0.0,1.62,12.9,7.12,8230.0,0.0
2018-06-17,-1.0,0.0,2.24,19.7,7.39,8840.0,0.0
2018-06-18,1.0,0.0,1.11,17.1,7.69,12600.0,0.0
2018-06-19,1.0,0.0,1.35,13.3,7.96,7560.0,0.0
2018-06-20,-1.0,0.0,1.56,14.0,8.18,3900.0,0.0
2018-06-21,1.0,0.0,1.78,11.6,8.29,2190.0,0.0
2018-06-22,-1.0,0.0,1.32,13.1,8.36,1400.0,0.0
2018-06-23,0.71,0.71,1.69,16.3,8.39,1030.0,0.0
2018-06-24,0.71,0.71,3.69,10.0,8.47,794.0,0.0
2018-06-25,-1.0,0.0,1.97,11.7,8.46,639.0,0.0
2018-06-26,-1.0,0.0,1.33,12.8,8.6,531.0,0.0
2018-06-27,0.71,0.71,1.61,14.9,8.81,455.0,0.0
2018-06-28,-1.0,0.0,2.32,22.0,9.19,403.0,0.0
2018-06-29,-1.0,0.0,2.35,19.0,9.74,363.0,0.0
2018-06-30,0.71,-0.71,1.75,18.5,11.39,338.0,0.0
2018-07-01,-1.0,0.0,1.82,19.0,11.75,551.0,0.0
2018-07-02,-0.71,-0.71,3.32,17.6,11.76,954.0,0.0
2018-07-03,-1.0,0.0,2.61,23.7,11.6,664.0,0.0
2018-07-04,-1.0,0.0,2.0,22.4,11.51,513.0,0.0
2018-07-05,0.71,-0.71,3.12,22.2,12.08,557.0,0.0
2018-07-06,-1.0,0.0,1.93,19.8,14.74,458.0,0.0
2018-07-07,-1.0,0.0,3.61,20.0,17.14,365.0,0.0
2018-07-08,-1.0,0.0,5.41,24.1,18.3,306.0,0.0
2018-07-09,-1.0,0.0,1.77,22.8,18.74,267.0,0.0
2018-07-10,-1.0,0.0,1.51,20.6,18.82,238.0,0.0
2018-07-11,-1.0,0.0,1.45,18.6,18.85,219.0,0.0
2018-07-12,-1.0,0.0,3.86,25.25,18.78,212.0,0.0
2018-07-13,-1.0,0.0,2.71,23.4,18.69,231.0,0.0
2018-07-14,-1.0,0.0,1.9,23.7,18.88,224.0,0.0
2018-07-15,-1.0,0.0,2.68,24.65,19.02,205.0,0.0
2018-07-16,-0.71,-0.71,3.77,22.3,19.43,185.0,0.0
2018-07-17,0.71,0.71,2.71,17.2,19.46,170.0,0.0
2018-07-18,-1.0,0.0,2.89,18.7,19.69,159.0,0.0
2018-07-19,-1.0,0.0,2.57,21.5,19.93,153.0,0.0
2018-07-20,0.71,0.71,2.57,18.8,19.99,156.0,0.0
2018-07-21,0.71,0.71,3.32,17.1,20.02,178.0,0.0
2018-07-22,0.71,0.71,4.81,16.6,20.09,185.0,0.0
2018-07-23,-1.0,0.0,1.98,16.9,20.44,177.0,0.0
2018-07-24,-1.0,0.0,2.15,20.6,20.64,168.0,0.0
2018-07-25,-1.0,0.0,2.3,19.8,20.75,163.0,0.0
2018-07-26,-1.0,0.0,4.28,16.9,20.65,227.0,0.0
2018-07-27,0.71,-0.71,3.73,17.5,20.57,263.0,0.0
2018-07-28,-1.0,0.0,1.98,18.8,20.67,244.0,0.0
2018-07-29,-1.0,0.0,1.95,19.0,21.0,211.0,0.0
2018-07-30,-1.0,0.0,1.72,19.3,21.45,187.0,0.0
2018-07-31,-1.0,0.0,2.6,21.4,21.7,167.0,0.0
2018-08-01,0.71,0.71,5.74,18.9,21.52,160.0,0.0
2018-08-02,0.71,0.71,3.71,13.0,20.76,178.0,0.0
2018-08-03,-1.0,0.0,2.56,14.8,20.03,206.0,0.0
2018-08-04,-1.0,0.0,2.72,21.3,19.84,349.0,0.0
2018-08-05,-1.0,0.0,4.15,23.2,19.6,662.0,0.0
2018-08-06,-1.0,0.0,2.21,21.3,19.77,633.0,0.0
2018-08-07,-1.0,0.0,2.21,17.8,20.04,500.0,0.0
2018-08-08,-1.0,0.0,3.08,19.8,20.49,377.0,0.2
2018-08-09,-1.0,0.0,1.73,20.75,21.13,316.0,0.4
2018-08-10,-1.0,0.0,1.47,21.4,21.62,282.0,0.6
2018-08-11,-1.0,0.0,2.44,22.7,22.07,255.0,0.8
2018-08-12,-1.0,0.0,1.23,20.6,22.47,224.0,1.0
2018-08-13,-1.0,0.0,3.13,23.9,22.63,197.0,0.8
2018-08-14,-1.0,0.0,2.86,23.6,22.5,181.0,0.6
2018-08-15,-1.0,0.0,2.28,19.1,22.25,170.0,0.4
2018-08-16,-1.0,0.0,2.0,19.6,22.17,175.0,0.2
2018-08-17,-1.0,0.0,2.89,17.6,21.93,171.0,0.0
2018-08-18,-1.0,0.0,1.92,18.3,21.48,163.0,0.0
2018-08-19,-1.0,0.0,2.2,19.05,21.2,155.0,0.0
2018-08-20,-1.0,0.0,3.61,19.6,20.89,153.0,0.0
2018-08-21,1.0,0.0,4.76,17.5,20.62,151.0,0.0
2018-08-22,-1.0,0.0,2.98,16.1,20.43,147.0,0.0
2018-08-23,-1.0,0.0,4.06,19.9,20.34,142.0,0.0
2018-08-24,-1.0,0.0,2.15,19.6,20.19,1030.0,0.0
2018-08-25,-1.0,0.0,1.42,18.1,20.0,2200.0,0.0
2018-08-26,-1.0,0.0,2.69,19.3,19.81,1490.0,0.0
2018-08-27,-1.0,0.0,3.84,23.2,19.67,2020.0,0.0
2018-08-28,0.71,0.71,6.02,15.2,19.36,5980.0,0.0
2018-08-29,0.71,0.71,2.22,13.2,19.04,4200.0,0.0
2018-08-30,-1.0,0.0,2.79,13.9,18.87,2510.0,0.0
2018-08-31,-1.0,0.0,3.92,19.4,18.74,1960.0,0.0
2018-09-01,-1.0,0.0,2.32,21.4,18.7,1720.0,0.0
2018-09-02,-1.0,0.0,2.56,20.5,18.72,1310.0,0.0
2018-09-03,-1.0,0.0,2.37,19.0,18.75,1470.0,0.0
2018-09-04,-1.0,0.0,1.23,18.8,18.75,1190.0,0.0
2018-09-05,1.0,0.0,2.68,18.7,18.8,1870.0,0.0
2018-09-06,-1.0,0.0,2.45,13.8,18.83,1670.0,0.0
2018-09-07,-1.0,0.0,3.32,12.2,18.73,1160.0,0.0
2018-09-08,0.71,0.71,2.85,12.95,18.44,895.0,0.0
2018-09-09,-1.0,0.0,2.67,12.5,18.25,715.0,0.0
2018-09-10,-1.0,0.0,2.79,13.7,18.24,601.0,0.0
2018-09-11,-1.0,0.0,3.56,19.0,18.36,513.0,0.0
2018-09-12,-1.0,0.0,4.34,22.8,18.32,445.0,0.0
2018-09-13,-1.0,0.0,2.65,20.1,18.33,402.0,0.0
2018-09-14,-1.0,0.0,2.67,22.4,18.27,362.0,0.0
2018-09-15,0.71,0.71,2.6,19.6,18.39,343.0,0.0
2018-09-16,-1.0,0.0,2.18,17.4,18.49,359.0,0.0
2018-09-17,-1.0,0.0,4.11,21.8,18.02,357.0,0.0
2018-09-18,0.71,0.71,4.7,13.7,17.45,333.0,0.0
2018-09-19,0.0,1.0,1.89,12.45,17.29,307.0,0.0
2018-09-20,0.71,0.71,3.18,14.1,17.03,311.0,0.0
2018-09-21,0.71,-0.71,6.54,13.2,16.37,1650.0,0.0
2018-09-22,-1.0,0.0,3.54,9.85,15.89,2370.0,0.0
2018-09-23,0.71,0.71,4.92,11.4,15.86,1930.0,0.0
2018-09-24,-1.0,0.0,2.96,15.3,15.45,1360.0,0.0
2018-09-25,-0.0,-1.0,2.29,12.4,14.75,1910.0,0.0
2018-09-26,-0.71,-0.71,2.95,9.5,14.59,1670.0,0.0
2018-09-27,-1.0,0.0,3.49,11.2,14.15,1330.0,0.0
2018-09-28,-0.71,-0.71,3.78,7.9,13.82,1220.0,0.0
2018-09-29,-0.71,-0.71,2.91,5.1,13.75,1060.0,0.0
2018-09-30,-1.0,0.0,2.09,5.5,13.67,864.0,0.0
2018-10-01,0.0,1.0,2.41,8.5,13.55,731.0,0.0
2018-10-02,-1.0,0.0,1.43,6.7,13.41,644.0,0.0
2018-10-03,-1.0,0.0,1.07,11.9,13.3,621.0,0.0
2018-10-04,0.71,-0.71,5.99,6.65,13.28,1260.0,0.0
2018-10-05,-1.0,0.0,1.41,4.8,13.29,1510.0,0.0
2018-10-06,-1.0,0.0,2.29,8.3,13.26,1470.0,0.0
2018-10-07,0.0,1.0,2.62,7.2,13.21,1240.0,0.0
2018-10-08,0.71,0.71,2.32,7.2,12.64,1090.0,0.0
2018-10-09,0.71,0.71,9.09,8.1,11.99,1970.0,0.0
2018-10-10,0.71,0.71,10.88,6.8,11.34,7070.0,0.0
2018-10-11,-0.0,-1.0,5.18,4.0,10.65,9280.0,0.0
2018-10-12,-0.71,-0.71,2.99,0.8,10.1,6140.0,0.0
2018-10-13,-1.0,0.0,3.71,1.4,9.86,3620.0,0.0
2018-10-14,-0.0,-1.0,3.22,3.4,9.69,2390.0,0.0
2018-10-15,-0.71,-0.71,3.12,2.0,9.59,1750.0,0.0
2018-10-16,-1.0,0.0,5.87,5.7,9.63,1410.0,0.0
2018-10-17,0.71,-0.71,5.77,3.55,9.51,1180.0,0.0
2018-10-18,-1.0,0.0,4.85,2.3,9.47,1010.0,0.0
2018-10-19,-1.0,0.0,6.26,15.15,9.44,898.0,0.0
2018-10-20,0.71,-0.71,8.76,3.6,9.35,826.0,0.0
2018-10-21,-1.0,0.0,3.33,2.1,9.22,781.0,0.0
2018-10-22,-1.0,0.0,4.5,2.95,9.14,743.0,0.0
2018-10-23,0.71,-0.71,6.51,6.0,9.12,704.0,0.0
2018-10-24,-1.0,0.0,2.56,-0.4,9.11,668.0,0.0
2018-10-25,-1.0,0.0,2.33,8.8,9.15,635.0,0.0
2018-10-26,-1.0,0.0,1.35,7.4,9.15,611.0,0.0
2018-10-27,-1.0,0.0,1.45,7.1,9.08,592.0,0.0
2018-10-28,0.0,1.0,1.64,7.2,8.97,628.0,0.0
2018-10-29,-0.71,-0.71,1.97,6.4,8.79,801.0,0.0
2018-10-30,-1.0,0.0,1.37,6.9,8.63,773.0,0.0
2018-10-31,-0.71,-0.71,2.76,5.65,8.57,731.0,0.0
2020-06-01,-1.0,0.0,3.22,17.7,11.71,853.0,0.0
2020-06-02,-1.0,0.0,1.59,21.3,12.15,935.0,0.0
2020-06-03,-1.0,0.0,2.82,20.4,12.88,753.0,0.0
2020-06-04,-1.0,0.0,2.85,18.8,13.67,595.0,0.0
2020-06-05,-1.0,0.0,2.55,17.7,14.1,483.0,0.0
2020-06-06,0.71,0.71,4.22,12.9,14.07,406.0,0.0
2020-06-07,-1.0,0.0,1.74,12.5,13.7,367.0,0.0
2020-06-08,-1.0,0.0,3.37,21.2,13.25,379.0,0.0
2020-06-09,0.71,-0.71,1.27,,13.28,345.0,0.0
2020-06-10,0.71,-0.71,3.1,,13.59,471.0,0.0
2020-06-11,-0.0,-1.0,3.96,,13.79,854.0,0.0
2020-06-12,0.71,0.71,2.89,,13.81,680.0,0.0
2020-06-13,0.71,0.71,3.07,,13.88,499.0,0.0
2020-06-14,-1.0,0.0,2.63,23.9,13.86,382.0,0.0
2020-06-15,-1.0,0.0,3.3,16.6,14.08,356.0,0.0
2020-06-16,-1.0,0.0,5.02,22.3,14.4,359.0,0.0
2020-06-17,-1.0,0.0,2.99,24.4,14.81,326.0,0.0
2020-06-18,-1.0,0.0,2.64,23.6,15.29,273.0,0.0
2020-06-19,-1.0,0.0,1.45,21.0,15.76,244.0,0.0
2020-06-20,-1.0,0.0,1.83,15.0,16.8,222.0,0.0
2020-06-21,-1.0,0.0,2.5,13.35,17.63,267.0,0.0
2020-06-22,-1.0,0.0,1.78,18.7,18.18,375.0,0.0
2020-06-23,-1.0,0.0,1.5,15.7,18.85,404.0,0.0
2020-06-24,-1.0,0.0,1.6,16.8,19.24,351.0,0.0
2020-06-25,-1.0,0.0,2.53,19.6,19.43,293.0,0.0
2020-06-26,-1.0,0.0,2.75,21.95,19.83,253.0,0.0
2020-06-27,0.71,0.71,2.18,23.0,20.3,226.0,0.0
2020-06-28,-1.0,0.0,2.08,19.8,20.65,201.0,0.0
2020-06-29,-1.0,0.0,2.18,22.3,21.14,196.0,0.0
2020-06-30,-1.0,0.0,1.91,22.2,21.91,220.0,0.0
2020-07-01,-1.0,0.0,1.14,21.3,22.39,279.0,0.0
2020-07-02,-1.0,0.0,1.11,23.7,23.2,259.0,0.0
2020-07-03,-1.0,0.0,2.19,23.9,23.67,220.0,0.0
2020-07-04,-1.0,0.0,1.54,21.7,23.69,194.0,0.0
2020-07-05,0.71,0.71,1.65,24.3,23.83,176.0,0.0
2020-07-06,-1.0,0.0,2.45,24.3,23.84,166.0,0.0
2020-07-07,-1.0,0.0,2.22,21.8,23.88,183.0,0.0
2020-07-08,-1.0,0.0,2.1,23.3,23.84,179.0,0.0
2020-07-09,-1.0,0.0,3.35,20.7,23.31,1230.0,0.0
2020-07-10,-1.0,0.0,2.19,22.6,22.72,1630.0,0.0
2020-07-11,-1.0,0.0,1.89,21.1,22.38,1160.0,0.0
2020-07-12,-1.0,0.0,1.57,20.1,22.42,760.0,0.0
2020-07-13,-1.0,0.0,2.87,18.9,22.34,518.0,0.0
2020-07-14,-1.0,0.0,2.79,21.55,21.98,494.0,0.0
2020-07-15,-1.0,0.0,2.97,18.5,21.45,983.0,0.0
2020-07-16,-1.0,0.0,3.43,21.6,21.27,803.0,0.0
2020-07-17,-1.0,0.0,2.48,24.0,21.5,620.0,0.0
2020-07-18,-1.0,0.0,1.98,24.5,21.63,758.0,0.0
2020-07-19,-0.0,-1.0,3.63,22.65,20.94,1580.0,0.0
2020-07-20,1.0,0.0,3.71,17.6,20.45,1090.0,0.0
2020-07-21,-1.0,0.0,1.94,14.5,20.41,981.0,0.0
2020-07-22,0.71,0.71,3.14,16.3,20.12,3010.0,0.0
2020-07-23,-1.0,0.0,2.19,17.0,19.87,2050.0,0.0
2020-07-24,-1.0,0.0,3.0,19.5,20.29,1200.0,0.0
2020-07-25,-1.0,0.0,4.32,27.15,21.02,809.0,0.0
2020-07-26,-1.0,0.0,2.57,25.8,21.64,689.0,0.0
2020-07-27,-0.71,-0.71,3.19,21.6,21.38,1320.0,0.0
2020-07-28,-1.0,0.0,3.06,19.9,21.19,1130.0,0.0
2020-07-29,-1.0,0.0,1.81,20.5,21.22,809.0,0.0
2020-07-30,-1.0,0.0,2.0,19.1,21.39,588.0,0.0
2020-07-31,-1.0,0.0,2.48,18.85,21.61,451.0,0.0
2020-08-01,-1.0,0.0,2.52,19.5,21.49,371.0,0.0
2020-08-02,0.71,0.71,8.93,16.9,21.01,369.0,0.0
2020-08-03,-1.0,0.0,2.05,14.7,20.62,375.0,0.0
2020-08-04,-1.0,0.0,2.12,15.9,20.25,314.0,0.0
2020-08-05,-1.0,0.0,2.74,16.2,20.1,268.0,0.0
2020-08-06,-1.0,0.0,2.66,19.4,20.29,237.0,0.0
2020-08-07,-1.0,0.0,2.85,20.95,20.59,209.0,0.0
2020-08-08,-1.0,0.0,3.18,24.1,20.99,836.0,0.0
2020-08-09,-1.0,0.0,2.45,23.4,21.11,1500.0,0.0
2020-08-10,-1.0,0.0,2.08,20.5,21.01,4000.0,0.0
2020-08-11,-1.0,0.0,4.05,19.5,20.87,1880.0,0.0
2020-08-12,-1.0,0.0,2.19,22.8,20.87,1030.0,0.0
2020-08-13,-1.0,0.0,1.89,21.1,20.83,708.0,0.0
2020-08-14,-1.0,0.0,2.87,24.2,20.84,592.0,0.0
2020-08-15,-0.71,-0.71,3.0,19.7,20.66,573.0,0.0
2020-08-16,-1.0,0.0,2.03,18.8,20.62,598.0,0.0
2020-08-17,-1.0,0.0,2.19,19.3,20.65,495.0,0.0
2020-08-18,-1.0,0.0,1.9,16.5,20.79,408.0,0.0
2020-08-19,-1.0,0.0,3.42,19.4,20.88,349.0,0.0
2020-08-20,-1.0,0.0,3.52,21.2,20.96,310.0,0.0
2020-08-21,0.71,0.71,1.55,18.9,21.09,288.0,0.0
2020-08-22,-1.0,0.0,2.46,21.6,21.23,278.0,0.0
2020-08-23,-1.0,0.0,1.18,20.5,21.35,283.0,0.0
2020-08-24,-1.0,0.0,1.67,20.8,21.56,275.0,0.0
2020-08-25,-1.0,0.0,2.87,21.0,21.59,258.0,0.0
2020-08-26,-1.0,0.0,2.05,21.85,21.45,244.0,0.0
2020-08-27,-1.0,0.0,2.55,21.2,21.28,258.0,0.0
2020-08-28,-1.0,0.0,2.01,18.1,21.07,416.0,0.0
2020-08-29,0.71,-0.71,4.76,18.2,20.69,1350.0,0.0
2020-08-30,-1.0,0.0,3.06,15.3,20.32,1110.0,0.0
2020-08-31,-1.0,0.0,2.68,17.1,19.92,847.0,0.0
2020-09-01,-1.0,0.0,3.25,15.5,19.01,791.0,0.0
2020-09-02,-1.0,0.0,4.33,17.3,18.28,637.0,0.0
2020-09-03,-0.0,-1.0,5.16,17.3,17.83,513.0,0.0
2020-09-04,-0.71,-0.71,3.91,14.1,17.22,426.0,0.0
2020-09-05,-1.0,0.0,2.4,15.2,16.85,358.0,0.0
2020-09-06,-1.0,0.0,3.76,17.65,16.65,310.0,0.0
2020-09-07,0.71,-0.71,5.2,13.4,16.29,278.0,0.0
2020-09-08,1.0,0.0,3.74,10.5,15.66,258.0,0.0
2020-09-09,-1.0,0.0,1.93,8.1,15.2,244.0,0.0
2020-09-10,-1.0,0.0,2.38,7.1,15.03,229.0,0.0
2020-09-11,-1.0,0.0,2.94,9.6,15.06,217.0,0.0
2020-09-12,-1.0,0.0,0.72,13.8,15.12,215.0,0.0
2020-09-13,-0.71,-0.71,1.95,14.4,15.13,242.0,0.0
2020-09-14,-1.0,0.0,2.0,10.6,15.12,252.0,0.0
2020-09-15,-1.0,0.0,5.12,20.1,15.25,235.0,0.0
2020-09-16,-1.0,0.0,2.12,15.6,15.32,223.0,0.0
2020-09-17,1.0,0.0,3.82,10.95,15.12,205.0,0.0
2020-09-18,-1.0,0.0,2.7,5.4,14.9,191.0,0.0
2020-09-19,-1.0,0.0,3.43,7.7,14.7,180.0,0.0
2020-09-20,-1.0,0.0,3.56,15.3,14.63,174.0,0.0
2020-09-21,-1.0,0.0,5.77,17.9,14.76,165.0,0.0
2020-09-22,-1.0,0.0,2.98,18.7,14.79,165.0,0.0
2020-09-23,-1.0,0.0,2.44,16.4,14.77,165.0,0.0
2020-09-24,0.71,0.71,2.48,14.0,14.76,199.0,0.0
2020-09-25,0.71,0.71,1.32,13.4,14.67,418.0,0.0
2020-09-26,-1.0,0.0,1.67,14.7,14.41,681.0,0.0
2020-09-27,-1.0,0.0,2.92,14.9,14.29,767.0,0.0
2020-09-28,0.71,-0.71,4.01,12.2,14.09,734.0,0.0
2020-09-29,-0.71,-0.71,2.78,11.5,13.86,646.0,0.0
2020-09-30,0.71,-0.71,5.21,11.3,13.67,534.0,0.0
2020-10-01,1.0,0.0,6.16,9.25,13.44,462.0,0.0
2020-10-02,-1.0,0.0,3.54,5.9,13.11,512.0,0.0
2020-10-03,-1.0,0.0,2.64,4.2,12.86,511.0,0.0
2020-10-04,1.0,0.0,3.89,7.4,12.77,455.0,0.0
2020-10-05,-1.0,0.0,5.27,9.1,12.69,402.0,0.0
2020-10-06,-1.0,0.0,3.56,14.9,12.6,367.0,0.0
2020-10-07,-0.71,-0.71,2.82,12.3,12.47,341.0,0.0
2020-10-08,-1.0,0.0,2.51,10.3,12.41,322.0,0.0
2020-10-09,-1.0,0.0,4.6,16.25,12.39,300.0,0.0
2020-10-10,0.71,-0.71,5.81,11.3,12.37,293.0,0.0
2020-10-11,-1.0,0.0,2.19,6.3,12.27,282.0,0.0
2020-10-12,-1.0,0.0,3.85,15.4,12.26,349.0,0.0
2020-10-13,-1.0,0.0,4.45,12.0,12.15,866.0,0.0
2020-10-14,-1.0,0.0,2.89,9.7,12.01,817.0,0.0
2020-10-15,0.71,-0.71,7.75,5.6,11.98,807.0,0.0
2020-10-16,-0.71,-0.71,2.84,3.4,11.88,794.0,0.0
2020-10-17,-1.0,0.0,1.83,1.2,11.4,690.0,0.0
2020-10-18,-0.71,-0.71,3.1,2.1,10.81,606.0,0.0
2020-10-19,-0.71,-0.71,2.48,0.2,10.92,537.0,0.0
2020-10-20,-1.0,0.0,1.8,0.3,10.98,485.0,0.0
2020-10-21,-0.71,-0.71,2.51,1.3,10.6,472.0,0.0
2020-10-22,-1.0,0.0,2.81,2.3,9.86,511.0,0.0
2020-10-23,0.71,0.71,10.25,4.2,9.17,767.0,0.0
2020-10-24,-0.71,-0.71,2.76,-0.3,7.95,1030.0,0.0
2020-10-25,-0.71,-0.71,2.65,-1.3,7.67,843.0,0.0
2020-10-26,-0.71,-0.71,3.4,-1.7,7.68,720.0,0.0
2020-10-27,-1.0,0.0,3.53,-5.4,7.69,593.0,0.0
2020-10-28,-1.0,0.0,4.35,1.9,7.58,566.0,0.0
2020-10-29,1.0,0.0,6.13,0.7,7.53,543.0,0.0
2020-10-30,-1.0,0.0,2.05,-0.6,7.46,531.0,0.0
2020-10-31,-1.0,0.0,5.19,3.15,7.1,492.0,0.0
2021-06-01,-1.0,0.0,1.72,12.6,11.46,398.0,0.0
2021-06-02,-1.0,0.0,1.91,14.8,12.35,364.0,0.0
2021-06-03,-1.0,0.0,2.41,18.1,12.51,328.0,0.0
2021-06-04,-1.0,0.0,2.0,17.5,12.69,305.0,0.0
2021-06-05,-1.0,0.0,3.92,26.0,13.32,290.0,0.0
2021-06-06,-1.0,0.0,3.85,13.65,13.99,256.0,0.0
2021-06-07,-1.0,0.0,3.06,21.85,14.35,226.0,0.0
2021-06-08,1.0,0.0,1.65,18.6,15.01,204.0,0.0
2021-06-09,1.0,0.0,1.35,14.45,15.67,188.0,0.0
2021-06-10,1.0,0.0,1.61,16.6,16.24,174.0,0.0
2021-06-11,1.0,0.0,2.25,12.6,16.79,169.0,0.0
2021-06-12,-1.0,0.0,2.41,14.3,17.0,191.0,0.0
2021-06-13,-1.0,0.0,3.4,18.4,17.09,201.0,0.0
2021-06-14,-1.0,0.0,2.32,17.5,17.08,185.0,0.0
2021-06-15,-1.0,0.0,1.66,15.3,17.24,191.0,0.0
2021-06-16,0.71,0.71,2.24,15.35,17.38,168.0,0.0
2021-06-17,-1.0,0.0,2.52,22.1,17.67,149.0,0.0
2021-06-18,-1.0,0.0,4.5,22.7,17.86,143.0,0.0
2021-06-19,0.71,0.71,2.55,15.4,17.48,137.0,0.0
2021-06-20,-1.0,0.0,2.69,15.4,17.59,139.0,0.0
2021-06-21,1.0,0.0,6.49,14.1,17.59,207.0,0.0
2021-06-22,-1.0,0.0,2.39,12.65,17.46,265.0,0.0
2021-06-23,-1.0,0.0,4.09,17.55,17.51,239.0,0.0
2021-06-24,-1.0,0.0,2.94,20.1,17.93,217.0,0.0
2021-06-25,-1.0,0.0,1.55,16.8,18.36,224.0,0.0
2021-06-26,-1.0,0.0,1.0,16.3,18.66,206.0,0.0
2021-06-27,-1.0,0.0,1.11,16.2,19.04,185.0,0.0
2021-06-28,-1.0,0.0,1.86,18.9,19.33,171.0,0.0
2021-06-29,-1.0,0.0,1.61,19.9,19.59,190.0,0.0
2021-06-30,-1.0,0.0,2.36,20.1,19.83,329.0,0.0
2021-07-01,0.71,0.71,3.6,15.6,19.58,347.0,0.0
2021-07-02,0.71,0.71,1.24,15.4,19.47,266.0,0.0
2021-07-03,-1.0,0.0,2.62,23.6,19.6,207.0,0.0
2021-07-04,-1.0,0.0,3.73,25.7,19.67,172.0,0.0
2021-07-05,-1.0,0.0,2.14,27.9,20.12,154.0,0.0
2021-07-06,0.71,0.71,5.65,18.5,20.64,148.0,0.0
2021-07-07,0.71,0.71,3.96,12.7,19.69,179.0,0.0
2021-07-08,-1.0,0.0,1.94,12.3,19.06,197.0,0.0
2021-07-09,-1.0,0.0,1.78,14.4,19.04,180.0,0.0
2021-07-10,-1.0,0.0,1.71,16.1,19.17,160.0,0.0
2021-07-11,-1.0,0.0,1.46,17.9,19.51,146.0,0.0
2021-07-12,-1.0,0.0,1.58,19.7,19.91,135.0,0.0
2021-07-13,-1.0,0.0,2.7,20.8,20.04,127.0,0.0
2021-07-14,-1.0,0.0,3.55,18.5,20.12,125.0,0.0
2021-07-15,0.71,0.71,1.43,17.4,20.09,121.0,0.0
2021-07-16,-1.0,0.0,1.75,19.1,20.24,117.0,0.0
2021-07-17,-1.0,0.0,1.58,19.7,20.57,114.0,0.0
2021-07-18,-1.0,0.0,1.8,21.5,20.83,111.0,0.0
2021-07-19,-1.0,0.0,2.85,23.4,20.9,109.0,0.0
2021-07-20,0.71,0.71,4.69,18.7,20.9,107.0,0.0
2021-07-21,0.71,0.71,2.04,15.3,20.81,105.0,0.0
2021-07-22,-1.0,0.0,1.37,20.5,20.66,108.0,0.0
2021-07-23,-1.0,0.0,2.88,23.1,20.58,117.0,0.0
2021-07-24,-1.0,0.0,3.38,23.5,20.8,126.0,0.0
2021-07-25,-1.0,0.0,3.88,22.8,21.0,132.0,0.0
2021-07-26,-1.0,0.0,2.36,22.45,21.08,132.0,0.0
2021-07-27,0.71,0.71,2.52,20.0,21.13,212.0,0.0
2021-07-28,-1.0,0.0,1.96,19.4,21.14,283.0,0.0
2021-07-29,-1.0,0.0,2.31,20.6,21.11,385.0,0.0
2021-07-30,-1.0,0.0,1.99,18.4,21.06,375.0,0.0
2021-07-31,-1.0,0.0,2.23,20.8,21.18,303.0,0.0
2021-08-01,0.71,0.71,4.53,19.2,21.15,245.0,0.0
2021-08-02,-1.0,0.0,2.19,17.9,21.05,205.0,0.0
2021-08-03,-1.0,0.0,3.21,20.8,21.06,180.0,0.0
2021-08-04,-1.0,0.0,3.39,22.9,21.08,164.0,0.0
2021-08-05,-1.0,0.0,2.97,22.3,21.1,153.0,0.0
2021-08-06,-1.0,0.0,3.52,20.7,21.05,145.0,0.0
2021-08-07,0.71,0.71,2.14,19.1,20.95,138.0,0.0
2021-08-08,0.71,0.71,1.08,19.6,20.99,148.0,0.0
2021-08-09,0.71,0.71,1.36,20.0,21.07,161.0,0.0
2021-08-10,-1.0,0.0,1.56,19.6,20.86,177.0,0.0
2021-08-11,-1.0,0.0,2.72,21.6,20.74,216.0,0.0
2021-08-12,-1.0,0.0,4.77,21.1,20.61,197.0,0.0
2021-08-13,-1.0,0.0,4.0,16.9,20.41,173.0,0.0
2021-08-14,-1.0,0.0,2.72,15.8,20.24,156.0,0.0
2021-08-15,-1.0,0.0,4.09,21.7,20.13,138.0,0.0
2021-08-16,-1.0,0.0,3.4,23.2,20.08,126.0,0.0
2021-08-17,-1.0,0.0,3.41,21.2,20.19,119.0,0.0
2021-08-18,-1.0,0.0,2.99,24.3,20.37,114.0,0.0
2021-08-19,-1.0,0.0,2.62,23.7,20.68,110.0,0.0
2021-08-20,-1.0,0.0,3.14,23.8,20.83,106.0,0.0
2021-08-21,-1.0,0.0,4.63,24.8,20.6,102.0,0.0
2021-08-22,-1.0,0.0,3.41,16.5,20.44,99.0,0.0
2021-08-23,-1.0,0.0,3.49,20.7,20.4,96.8,0.0
2021-08-24,-1.0,0.0,2.86,18.4,20.37,96.3,0.0
2021-08-25,-1.0,0.0,1.63,19.6,20.42,100.0,0.0
2021-08-26,-1.0,0.0,3.54,18.1,20.38,99.1,0.0
2021-08-27,0.0,1.0,2.03,17.9,20.29,103.0,0.0
2021-08-28,-1.0,0.0,1.23,19.4,20.13,112.0,0.0
2021-08-29,-0.0,-1.0,3.11,21.3,20.04,128.0,0.0
2021-08-30,-1.0,0.0,2.93,19.05,20.06,119.0,0.0
2021-08-31,-1.0,0.0,3.92,15.9,20.09,110.0,0.0
2021-09-01,-1.0,0.0,2.92,15.7,20.05,104.0,0.0
2021-09-02,-1.0,0.0,1.68,15.1,19.92,101.0,0.0
2021-09-03,-1.0,0.0,1.82,18.0,19.76,103.0,0.0
2021-09-04,-0.71,-0.71,1.37,16.0,19.6,101.0,0.0
2021-09-05,-1.0,0.0,4.4,16.2,19.48,100.0,0.0
2021-09-06,-1.0,0.0,2.5,13.0,19.4,98.6,0.0
2021-09-07,-1.0,0.0,3.95,19.3,19.07,111.0,0.0
2021-09-08,-0.71,-0.71,3.86,16.0,18.67,111.0,0.0
2021-09-09,-1.0,0.0,2.18,15.4,18.43,104.0,0.0
2021-09-10,-1.0,0.0,3.19,15.1,18.31,103.0,0.0
2021-09-11,-1.0,0.0,2.92,19.9,18.29,102.0,0.0
2021-09-12,-1.0,0.0,2.17,16.7,18.29,98.5,0.0
2021-09-13,-1.0,0.0,2.97,13.5,18.2,96.7,0.0
2021-09-14,-0.0,-1.0,3.29,15.9,18.16,129.0,0.0
2021-09-15,-1.0,0.0,2.94,14.7,18.13,152.0,0.0
2021-09-16,-1.0,0.0,5.23,19.3,18.14,142.0,0.0
2021-09-17,-1.0,0.0,4.47,19.9,17.98,155.0,0.0
2021-09-18,-1.0,0.0,2.63,12.25,17.72,192.0,0.0
2021-09-19,-1.0,0.0,4.83,20.2,17.51,190.0,0.0
2021-09-20,-1.0,0.0,4.07,25.2,17.5,175.0,0.0
2021-09-21,0.71,-0.71,4.03,15.2,17.47,345.0,0.0
2021-09-22,-1.0,0.0,2.52,15.5,17.37,301.0,0.0
2021-09-23,-1.0,0.0,2.09,10.7,17.27,256.0,0.0
2021-09-24,-1.0,0.0,3.47,11.0,17.21,231.0,0.0
2021-09-25,-0.71,-0.71,3.87,9.9,17.06,210.0,0.0
2021-09-26,-1.0,0.0,3.03,15.5,16.89,194.0,0.0
2021-09-27,-1.0,0.0,3.0,14.4,16.77,176.0,0.0
2021-09-28,-1.0,0.0,1.98,10.0,16.76,163.0,0.0
2021-09-29,-1.0,0.0,1.51,14.7,16.88,154.0,0.0
2021-09-30,-1.0,0.0,1.57,13.6,17.05,145.0,0.0
2021-10-01,-1.0,0.0,0.83,14.8,17.28,140.0,0.0
2021-10-02,-1.0,0.0,1.15,17.3,17.53,136.0,0.0
2021-10-03,0.71,0.71,4.99,15.2,17.5,187.0,0.0
2021-10-04,0.71,0.71,3.45,15.1,17.43,330.0,0.0
2021-10-05,0.71,0.71,1.51,14.4,17.43,421.0,0.0
2021-10-06,-1.0,0.0,1.12,14.1,17.38,375.0,0.0
2021-10-07,-1.0,0.0,1.63,16.6,17.27,315.0,0.0
2021-10-08,1.0,0.0,0.66,16.1,17.33,290.0,0.0
2021-10-09,-1.0,0.0,1.44,16.5,17.48,264.0,0.0
2021-10-10,-1.0,0.0,3.14,20.2,17.35,241.0,0.0
2021-10-11,-0.71,-0.71,3.62,16.2,17.1,232.0,0.0
2021-10-12,1.0,0.0,3.06,15.5,16.61,223.0,0.0
2021-10-13,1.0,0.0,1.87,15.4,15.9,219.0,0.0
2021-10-14,-1.0,0.0,4.15,13.0,15.38,209.0,0.0
2021-10-15,-0.71,-0.71,3.28,10.4,14.78,193.0,0.0
2021-10-16,-0.71,-0.71,3.89,8.9,14.09,179.0,0.0
2021-10-17,-0.71,-0.71,2.67,9.8,13.71,169.0,0.0
2021-10-18,-1.0,0.0,2.32,9.3,13.56,162.0,0.0
2021-10-19,-1.0,0.0,3.23,17.3,13.56,156.0,0.0
2021-10-20,0.71,0.71,8.05,10.8,13.49,154.0,0.0
2021-10-21,0.71,0.71,5.67,7.1,13.41,162.0,0.0
2021-10-22,-1.0,0.0,2.5,5.0,13.15,186.0,0.0
2021-10-23,-1.0,0.0,2.32,4.0,12.8,210.0,0.0
2021-10-24,-1.0,0.0,3.76,2.3,12.35,212.0,0.0
2021-10-25,0.71,0.71,3.23,5.6,11.84,198.0,0.0
2021-10-26,-1.0,0.0,3.17,2.8,11.59,186.0,0.0
2021-10-27,-1.0,0.0,1.82,1.8,11.47,179.0,0.0
2021-10-28,-1.0,0.0,1.5,8.7,11.29,182.0,0.0
2021-10-29,1.0,0.0,6.12,10.1,11.15,182.0,0.0
2021-10-30,-1.0,0.0,1.48,7.1,11.01,187.0,0.0
2021-10-31,0.71,-0.71,7.01,6.6,10.75,198.0,0.0
2022-06-01,-0.71,-0.71,2.94,14.5,10.76,845.0,0.0
2022-06-02,-1.0,0.0,3.45,15.0,10.7,663.0,0.0
2022-06-03,0.71,-0.71,3.21,12.7,10.62,538.0,0.0
2022-06-04,-1.0,0.0,2.81,15.5,10.91,448.0,0.0
2022-06-05,1.0,0.0,1.31,9.9,11.43,387.0,0.0
2022-06-06,1.0,0.0,2.11,8.1,12.01,349.0,0.0
2022-06-07,-1.0,0.0,1.54,11.4,12.56,323.0,0.0
2022-06-08,-1.0,0.0,1.85,15.2,13.21,291.0,0.0
2022-06-09,-1.0,0.0,2.1,14.0,13.98,265.0,0.0
2022-06-10,-1.0,0.0,2.02,16.0,14.31,241.0,0.0
2022-06-11,-1.0,0.0,2.52,14.8,14.34,225.0,0.0
2022-06-12,-1.0,0.0,2.14,10.3,14.54,216.0,0.0
2022-06-13,0.71,0.71,2.16,13.5,14.51,209.0,0.0
2022-06-14,-1.0,0.0,2.33,12.6,14.48,200.0,0.0
2022-06-15,1.0,0.0,1.14,15.0,14.51,208.0,0.0
2022-06-16,-1.0,0.0,4.86,19.2,14.54,413.0,0.0
2022-06-17,-0.71,-0.71,2.59,18.8,14.56,483.0,0.0
2022-06-18,-1.0,0.0,1.97,12.0,14.42,378.0,0.0
2022-06-19,-1.0,0.0,3.3,18.9,14.47,298.0,0.0
2022-06-20,-1.0,0.0,5.51,28.2,14.84,245.0,0.0
2022-06-21,-1.0,0.0,4.46,29.35,15.58,242.0,0.0
2022-06-22,-0.71,-0.71,2.91,21.6,16.04,266.0,0.0
2022-06-23,-1.0,0.0,3.96,22.2,15.87,222.0,0.0
2022-06-24,-1.0,0.0,2.18,22.8,15.57,194.0,0.0
2022-06-25,-1.0,0.0,2.16,18.6,15.47,172.0,0.0
2022-06-26,-0.71,-0.71,4.14,16.3,15.42,167.0,0.0
2022-06-27,-1.0,0.0,2.74,15.1,15.12,165.0,0.0
2022-06-28,-1.0,0.0,2.95,20.0,14.71,157.0,0.0
2022-06-29,-1.0,0.0,1.63,14.9,14.75,150.0,0.0
2022-06-30,-1.0,0.0,5.3,25.3,14.83,149.0,0.0
2022-07-01,-0.0,-1.0,3.32,19.05,15.05,144.0,0.0
2022-07-02,0.71,0.71,2.39,18.0,15.19,135.0,0.0
2022-07-03,-1.0,0.0,1.56,15.1,15.33,130.0,0.0
2022-07-04,-1.0,0.0,1.46,16.75,15.28,194.0,0.0
2022-07-05,0.71,0.71,1.99,13.0,15.21,259.0,0.0
2022-07-06,1.0,0.0,2.15,12.2,15.12,212.0,0.0
2022-07-07,-1.0,0.0,1.14,15.3,15.42,184.0,0.0
2022-07-08,1.0,0.0,2.47,15.5,16.11,164.0,0.0
2022-07-09,-1.0,0.0,1.66,14.6,16.69,143.0,0.0
2022-07-10,-1.0,0.0,3.23,20.1,17.08,131.0,0.0
2022-07-11,-0.71,-0.71,2.49,21.6,17.58,131.0,0.0
2022-07-12,0.71,0.71,2.65,19.3,18.0,144.0,0.0
2022-07-13,1.0,0.0,1.9,13.7,17.98,241.0,0.0
2022-07-14,-1.0,0.0,2.18,14.9,18.04,239.0,0.0
2022-07-15,-1.0,0.0,1.39,17.2,18.4,210.0,0.0
2022-07-16,-1.0,0.0,2.07,22.8,18.94,249.0,0.0
2022-07-17,1.0,0.0,1.17,19.2,19.32,217.0,0.0
2022-07-18,-1.0,0.0,1.94,22.2,19.68,182.0,0.0
2022-07-19,-1.0,0.0,3.37,26.1,20.05,162.0,0.0
2022-07-20,-0.0,-1.0,2.88,21.8,19.79,149.0,0.0
2022-07-21,-0.0,-1.0,3.77,22.2,19.51,144.0,0.0
2022-07-22,-1.0,0.0,3.44,22.2,19.46,139.0,0.0
2022-07-23,-1.0,0.0,2.05,21.4,19.22,131.0,0.0
2022-07-24,0.71,-0.71,4.1,19.3,18.92,126.0,0.0
2022-07-25,-1.0,0.0,2.97,18.4,18.49,122.0,0.0
2022-07-26,-1.0,0.0,3.19,19.25,18.66,115.0,0.0
2022-07-27,-1.0,0.0,2.09,21.2,18.78,125.0,0.0
2022-07-28,-0.71,-0.71,3.87,16.9,18.69,133.0,0.0
2022-07-29,-1.0,0.0,2.53,17.6,18.55,120.0,0.0
2022-07-30,-1.0,0.0,3.16,20.2,18.8,109.0,0.0
2022-07-31,-1.0,0.0,3.77,23.7,19.27,102.0,0.0
2022-08-01,0.71,-0.71,3.35,19.8,19.44,109.0,0.0
2022-08-02,-1.0,0.0,2.53,18.5,19.61,130.0,0.0
2022-08-03,-1.0,0.0,4.34,23.3,19.73,133.0,0.0
2022-08-04,0.71,0.71,2.76,19.5,19.81,145.0,0.0
2022-08-05,-1.0,0.0,3.32,21.4,19.78,126.0,0.0
2022-08-06,-1.0,0.0,2.91,24.9,19.73,117.0,0.0
2022-08-07,0.71,0.71,4.54,16.6,19.7,116.0,0.0
2022-08-08,0.71,0.71,2.55,15.3,19.72,124.0,0.0
2022-08-09,-1.0,0.0,3.47,18.7,19.76,138.0,0.0
2022-08-10,-1.0,0.0,2.29,21.9,20.03,134.0,0.0
2022-08-11,-1.0,0.0,2.49,18.4,20.03,118.0,0.0
2022-08-12,-1.0,0.0,2.23,16.3,20.03,106.0,0.0
2022-08-13,0.71,0.71,2.67,16.2,19.92,105.0,0.0
2022-08-14,0.71,0.71,3.14,16.7,19.75,105.0,0.0
2022-08-15,0.71,0.71,1.85,16.1,19.75,105.0,0.0
2022-08-16,-1.0,0.0,1.53,17.2,19.72,103.0,0.0
2022-08-17,-1.0,0.0,2.01,17.9,19.84,108.0,0.0
2022-08-18,-1.0,0.0,3.22,20.3,19.83,113.0,0.0
2022-08-19,-1.0,0.0,2.69,20.9,20.11,116.0,0.0
2022-08-20,0.71,0.71,3.31,18.1,20.15,110.0,0.0
2022-08-21,-1.0,0.0,1.47,16.1,20.1,107.0,0.0
2022-08-22,-1.0,0.0,1.9,18.1,20.4,102.0,0.0
2022-08-23,-1.0,0.0,1.69,20.0,20.62,99.0,0.0
2022-08-24,-1.0,0.0,2.57,20.0,20.56,97.5,0.0
2022-08-25,0.71,0.71,3.88,16.9,20.29,110.0,0.0
2022-08-26,-1.0,0.0,2.28,15.05,20.11,119.0,0.0
2022-08-27,-1.0,0.0,3.61,18.9,19.78,113.0,0.0
2022-08-28,-1.0,0.0,4.47,22.9,19.2,115.0,0.0
2022-08-29,-1.0,0.0,2.84,22.1,18.74,125.0,0.0
2022-08-30,-0.0,-1.0,4.79,19.8,18.2,128.0,0.0
2022-08-31,-0.71,-0.71,2.62,21.0,17.95,119.0,0.0
2022-09-01,-1.0,0.0,3.11,20.0,18.03,109.0,0.0
2022-09-02,-1.0,0.0,4.36,23.5,17.87,102.0,0.0
2022-09-03,0.71,0.71,5.33,15.2,17.64,97.7,0.0
2022-09-04,-1.0,0.0,3.23,12.9,17.4,92.1,0.0
2022-09-05,-1.0,0.0,2.33,13.5,17.33,90.5,0.0
2022-09-06,-1.0,0.0,2.27,14.5,17.49,87.8,0.0
2022-09-07,-1.0,0.0,1.65,19.0,17.9,87.1,0.0
2022-09-08,-1.0,0.0,3.78,18.6,17.9,83.0,0.0
2022-09-09,-1.0,0.0,4.93,18.5,17.77,95.5,0.0
2022-09-10,-1.0,0.0,1.47,14.3,17.66,129.0,0.0
2022-09-11,-1.0,0.0,2.07,12.6,17.61,124.0,0.0
2022-09-12,-1.0,0.0,1.76,12.9,17.82,114.0,0.0
2022-09-13,-1.0,0.0,3.27,13.2,17.86,105.0,0.0
2022-09-14,0.71,0.71,3.46,15.8,17.82,99.2,0.0
2022-09-15,-1.0,0.0,2.42,15.4,17.73,93.6,0.0
2022-09-16,-1.0,0.0,0.8,16.7,17.6,91.8,0.0
2022-09-17,-1.0,0.0,2.17,20.6,17.67,96.8,0.0
2022-09-18,-1.0,0.0,2.41,18.7,17.7,106.0,0.0
2022-09-19,-1.0,0.0,2.89,16.2,17.77,105.0,0.0
2022-09-20,-1.0,0.0,2.98,19.6,17.97,98.5,0.0
2022-09-21,-0.0,-1.0,4.36,15.9,17.87,95.7,0.0
2022-09-22,1.0,0.0,6.48,12.0,17.52,91.2,0.0
2022-09-23,-1.0,0.0,3.01,7.4,16.85,87.4,0.0
2022-09-24,-1.0,0.0,1.36,12.5,16.04,94.1,0.0
2022-09-25,1.0,0.0,3.67,13.1,15.43,103.0,0.0
2022-09-26,0.71,-0.71,7.89,12.3,14.86,110.0,0.0
2022-09-27,1.0,0.0,7.26,9.0,14.55,116.0,0.0
2022-09-28,-1.0,0.0,2.5,3.5,14.35,123.0,0.0
2022-09-29,-1.0,0.0,3.16,7.0,14.27,118.0,0.0
2022-09-30,-1.0,0.0,2.68,12.7,14.25,113.0,0.0
2022-10-01,-1.0,0.0,3.56,12.4,14.13,109.0,0.0
2022-10-02,0.71,0.71,2.01,12.6,13.97,107.0,0.0
2022-10-03,-1.0,0.0,2.78,14.2,13.98,104.0,0.0
2022-10-04,-1.0,0.0,2.85,17.1,14.06,101.0,0.0
2022-10-05,-1.0,0.0,2.85,17.3,14.21,98.7,0.0
2022-10-06,0.71,0.71,8.09,12.25,14.14,100.0,0.0
2022-10-07,0.71,0.71,6.5,6.5,13.66,99.7,0.0
2022-10-08,-1.0,0.0,4.08,4.2,13.17,103.0,0.0
2022-10-09,-1.0,0.0,2.95,8.9,12.87,108.0,0.0
2022-10-10,-1.0,0.0,1.75,3.4,12.79,109.0,0.0
2022-10-11,-1.0,0.0,4.42,15.4,12.89,104.0,0.0
2022-10-12,-1.0,0.0,4.23,13.6,12.9,110.0,0.0
2022-10-13,-0.71,-0.71,3.2,5.6,12.81,129.0,0.0
2022-10-14,-1.0,0.0,1.81,2.6,12.6,132.0,0.0
2022-10-15,-1.0,0.0,3.22,2.4,12.28,131.0,0.0
2022-10-16,-0.0,-1.0,4.32,6.3,11.81,132.0,0.0
2022-10-17,1.0,0.0,11.83,2.7,11.31,147.0,0.0
2022-10-18,1.0,0.0,8.24,2.1,11.01,179.0,0.0
2022-10-19,0.71,-0.71,4.94,4.3,10.81,176.0,0.0
2022-10-20,-1.0,0.0,2.39,5.5,10.72,174.0,0.0
2022-10-21,-1.0,0.0,3.2,11.8,10.74,182.0,0.0
2022-10-22,-1.0,0.0,1.96,8.3,10.8,218.0,0.0
2022-10-23,-1.0,0.0,3.28,18.6,10.86,243.0,0.0
2022-10-24,-1.0,0.0,4.3,20.1,10.79,252.0,0.0
2022-10-25,-0.71,-0.71,2.9,7.3,10.64,257.0,0.0
2022-10-26,0.71,-0.71,5.43,5.5,10.51,251.0,0.0
2022-10-27,-1.0,0.0,2.56,1.3,10.36,216.0,0.0
2022-10-28,-1.0,0.0,4.4,11.1,10.37,187.0,0.0
2022-10-29,-1.0,0.0,3.82,12.3,10.38,169.0,0.0
2022-10-30,-1.0,0.0,2.34,12.3,10.4,159.0,0.0
2022-10-31,-1.0,0.0,2.28,5.2,10.4,149.0,0.0
2023-06-01,0.71,-0.71,1.31,16.0,2.67,243.0,0.0
2023-06-02,1.0,0.0,1.19,12.7,2.68,293.0,0.0
2023-06-03,1.0,0.0,1.2,13.1,2.71,280.0,0.0
2023-06-04,0.71,0.71,1.1,13.6,2.74,242.0,0.0
2023-06-05,1.0,0.0,1.84,11.2,2.85,214.0,0.0
2023-06-06,1.0,0.0,1.97,9.3,3.02,198.0,0.0
2023-06-07,1.0,0.0,2.38,9.7,3.25,190.0,0.0
2023-06-08,-1.0,0.0,2.35,11.4,3.51,181.0,0.0
2023-06-09,-1.0,0.0,1.81,13.3,3.74,173.0,0.0
2023-06-10,0.71,0.71,4.94,12.55,3.91,175.0,0.0
2023-06-11,0.71,0.71,2.55,8.3,4.02,173.0,0.0
2023-06-12,-1.0,0.0,1.52,11.6,4.04,170.0,0.0
2023-06-13,-1.0,0.0,1.18,13.1,4.05,173.0,0.0
2023-06-14,-1.0,0.0,2.98,13.2,4.05,176.0,0.0
2023-06-15,0.71,0.71,3.56,9.8,13.22,173.0,0.0
2023-06-16,-1.0,0.0,2.06,11.3,14.13,171.0,0.0
2023-06-17,-1.0,0.0,1.34,13.3,17.14,170.0,0.0
2023-06-18,-1.0,0.0,1.29,14.4,17.24,169.0,0.0
2023-06-19,0.71,-0.71,1.16,15.1,17.41,171.0,0.0
2023-06-20,0.71,-0.71,1.34,17.25,17.68,168.0,0.0
2023-06-21,0.71,-0.71,1.33,17.8,17.97,161.0,0.0
2023-06-22,-1.0,0.0,1.22,17.4,18.04,153.0,0.0
2023-06-23,-1.0,0.0,1.95,19.8,17.87,146.0,0.0
2023-06-24,0.71,0.71,2.02,16.9,17.58,154.0,0.0
2023-06-25,1.0,0.0,2.32,12.6,17.35,215.0,0.0
2023-06-26,0.71,-0.71,1.09,12.3,17.86,344.0,0.0
2023-06-27,-1.0,0.0,1.6,15.3,18.15,351.0,0.0
2023-06-28,-1.0,0.0,1.39,16.2,18.45,309.0,0.0
2023-06-29,-0.71,-0.71,2.11,19.5,18.87,346.0,0.0
2023-06-30,-1.0,0.0,2.19,18.9,19.34,474.0,0.0
2023-07-01,-1.0,0.0,1.97,19.7,19.93,450.0,0.0
2023-07-02,1.0,0.0,1.16,16.5,20.26,336.0,0.0
2023-07-03,-1.0,0.0,1.74,19.4,20.5,278.0,0.0
2023-07-04,-1.0,0.0,2.1,20.5,20.32,383.0,0.0
2023-07-05,0.71,-0.71,2.12,19.7,19.91,375.0,0.0
2023-07-06,-1.0,0.0,2.28,16.0,19.67,310.0,0.0
2023-07-07,-1.0,0.0,3.05,17.8,19.53,250.0,0.0
2023-07-08,-1.0,0.0,3.12,17.3,19.33,218.0,0.0
2023-07-09,-1.0,0.0,3.32,15.7,19.25,186.0,0.0
2023-07-10,-1.0,0.0,3.23,19.8,19.31,170.0,0.0
2023-07-11,-1.0,0.0,2.97,16.9,19.04,158.0,0.0
2023-07-12,-1.0,0.0,2.19,18.0,19.04,149.0,0.0
2023-07-13,-1.0,0.0,2.12,17.8,19.01,142.0,0.0
2023-07-14,-1.0,0.0,2.36,20.6,18.98,137.0,0.0
2023-07-15,-1.0,0.0,2.88,19.8,19.02,132.0,0.0
2023-07-16,-1.0,0.0,2.59,17.3,19.1,128.0,0.0
2023-07-17,-0.71,-0.71,3.44,16.4,19.18,127.0,0.0
2023-07-18,-1.0,0.0,2.68,17.4,19.08,126.0,0.0
2023-07-19,-1.0,0.0,1.45,16.65,18.85,123.0,0.0
2023-07-20,0.71,0.71,2.27,16.2,18.8,130.0,0.0
2023-07-21,-1.0,0.0,1.93,19.2,19.06,132.0,0.0
2023-07-22,-1.0,0.0,2.02,19.7,19.27,130.0,0.0
2023-07-23,-1.0,0.0,1.97,19.8,19.72,128.0,0.0
2023-07-24,-1.0,0.0,2.06,19.2,20.05,125.0,0.0
2023-07-25,-1.0,0.0,1.08,19.1,20.32,127.0,0.0
2023-07-26,-1.0,0.0,2.22,22.9,20.68,123.0,0.0
2023-07-27,-1.0,0.0,2.2,19.9,20.96,151.0,0.0
2023-07-28,-1.0,0.0,3.14,19.1,20.81,290.0,0.0
2023-07-29,-1.0,0.0,1.67,18.2,20.77,217.0,0.0
2023-07-30,-1.0,0.0,2.04,17.7,20.79,183.0,0.0
2023-07-31,-1.0,0.0,2.0,18.0,20.88,156.0,0.0
2023-08-01,-1.0,0.0,2.14,19.8,21.27,139.0,0.0
2023-08-02,-1.0,0.0,2.27,22.4,21.92,130.0,0.0
2023-08-03,-1.0,0.0,2.11,23.1,22.3,122.0,0.0
2023-08-04,-1.0,0.0,2.83,20.3,22.32,116.0,0.0
2023-08-05,-1.0,0.0,1.92,18.3,22.09,110.0,0.0
2023-08-06,-1.0,0.0,1.75,17.7,21.9,105.0,0.0
2023-08-07,-1.0,0.0,1.6,18.7,21.98,103.0,0.0
2023-08-08,-1.0,0.0,2.25,20.0,22.1,100.0,0.0
2023-08-09,-1.0,0.0,2.16,20.8,22.03,97.0,0.0
2023-08-10,0.71,-0.71,3.42,19.2,21.86,95.2,0.0
2023-08-11,-1.0,0.0,2.48,17.1,21.63,97.8,0.0
2023-08-12,0.71,0.71,3.27,17.7,21.32,103.0,0.0
2023-08-13,0.71,0.71,3.18,17.2,20.91,100.0,0.0
2023-08-14,0.71,0.71,2.74,17.2,20.59,97.5,0.0
2023-08-15,-1.0,0.0,3.04,15.3,20.41,94.1,0.0
2023-08-16,-1.0,0.0,5.25,24.45,20.44,95.0,0.0
2023-08-17,0.71,-0.71,5.75,18.2,20.31,159.0,0.0
2023-08-18,-1.0,0.0,2.94,18.2,19.94,184.0,0.0
2023-08-19,-1.0,0.0,3.52,21.1,19.67,153.0,0.0
2023-08-20,-1.0,0.0,2.13,21.7,19.3,137.0,0.0
2023-08-21,-1.0,0.0,2.26,18.3,19.11,123.0,0.0
2023-08-22,-1.0,0.0,1.36,18.5,18.97,133.0,0.0
2023-08-23,0.71,-0.71,1.83,17.5,18.73,141.0,0.0
2023-08-24,0.71,0.71,2.32,16.9,18.51,134.0,0.0
2023-08-25,-1.0,0.0,2.23,17.5,18.42,131.0,0.0
2023-08-26,0.71,0.71,6.84,15.3,18.28,139.0,0.0
2023-08-27,-1.0,0.0,2.44,11.1,18.1,129.0,0.0
2023-08-28,-1.0,0.0,2.21,15.9,18.15,127.0,0.0
2023-08-29,0.71,0.71,3.58,16.9,18.29,142.0,0.0
2023-08-30,-1.0,0.0,1.89,13.6,18.44,137.0,0.0
2023-08-31,-1.0,0.0,2.62,15.45,18.56,130.0,0.0
2023-09-01,-1.0,0.0,4.29,19.4,18.59,121.0,0.0
2023-09-02,-1.0,0.0,4.22,24.6,18.89,115.0,0.0
2023-09-03,-1.0,0.0,3.21,26.6,19.94,110.0,0.0
2023-09-04,-1.0,0.0,3.25,26.3,21.01,106.0,0.0
2023-09-05,-1.0,0.0,2.87,27.9,20.84,105.0,0.0
2023-09-06,0.71,0.71,5.66,18.9,20.39,290.0,0.0
2023-09-07,0.71,0.71,6.91,13.6,19.64,443.0,0.0
2023-09-08,0.71,0.71,1.64,11.7,18.99,389.0,0.0
2023-09-09,-1.0,0.0,2.45,11.5,18.26,307.0,0.0
2023-09-10,0.71,0.71,2.51,16.1,17.72,259.0,0.0
2023-09-11,-1.0,0.0,3.38,13.4,17.48,229.0,0.0
2023-09-12,0.0,1.0,2.36,11.4,17.19,204.0,0.0
2023-09-13,-1.0,0.0,2.54,11.7,16.88,191.0,0.0
2023-09-14,-1.0,0.0,2.92,9.1,16.77,185.0,0.0
2023-09-15,-1.0,0.0,3.87,17.5,16.71,227.0,0.0
2023-09-16,-1.0,0.0,2.46,15.25,16.68,432.0,0.0
2023-09-17,-1.0,0.0,3.14,12.0,16.69,399.0,0.0
2023-09-18,-1.0,0.0,3.23,9.9,16.71,337.0,0.0
2023-09-19,-1.0,0.0,2.66,13.9,16.74,279.0,0.0
2023-09-20,-1.0,0.0,2.2,18.7,17.17,236.0,0.0
2023-09-21,-1.0,0.0,1.9,18.4,17.65,208.0,0.0
2023-09-22,-1.0,0.0,1.77,16.9,17.65,206.0,0.0
2023-09-23,-0.71,0.71,1.54,17.0,17.49,217.0,0.0
2023-09-24,-1.0,0.0,2.33,18.1,17.25,257.0,0.0
2023-09-25,0.71,0.71,0.87,15.1,17.01,311.0,0.0
2023-09-26,0.71,0.71,2.76,15.6,16.88,346.0,0.0
2023-09-27,0.0,1.0,1.04,15.9,16.93,326.0,0.0
2023-09-28,1.0,0.0,0.82,15.7,16.93,290.0,0.0
2023-09-29,-1.0,0.0,2.16,17.0,16.83,257.0,0.0
2023-09-30,-1.0,0.0,0.94,17.0,16.86,260.0,0.0
2023-10-01,1.0,0.0,0.76,17.0,17.42,321.0,0.0
2023-10-02,-1.0,0.0,3.42,25.1,17.81,327.0,0.0
2023-10-03,-1.0,0.0,3.61,24.2,17.79,291.0,0.0
2023-10-04,-1.0,0.0,4.44,22.6,17.66,256.0,0.0
2023-10-05,-0.71,-0.71,3.54,14.4,17.41,227.0,0.0
2023-10-06,-0.71,-0.71,6.81,10.7,17.33,211.0,0.0
2023-10-07,1.0,0.0,7.38,9.8,17.11,207.0,0.0
2023-10-08,-1.0,0.0,2.62,6.6,16.57,227.0,0.0
2023-10-09,0.71,-0.71,7.5,8.4,15.96,228.0,0.0
2023-10-10,0.71,-0.71,5.56,8.75,15.42,215.0,0.0
2023-10-11,-1.0,0.0,2.45,8.0,14.86,203.0,0.0
2023-10-12,-1.0,0.0,3.73,5.3,14.59,193.0,0.0
2023-10-13,0.0,1.0,4.0,8.5,14.48,186.0,0.0
2023-10-14,0.71,0.71,6.66,10.4,14.18,184.0,0.0
2023-10-15,0.71,0.71,5.62,10.2,13.85,191.0,0.0
2023-10-16,0.71,0.71,4.57,9.9,13.63,194.0,0.0
2023-10-17,-1.0,0.0,2.25,5.3,13.58,188.0,0.0
2023-10-18,-1.0,0.0,2.27,11.5,13.5,187.0,0.0
2023-10-19,-1.0,0.0,2.39,10.8,13.42,241.0,0.0
2023-10-20,1.0,0.0,5.03,10.2,13.4,419.0,0.0
2023-10-21,-1.0,0.0,2.02,6.3,13.41,534.0,0.0
2023-10-22,-1.0,0.0,1.84,7.0,13.16,599.0,0.0
2023-10-23,-1.0,0.0,2.81,9.1,12.9,531.0,0.0
2023-10-24,-1.0,0.0,1.82,12.0,12.92,449.0,0.0
2023-10-25,0.71,0.71,5.6,10.4,13.01,397.0,0.0
2023-10-26,0.71,0.71,3.73,9.2,13.06,571.0,0.0
2023-10-27,-0.0,-1.0,3.13,8.9,13.11,1180.0,0.0
2023-10-28,-0.0,-1.0,3.56,1.85,12.23,1040.0,0.0
2023-10-29,-0.71,-0.71,2.71,-0.2,12.25,813.0,0.0
2023-10-30,-0.71,-0.71,3.36,-1.0,12.14,654.0,0.0
2023-10-31,-1.0,0.0,3.92,0.05,11.79,555.0,0.0
