YY MM DD DISC 
2012 06 01 1000
2012 06 02 766
2012 06 03 606
2012 06 04 498
2012 06 05 426
2012 06 06 372
2012 06 07 356
2012 06 08 441
2012 06 09 507
2012 06 10 397
2012 06 11 321
2012 06 12 280
2012 06 13 246
2012 06 14 238
2012 06 15 375
2012 06 16 475
2012 06 17 423
2012 06 18 559
2012 06 19 780
2012 06 20 2220
2012 06 21 6120
2012 06 22 4770
2012 06 23 3230
2012 06 24 2230
2012 06 25 1570
2012 06 26 1100
2012 06 27 803
2012 06 28 615
2012 06 29 491
2012 06 30 405
2012 07 01 341
2012 07 02 294
2012 07 03 299
2012 07 04 306
2012 07 05 268
2012 07 06 237
2012 07 07 238
2012 07 08 236
2012 07 09 219
2012 07 10 188
2012 07 11 169
2012 07 12 155
2012 07 13 141
2012 07 14 134
2012 07 15 129
2012 07 16 121
2012 07 17 114
2012 07 18 113
2012 07 19 113
2012 07 20 106
2012 07 21 103
2012 07 22 96.9
2012 07 23 93.1
2012 07 24 88.0
2012 07 25 110
2012 07 26 189
2012 07 27 175
2012 07 28 159
2012 07 29 143
2012 07 30 157
2012 07 31 159
2012 08 01 133
2012 08 02 120
2012 08 03 110
2012 08 04 108
2012 08 05 109
2012 08 06 103
2012 08 07 102
2012 08 08 102
2012 08 09 111
2012 08 10 120
2012 08 11 122
2012 08 12 108
2012 08 13 104
2012 08 14 99.5
2012 08 15 94.9
2012 08 16 102
2012 08 17 107
2012 08 18 102
2012 08 19 102
2012 08 20 115
2012 08 21 113
2012 08 22 102
2012 08 23 99.2
2012 08 24 106
2012 08 25 104
2012 08 26 105
2012 08 27 96.9
2012 08 28 87.8
2012 08 29 83.4
2012 08 30 79.5
2012 08 31 77.9
2012 09 01 76.3
2012 09 02 73.3
2012 09 03 73.0
2012 09 04 69.7
2012 09 05 72.3
2012 09 06 75.8
2012 09 07 86.9
2012 09 08 95.3
2012 09 09 102
2012 09 10 98.1
2012 09 11 90.9
2012 09 12 86.4
2012 09 13 83.6
2012 09 14 81.3
2012 09 15 76.7
2012 09 16 76.6
2012 09 17 75.7
2012 09 18 73.5
2012 09 19 74.8
2012 09 20 82.7
2012 09 21 89.2
2012 09 22 97.7
2012 09 23 103
2012 09 24 103
2012 09 25 98.9
2012 09 26 92.3
2012 09 27 88.0
2012 09 28 85.1
2012 09 29 84.3
2012 09 30 84.2
2012 10 01 84.0
2012 10 02 83.0
2012 10 03 83.0
2012 10 04 77.4
2012 10 05 71.3
2012 10 06 74.5
2012 10 07 75.7
2012 10 08 79.1
2012 10 09 85.2
2012 10 10 90.5
2012 10 11 99.3
2012 10 12 107
2012 10 13 106
2012 10 14 105
2012 10 15 106
2012 10 16 107
2012 10 17 111
2012 10 18 125
2012 10 19 157
2012 10 20 164
2012 10 21 151
2012 10 22 141
2012 10 23 139
2012 10 24 156
2012 10 25 288
2012 10 26 642
2012 10 27 532
2012 10 28 403
2012 10 29 316
2012 10 30 269
2012 10 31 234
2013 06 01 746
2013 06 02 721
2013 06 03 661
2013 06 04 572
2013 06 05 542
2013 06 06 1430
2013 06 07 1760
2013 06 08 1410
2013 06 09 1100
2013 06 10 954
2013 06 11 807
2013 06 12 655
2013 06 13 537
2013 06 14 450
2013 06 15 391
2013 06 16 361
2013 06 17 390
2013 06 18 416
2013 06 19 359
2013 06 20 353
2013 06 21 4630
2013 06 22 4930
2013 06 23 2870
2013 06 24 1810
2013 06 25 1200
2013 06 26 866
2013 06 27 732
2013 06 28 680
2013 06 29 626
2013 06 30 544
2013 07 01 463
2013 07 02 395
2013 07 03 343
2013 07 04 296
2013 07 05 265
2013 07 06 238
2013 07 07 371
2013 07 08 837
2013 07 09 890
2013 07 10 822
2013 07 11 679
2013 07 12 510
2013 07 13 393
2013 07 14 336
2013 07 15 318
2013 07 16 285
2013 07 17 252
2013 07 18 221
2013 07 19 215
2013 07 20 221
2013 07 21 200
2013 07 22 182
2013 07 23 179
2013 07 24 174
2013 07 25 163
2013 07 26 196
2013 07 27 215
2013 07 28 222
2013 07 29 237
2013 07 30 227
2013 07 31 207
2013 08 01 209
2013 08 02 199
2013 08 03 187
2013 08 04 170
2013 08 05 184
2013 08 06 285
2013 08 07 273
2013 08 08 235
2013 08 09 196
2013 08 10 170
2013 08 11 154
2013 08 12 147
2013 08 13 139
2013 08 14 132
2013 08 15 126
2013 08 16 119
2013 08 17 113
2013 08 18 107
2013 08 19 101
2013 08 20 101
2013 08 21 96.0
2013 08 22 95.9
2013 08 23 96.1
2013 08 24 88.6
2013 08 25 84.0
2013 08 26 279
2013 08 27 1490
2013 08 28 2230
2013 08 29 1690
2013 08 30 1830
2013 08 31 1410
2013 09 01 1010
2013 09 02 770
2013 09 03 641
2013 09 04 522
2013 09 05 425
2013 09 06 349
2013 09 07 298
2013 09 08 264
2013 09 09 238
2013 09 10 226
2013 09 11 217
2013 09 12 207
2013 09 13 191
2013 09 14 176
2013 09 15 173
2013 09 16 174
2013 09 17 169
2013 09 18 161
2013 09 19 167
2013 09 20 242
2013 09 21 228
2013 09 22 208
2013 09 23 189
2013 09 24 174
2013 09 25 166
2013 09 26 159
2013 09 27 148
2013 09 28 139
2013 09 29 143
2013 09 30 146
2013 10 01 142
2013 10 02 138
2013 10 03 147
2013 10 04 162
2013 10 05 215
2013 10 06 565
2013 10 07 726
2013 10 08 600
2013 10 09 475
2013 10 10 386
2013 10 11 329
2013 10 12 285
2013 10 13 257
2013 10 14 234
2013 10 15 248
2013 10 16 852
2013 10 17 1200
2013 10 18 1130
2013 10 19 1330
2013 10 20 1200
2013 10 21 1290
2013 10 22 1210
2013 10 23 1040
2013 10 24 885
2013 10 25 762
2013 10 26 695
2013 10 27 686
2013 10 28 652
2013 10 29 589
2013 10 30 536
2013 10 31 524
2014 06 01 456
2014 06 02 837
2014 06 03 1280
2014 06 04 1040
2014 06 05 786
2014 06 06 598
2014 06 07 711
2014 06 08 1410
2014 06 09 1070
2014 06 10 811
2014 06 11 634
2014 06 12 532
2014 06 13 540
2014 06 14 505
2014 06 15 530
2014 06 16 785
2014 06 17 688
2014 06 18 532
2014 06 19 419
2014 06 20 366
2014 06 21 334
2014 06 22 311
2014 06 23 340
2014 06 24 541
2014 06 25 499
2014 06 26 430
2014 06 27 372
2014 06 28 556
2014 06 29 882
2014 06 30 829
2014 07 01 690
2014 07 02 734
2014 07 03 701
2014 07 04 519
2014 07 05 399
2014 07 06 336
2014 07 07 324
2014 07 08 894
2014 07 09 1040
2014 07 10 722
2014 07 11 519
2014 07 12 479
2014 07 13 414
2014 07 14 354
2014 07 15 375
2014 07 16 417
2014 07 17 341
2014 07 18 286
2014 07 19 244
2014 07 20 216
2014 07 21 198
2014 07 22 232
2014 07 23 300
2014 07 24 278
2014 07 25 233
2014 07 26 205
2014 07 27 200
2014 07 28 276
2014 07 29 278
2014 07 30 373
2014 07 31 478
2014 08 01 373
2014 08 02 286
2014 08 03 239
2014 08 04 208
2014 08 05 189
2014 08 06 180
2014 08 07 170
2014 08 08 158
2014 08 09 146
2014 08 10 135
2014 08 11 136
2014 08 12 164
2014 08 13 165
2014 08 14 148
2014 08 15 133
2014 08 16 131
2014 08 17 126
2014 08 18 124
2014 08 19 140
2014 08 20 183
2014 08 21 174
2014 08 22 156
2014 08 23 145
2014 08 24 138
2014 08 25 1020
2014 08 26 565
2014 08 27 315
2014 08 28 236
2014 08 29 212
2014 08 30 1060
2014 08 31 1230
2014 09 01 2810
2014 09 02 3350
2014 09 03 1900
2014 09 04 1900
2014 09 05 2020
2014 09 06 1350
2014 09 07 956
2014 09 08 693
2014 09 09 540
2014 09 10 4120
2014 09 11 6020
2014 09 12 3230
2014 09 13 1960
2014 09 14 1320
2014 09 15 945
2014 09 16 720
2014 09 17 572
2014 09 18 480
2014 09 19 421
2014 09 20 385
2014 09 21 390
2014 09 22 464
2014 09 23 425
2014 09 24 379
2014 09 25 339
2014 09 26 312
2014 09 27 284
2014 09 28 268
2014 09 29 278
2014 09 30 291
2014 10 01 280
2014 10 02 362
2014 10 03 633
2014 10 04 1480
2014 10 05 1960
2014 10 06 1520
2014 10 07 1150
2014 10 08 900
2014 10 09 707
2014 10 10 585
2014 10 11 508
2014 10 12 456
2014 10 13 418
2014 10 14 435
2014 10 15 530
2014 10 16 503
2014 10 17 534
2014 10 18 742
2014 10 19 761
2014 10 20 651
2014 10 21 570
2014 10 22 491
2014 10 23 448
2014 10 24 419
2014 10 25 404
2014 10 26 379
2014 10 27 360
2014 10 28 343
2014 10 29 337
2014 10 30 337
2014 10 31 342
2015 06 01 668
2015 06 02 555
2015 06 03 478
2015 06 04 1540
2015 06 05 1970
2015 06 06 1410
2015 06 07 1040
2015 06 08 881
2015 06 09 912
2015 06 10 777
2015 06 11 614
2015 06 12 490
2015 06 13 412
2015 06 14 392
2015 06 15 420
2015 06 16 441
2015 06 17 404
2015 06 18 747
2015 06 19 644
2015 06 20 500
2015 06 21 608
2015 06 22 550
2015 06 23 529
2015 06 24 446
2015 06 25 405
2015 06 26 481
2015 06 27 411
2015 06 28 340
2015 06 29 308
2015 06 30 328
2015 07 01 366
2015 07 02 331
2015 07 03 293
2015 07 04 261
2015 07 05 294
2015 07 06 359
2015 07 07 921
2015 07 08 863
2015 07 09 634
2015 07 10 458
2015 07 11 348
2015 07 12 282
2015 07 13 408
2015 07 14 651
2015 07 15 557
2015 07 16 430
2015 07 17 347
2015 07 18 296
2015 07 19 255
2015 07 20 226
2015 07 21 199
2015 07 22 176
2015 07 23 161
2015 07 24 149
2015 07 25 147
2015 07 26 141
2015 07 27 147
2015 07 28 130
2015 07 29 120
2015 07 30 114
2015 07 31 111
2015 08 01 108
2015 08 02 110
2015 08 03 107
2015 08 04 103
2015 08 05 97.0
2015 08 06 92.3
2015 08 07 103
2015 08 08 115
2015 08 09 114
2015 08 10 118
2015 08 11 116
2015 08 12 105
2015 08 13 98.2
2015 08 14 94.0
2015 08 15 89.2
2015 08 16 84.9
2015 08 17 83.5
2015 08 18 86.5
2015 08 19 119
2015 08 20 173
2015 08 21 203
2015 08 22 178
2015 08 23 150
2015 08 24 142
2015 08 25 139
2015 08 26 135
2015 08 27 126
2015 08 28 118
2015 08 29 111
2015 08 30 104
2015 08 31 99.1
2015 09 01 95.7
2015 09 02 102
2015 09 03 159
2015 09 04 229
2015 09 05 207
2015 09 06 174
2015 09 07 309
2015 09 08 378
2015 09 09 300
2015 09 10 237
2015 09 11 196
2015 09 12 171
2015 09 13 155
2015 09 14 141
2015 09 15 129
2015 09 16 118
2015 09 17 118
2015 09 18 122
2015 09 19 166
2015 09 20 176
2015 09 21 148
2015 09 22 129
2015 09 23 120
2015 09 24 121
2015 09 25 127
2015 09 26 127
2015 09 27 122
2015 09 28 124
2015 09 29 137
2015 09 30 160
2015 10 01 140
2015 10 02 121
2015 10 03 111
2015 10 04 106
2015 10 05 106
2015 10 06 106
2015 10 07 107
2015 10 08 115
2015 10 09 154
2015 10 10 185
2015 10 11 170
2015 10 12 153
2015 10 13 143
2015 10 14 142
2015 10 15 141
2015 10 16 135
2015 10 17 125
2015 10 18 123
2015 10 19 119
2015 10 20 121
2015 10 21 120
2015 10 22 121
2015 10 23 121
2015 10 24 135
2015 10 25 172
2015 10 26 217
2015 10 27 262
2015 10 28 359
2015 10 29 712
2015 10 30 921
2015 10 31 843
2016 06 01 5440
2016 06 02 3650
2016 06 03 2430
2016 06 04 2430
2016 06 05 3430
2016 06 06 3340
2016 06 07 2550
2016 06 08 1860
2016 06 09 1360
2016 06 10 1040
2016 06 11 1100
2016 06 12 921
2016 06 13 1190
2016 06 14 1220
2016 06 15 3330
2016 06 16 8130
2016 06 17 3210
2016 06 18 1820
2016 06 19 1230
2016 06 20 903
2016 06 21 726
2016 06 22 528
2016 06 23 481
2016 06 24 438
2016 06 25 386
2016 06 26 468
2016 06 27 518
2016 06 28 452
2016 06 29 387
2016 06 30 369
2016 07 01 530
2016 07 02 462
2016 07 03 367
2016 07 04 308
2016 07 05 267
2016 07 06 240
2016 07 07 218
2016 07 08 224
2016 07 09 271
2016 07 10 265
2016 07 11 927
2016 07 12 31900
2016 07 13 17400
2016 07 14 8790
2016 07 15 4490
2016 07 16 2510
2016 07 17 1660
2016 07 18 1220
2016 07 19 916
2016 07 20 735
2016 07 21 726
2016 07 22 825
2016 07 23 656
2016 07 24 573
2016 07 25 547
2016 07 26 476
2016 07 27 419
2016 07 28 449
2016 07 29 432
2016 07 30 383
2016 07 31 342
2016 08 01 305
2016 08 02 311
2016 08 03 410
2016 08 04 357
2016 08 05 310
2016 08 06 275
2016 08 07 251
2016 08 08 225
2016 08 09 206
2016 08 10 210
2016 08 11 445
2016 08 12 718
2016 08 13 617
2016 08 14 501
2016 08 15 404
2016 08 16 339
2016 08 17 297
2016 08 18 267
2016 08 19 250
2016 08 20 413
2016 08 21 1360
2016 08 22 1550
2016 08 23 1050
2016 08 24 743
2016 08 25 595
2016 08 26 489
2016 08 27 410
2016 08 28 362
2016 08 29 335
2016 08 30 411
2016 08 31 381
2016 09 01 325
2016 09 02 287
2016 09 03 259
2016 09 04 238
2016 09 05 234
2016 09 06 725
2016 09 07 1430
2016 09 08 1830
2016 09 09 1770
2016 09 10 1410
2016 09 11 1370
2016 09 12 932
2016 09 13 708
2016 09 14 581
2016 09 15 485
2016 09 16 423
2016 09 17 397
2016 09 18 378
2016 09 19 360
2016 09 20 332
2016 09 21 311
2016 09 22 396
2016 09 23 545
2016 09 24 494
2016 09 25 412
2016 09 26 365
2016 09 27 477
2016 09 28 1080
2016 09 29 1530
2016 09 30 1220
2016 10 01 890
2016 10 02 686
2016 10 03 556
2016 10 04 464
2016 10 05 410
2016 10 06 423
2016 10 07 960
2016 10 08 1420
2016 10 09 1120
2016 10 10 857
2016 10 11 692
2016 10 12 609
2016 10 13 563
2016 10 14 504
2016 10 15 458
2016 10 16 436
2016 10 17 1040
2016 10 18 1430
2016 10 19 1200
2016 10 20 938
2016 10 21 758
2016 10 22 639
2016 10 23 562
2016 10 24 520
2016 10 25 484
2016 10 26 451
2016 10 27 470
2016 10 28 477
2016 10 29 463
2016 10 30 458
2016 10 31 449
2017 06 01 843
2017 06 02 722
2017 06 03 646
2017 06 04 626
2017 06 05 565
2017 06 06 498
2017 06 07 436
2017 06 08 391
2017 06 09 353
2017 06 10 317
2017 06 11 296
2017 06 12 297
2017 06 13 343
2017 06 14 548
2017 06 15 522
2017 06 16 457
2017 06 17 380
2017 06 18 475
2017 06 19 966
2017 06 20 853
2017 06 21 648
2017 06 22 505
2017 06 23 416
2017 06 24 358
2017 06 25 342
2017 06 26 483
2017 06 27 543
2017 06 28 447
2017 06 29 539
2017 06 30 591
2017 07 01 528
2017 07 02 456
2017 07 03 381
2017 07 04 329
2017 07 05 320
2017 07 06 329
2017 07 07 397
2017 07 08 450
2017 07 09 382
2017 07 10 395
2017 07 11 352
2017 07 12 311
2017 07 13 307
2017 07 14 291
2017 07 15 267
2017 07 16 241
2017 07 17 212
2017 07 18 210
2017 07 19 233
2017 07 20 212
2017 07 21 192
2017 07 22 196
2017 07 23 298
2017 07 24 239
2017 07 25 202
2017 07 26 181
2017 07 27 166
2017 07 28 157
2017 07 29 152
2017 07 30 146
2017 07 31 139
2017 08 01 132
2017 08 02 129
2017 08 03 146
2017 08 04 347
2017 08 05 409
2017 08 06 322
2017 08 07 252
2017 08 08 209
2017 08 09 183
2017 08 10 202
2017 08 11 378
2017 08 12 352
2017 08 13 271
2017 08 14 230
2017 08 15 208
2017 08 16 188
2017 08 17 387
2017 08 18 1090
2017 08 19 759
2017 08 20 562
2017 08 21 442
2017 08 22 393
2017 08 23 328
2017 08 24 272
2017 08 25 232
2017 08 26 216
2017 08 27 436
2017 08 28 677
2017 08 29 602
2017 08 30 515
2017 08 31 457
2017 09 01 381
2017 09 02 326
2017 09 03 317
2017 09 04 311
2017 09 05 291
2017 09 06 331
2017 09 07 446
2017 09 08 396
2017 09 09 324
2017 09 10 275
2017 09 11 242
2017 09 12 222
2017 09 13 203
2017 09 14 184
2017 09 15 171
2017 09 16 161
2017 09 17 167
2017 09 18 196
2017 09 19 209
2017 09 20 220
2017 09 21 268
2017 09 22 314
2017 09 23 817
2017 09 24 754
2017 09 25 594
2017 09 26 941
2017 09 27 1000
2017 09 28 802
2017 09 29 682
2017 09 30 584
2017 10 01 486
2017 10 02 466
2017 10 03 2690
2017 10 04 2100
2017 10 05 1550
2017 10 06 1120
2017 10 07 917
2017 10 08 1110
2017 10 09 997
2017 10 10 808
2017 10 11 658
2017 10 12 562
2017 10 13 504
2017 10 14 457
2017 10 15 880
2017 10 16 1360
2017 10 17 1060
2017 10 18 832
2017 10 19 674
2017 10 20 569
2017 10 21 499
2017 10 22 484
2017 10 23 484
2017 10 24 527
2017 10 25 898
2017 10 26 865
2017 10 27 1410
2017 10 28 3480
2017 10 29 2440
2017 10 30 1870
2017 10 31 1620
2018 06 01 1340
2018 06 02 1050
2018 06 03 1640
2018 06 04 1470
2018 06 05 1130
2018 06 06 868
2018 06 07 745
2018 06 08 633
2018 06 09 543
2018 06 10 477
2018 06 11 418
2018 06 12 379
2018 06 13 371
2018 06 14 332
2018 06 15 2030
2018 06 16 8230
2018 06 17 8840
2018 06 18 12600
2018 06 19 7560
2018 06 20 3900
2018 06 21 2190
2018 06 22 1400
2018 06 23 1030
2018 06 24 794
2018 06 25 639
2018 06 26 531
2018 06 27 455
2018 06 28 403
2018 06 29 363
2018 06 30 338
2018 07 01 551
2018 07 02 954
2018 07 03 664
2018 07 04 513
2018 07 05 557
2018 07 06 458
2018 07 07 365
2018 07 08 306
2018 07 09 267
2018 07 10 238
2018 07 11 219
2018 07 12 212
2018 07 13 231
2018 07 14 224
2018 07 15 205
2018 07 16 185
2018 07 17 170
2018 07 18 159
2018 07 19 153
2018 07 20 156
2018 07 21 178
2018 07 22 185
2018 07 23 177
2018 07 24 168
2018 07 25 163
2018 07 26 227
2018 07 27 263
2018 07 28 244
2018 07 29 211
2018 07 30 187
2018 07 31 167
2018 08 01 160
2018 08 02 178
2018 08 03 206
2018 08 04 349
2018 08 05 662
2018 08 06 633
2018 08 07 500
2018 08 08 377
2018 08 09 316
2018 08 10 282
2018 08 11 255
2018 08 12 224
2018 08 13 197
2018 08 14 181
2018 08 15 170
2018 08 16 175
2018 08 17 171
2018 08 18 163
2018 08 19 155
2018 08 20 153
2018 08 21 151
2018 08 22 147
2018 08 23 142
2018 08 24 1030
2018 08 25 2200
2018 08 26 1490
2018 08 27 2020
2018 08 28 5980
2018 08 29 4200
2018 08 30 2510
2018 08 31 1960
2018 09 01 1720
2018 09 02 1310
2018 09 03 1470
2018 09 04 1190
2018 09 05 1870
2018 09 06 1670
2018 09 07 1160
2018 09 08 895
2018 09 09 715
2018 09 10 601
2018 09 11 513
2018 09 12 445
2018 09 13 402
2018 09 14 362
2018 09 15 343
2018 09 16 359
2018 09 17 357
2018 09 18 333
2018 09 19 307
2018 09 20 311
2018 09 21 1650
2018 09 22 2370
2018 09 23 1930
2018 09 24 1360
2018 09 25 1910
2018 09 26 1670
2018 09 27 1330
2018 09 28 1220
2018 09 29 1060
2018 09 30 864
2018 10 01 731
2018 10 02 644
2018 10 03 621
2018 10 04 1260
2018 10 05 1510
2018 10 06 1470
2018 10 07 1240
2018 10 08 1090
2018 10 09 1970
2018 10 10 7070
2018 10 11 9280
2018 10 12 6140
2018 10 13 3620
2018 10 14 2390
2018 10 15 1750
2018 10 16 1410
2018 10 17 1180
2018 10 18 1010
2018 10 19 898
2018 10 20 826
2018 10 21 781
2018 10 22 743
2018 10 23 704
2018 10 24 668
2018 10 25 635
2018 10 26 611
2018 10 27 592
2018 10 28 628
2018 10 29 801
2018 10 30 773
2018 10 31 731
2019 06 01 724
2019 06 02 614
2019 06 03 534
2019 06 04 495
2019 06 05 832
2019 06 06 624
2019 06 07 533
2019 06 08 455
2019 06 09 391
2019 06 10 362
2019 06 11 342
2019 06 12 319
2019 06 13 292
2019 06 14 279
2019 06 15 281
2019 06 16 280
2019 06 17 265
2019 06 18 260
2019 06 19 256
2019 06 20 252
2019 06 21 246
2019 06 22 247
2019 06 23 262
2019 06 24 409
2019 06 25 512
2019 06 26 495
2019 06 27 407
2019 06 28 362
2019 06 29 328
2019 06 30 321
2019 07 01 341
2019 07 02 335
2019 07 03 304
2019 07 04 277
2019 07 05 370
2019 07 06 416
2019 07 07 346
2019 07 08 280
2019 07 09 244
2019 07 10 239
2019 07 11 240
2019 07 12 220
2019 07 13 226
2019 07 14 198
2019 07 15 375
2019 07 16 594
2019 07 17 635
2019 07 18 531
2019 07 19 531
2019 07 20 481
2019 07 21 472
2019 07 22 410
2019 07 23 346
2019 07 24 293
2019 07 25 255
2019 07 26 221
2019 07 27 203
2019 07 28 190
2019 07 29 195
2019 07 30 195
2019 07 31 184
2019 08 01 170
2019 08 02 160
2019 08 03 154
2019 08 04 148
2019 08 05 147
2019 08 06 157
2019 08 07 154
2019 08 08 172
2019 08 09 169
2019 08 10 156
2019 08 11 144
2019 08 12 142
2019 08 13 139
2019 08 14 157
2019 08 15 143
2019 08 16 139
2019 08 17 139
2019 08 18 149
2019 08 19 209
2019 08 20 208
2019 08 21 189
2019 08 22 165
2019 08 23 149
2019 08 24 137
2019 08 25 129
2019 08 26 128
2019 08 27 149
2019 08 28 163
2019 08 29 170
2019 08 30 166
2019 08 31 151
2019 09 01 140
2019 09 02 137
2019 09 03 160
2019 09 04 222
2019 09 05 256
2019 09 06 273
2019 09 07 284
2019 09 08 260
2019 09 09 230
2019 09 10 216
2019 09 11 212
2019 09 12 227
2019 09 13 321
2019 09 14 373
2019 09 15 353
2019 09 16 313
2019 09 17 274
2019 09 18 237
2019 09 19 216
2019 09 20 201
2019 09 21 194
2019 09 22 195
2019 09 23 205
2019 09 24 225
2019 09 25 263
2019 09 26 325
2019 09 27 322
2019 09 28 297
2019 09 29 273
2019 09 30 684
2019 10 01 1800
2019 10 02 1550
2019 10 03 1330
2019 10 04 1320
2019 10 05 1120
2019 10 06 1030
2019 10 07 895
2019 10 08 754
2019 10 09 625
2019 10 10 527
2019 10 11 460
2019 10 12 434
2019 10 13 429
2019 10 14 442
2019 10 15 475
2019 10 16 833
2019 10 17 976
2019 10 18 840
2019 10 19 713
2019 10 20 720
2019 10 21 706
2019 10 22 932
2019 10 23 965
2019 10 24 872
2019 10 25 739
2019 10 26 627
2019 10 27 547
2019 10 28 485
2019 10 29 440
2019 10 30 401
2019 10 31 386
2020 06 01 853
2020 06 02 935
2020 06 03 753
2020 06 04 595
2020 06 05 483
2020 06 06 406
2020 06 07 367
2020 06 08 379
2020 06 09 345
2020 06 10 471
2020 06 11 854
2020 06 12 680
2020 06 13 499
2020 06 14 382
2020 06 15 356
2020 06 16 359
2020 06 17 326
2020 06 18 273
2020 06 19 244
2020 06 20 222
2020 06 21 267
2020 06 22 375
2020 06 23 404
2020 06 24 351
2020 06 25 293
2020 06 26 253
2020 06 27 226
2020 06 28 201
2020 06 29 196
2020 06 30 220
2020 07 01 279
2020 07 02 259
2020 07 03 220
2020 07 04 194
2020 07 05 176
2020 07 06 166
2020 07 07 183
2020 07 08 179
2020 07 09 1230
2020 07 10 1630
2020 07 11 1160
2020 07 12 760
2020 07 13 518
2020 07 14 494
2020 07 15 983
2020 07 16 803
2020 07 17 620
2020 07 18 758
2020 07 19 1580
2020 07 20 1090
2020 07 21 981
2020 07 22 3010
2020 07 23 2050
2020 07 24 1200
2020 07 25 809
2020 07 26 689
2020 07 27 1320
2020 07 28 1130
2020 07 29 809
2020 07 30 588
2020 07 31 451
2020 08 01 371
2020 08 02 369
2020 08 03 375
2020 08 04 314
2020 08 05 268
2020 08 06 237
2020 08 07 209
2020 08 08 836
2020 08 09 1500
2020 08 10 4000
2020 08 11 1880
2020 08 12 1030
2020 08 13 708
2020 08 14 592
2020 08 15 573
2020 08 16 598
2020 08 17 495
2020 08 18 408
2020 08 19 349
2020 08 20 310
2020 08 21 288
2020 08 22 278
2020 08 23 283
2020 08 24 275
2020 08 25 258
2020 08 26 244
2020 08 27 258
2020 08 28 416
2020 08 29 1350
2020 08 30 1110
2020 08 31 847
2020 09 01 791
2020 09 02 637
2020 09 03 513
2020 09 04 426
2020 09 05 358
2020 09 06 310
2020 09 07 278
2020 09 08 258
2020 09 09 244
2020 09 10 229
2020 09 11 217
2020 09 12 215
2020 09 13 242
2020 09 14 252
2020 09 15 235
2020 09 16 223
2020 09 17 205
2020 09 18 191
2020 09 19 180
2020 09 20 174
2020 09 21 165
2020 09 22 165
2020 09 23 165
2020 09 24 199
2020 09 25 418
2020 09 26 681
2020 09 27 767
2020 09 28 734
2020 09 29 646
2020 09 30 534
2020 10 01 462
2020 10 02 512
2020 10 03 511
2020 10 04 455
2020 10 05 402
2020 10 06 367
2020 10 07 341
2020 10 08 322
2020 10 09 300
2020 10 10 293
2020 10 11 282
2020 10 12 349
2020 10 13 866
2020 10 14 817
2020 10 15 807
2020 10 16 794
2020 10 17 690
2020 10 18 606
2020 10 19 537
2020 10 20 485
2020 10 21 472
2020 10 22 511
2020 10 23 767
2020 10 24 1030
2020 10 25 843
2020 10 26 720
2020 10 27 593
2020 10 28 566
2020 10 29 543
2020 10 30 531
2020 10 31 492
2021 06 01 398
2021 06 02 364
2021 06 03 328
2021 06 04 305
2021 06 05 290
2021 06 06 256
2021 06 07 226
2021 06 08 204
2021 06 09 188
2021 06 10 174
2021 06 11 169
2021 06 12 191
2021 06 13 201
2021 06 14 185
2021 06 15 191
2021 06 16 168
2021 06 17 149
2021 06 18 143
2021 06 19 137
2021 06 20 139
2021 06 21 207
2021 06 22 265
2021 06 23 239
2021 06 24 217
2021 06 25 224
2021 06 26 206
2021 06 27 185
2021 06 28 171
2021 06 29 190
2021 06 30 329
2021 07 01 347
2021 07 02 266
2021 07 03 207
2021 07 04 172
2021 07 05 154
2021 07 06 148
2021 07 07 179
2021 07 08 197
2021 07 09 180
2021 07 10 160
2021 07 11 146
2021 07 12 135
2021 07 13 127
2021 07 14 125
2021 07 15 121
2021 07 16 117
2021 07 17 114
2021 07 18 111
2021 07 19 109
2021 07 20 107
2021 07 21 105
2021 07 22 108
2021 07 23 117
2021 07 24 126
2021 07 25 132
2021 07 26 132
2021 07 27 212
2021 07 28 283
2021 07 29 385
2021 07 30 375
2021 07 31 303
2021 08 01 245
2021 08 02 205
2021 08 03 180
2021 08 04 164
2021 08 05 153
2021 08 06 145
2021 08 07 138
2021 08 08 148
2021 08 09 161
2021 08 10 177
2021 08 11 216
2021 08 12 197
2021 08 13 173
2021 08 14 156
2021 08 15 138
2021 08 16 126
2021 08 17 119
2021 08 18 114
2021 08 19 110
2021 08 20 106
2021 08 21 102
2021 08 22 99.0
2021 08 23 96.8
2021 08 24 96.3
2021 08 25 100
2021 08 26 99.1
2021 08 27 103
2021 08 28 112
2021 08 29 128
2021 08 30 119
2021 08 31 110
2021 09 01 104
2021 09 02 101
2021 09 03 103
2021 09 04 101
2021 09 05 100
2021 09 06 98.6
2021 09 07 111
2021 09 08 111
2021 09 09 104
2021 09 10 103
2021 09 11 102
2021 09 12 98.5
2021 09 13 96.7
2021 09 14 129
2021 09 15 152
2021 09 16 142
2021 09 17 155
2021 09 18 192
2021 09 19 190
2021 09 20 175
2021 09 21 345
2021 09 22 301
2021 09 23 256
2021 09 24 231
2021 09 25 210
2021 09 26 194
2021 09 27 176
2021 09 28 163
2021 09 29 154
2021 09 30 145
2021 10 01 140
2021 10 02 136
2021 10 03 187
2021 10 04 330
2021 10 05 421
2021 10 06 375
2021 10 07 315
2021 10 08 290
2021 10 09 264
2021 10 10 241
2021 10 11 232
2021 10 12 223
2021 10 13 219
2021 10 14 209
2021 10 15 193
2021 10 16 179
2021 10 17 169
2021 10 18 162
2021 10 19 156
2021 10 20 154
2021 10 21 162
2021 10 22 186
2021 10 23 210
2021 10 24 212
2021 10 25 198
2021 10 26 186
2021 10 27 179
2021 10 28 182
2021 10 29 182
2021 10 30 187
2021 10 31 198
2022 06 01 845
2022 06 02 663
2022 06 03 538
2022 06 04 448
2022 06 05 387
2022 06 06 349
2022 06 07 323
2022 06 08 291
2022 06 09 265
2022 06 10 241
2022 06 11 225
2022 06 12 216
2022 06 13 209
2022 06 14 200
2022 06 15 208
2022 06 16 413
2022 06 17 483
2022 06 18 378
2022 06 19 298
2022 06 20 245
2022 06 21 242
2022 06 22 266
2022 06 23 222
2022 06 24 194
2022 06 25 172
2022 06 26 167
2022 06 27 165
2022 06 28 157
2022 06 29 150
2022 06 30 149
2022 07 01 144
2022 07 02 135
2022 07 03 130
2022 07 04 194
2022 07 05 259
2022 07 06 212
2022 07 07 184
2022 07 08 164
2022 07 09 143
2022 07 10 131
2022 07 11 131
2022 07 12 144
2022 07 13 241
2022 07 14 239
2022 07 15 210
2022 07 16 249
2022 07 17 217
2022 07 18 182
2022 07 19 162
2022 07 20 149
2022 07 21 144
2022 07 22 139
2022 07 23 131
2022 07 24 126
2022 07 25 122
2022 07 26 115
2022 07 27 125
2022 07 28 133
2022 07 29 120
2022 07 30 109
2022 07 31 102
2022 08 01 109
2022 08 02 130
2022 08 03 133
2022 08 04 145
2022 08 05 126
2022 08 06 117
2022 08 07 116
2022 08 08 124
2022 08 09 138
2022 08 10 134
2022 08 11 118
2022 08 12 106
2022 08 13 105
2022 08 14 105
2022 08 15 105
2022 08 16 103
2022 08 17 108
2022 08 18 113
2022 08 19 116
2022 08 20 110
2022 08 21 107
2022 08 22 102
2022 08 23 99.0
2022 08 24 97.5
2022 08 25 110
2022 08 26 119
2022 08 27 113
2022 08 28 115
2022 08 29 125
2022 08 30 128
2022 08 31 119
2022 09 01 109
2022 09 02 102
2022 09 03 97.7
2022 09 04 92.1
2022 09 05 90.5
2022 09 06 87.8
2022 09 07 87.1
2022 09 08 83.0
2022 09 09 95.5
2022 09 10 129
2022 09 11 124
2022 09 12 114
2022 09 13 105
2022 09 14 99.2
2022 09 15 93.6
2022 09 16 91.8
2022 09 17 96.8
2022 09 18 106
2022 09 19 105
2022 09 20 98.5
2022 09 21 95.7
2022 09 22 91.2
2022 09 23 87.4
2022 09 24 94.1
2022 09 25 103
2022 09 26 110
2022 09 27 116
2022 09 28 123
2022 09 29 118
2022 09 30 113
2022 10 01 109
2022 10 02 107
2022 10 03 104
2022 10 04 101
2022 10 05 98.7
2022 10 06 100
2022 10 07 99.7
2022 10 08 103
2022 10 09 108
2022 10 10 109
2022 10 11 104
2022 10 12 110
2022 10 13 129
2022 10 14 132
2022 10 15 131
2022 10 16 132
2022 10 17 147
2022 10 18 179
2022 10 19 176
2022 10 20 174
2022 10 21 182
2022 10 22 218
2022 10 23 243
2022 10 24 252
2022 10 25 257
2022 10 26 251
2022 10 27 216
2022 10 28 187
2022 10 29 169
2022 10 30 159
2022 10 31 149
2023 06 01 243
2023 06 02 293
2023 06 03 280
2023 06 04 242
2023 06 05 214
2023 06 06 198
2023 06 07 190
2023 06 08 181
2023 06 09 173
2023 06 10 175
2023 06 11 173
2023 06 12 170
2023 06 13 173
2023 06 14 176
2023 06 15 173
2023 06 16 171
2023 06 17 170
2023 06 18 169
2023 06 19 171
2023 06 20 168
2023 06 21 161
2023 06 22 153
2023 06 23 146
2023 06 24 154
2023 06 25 215
2023 06 26 344
2023 06 27 351
2023 06 28 309
2023 06 29 346
2023 06 30 474
2023 07 01 450
2023 07 02 336
2023 07 03 278
2023 07 04 383
2023 07 05 375
2023 07 06 310
2023 07 07 250
2023 07 08 218
2023 07 09 186
2023 07 10 170
2023 07 11 158
2023 07 12 149
2023 07 13 142
2023 07 14 137
2023 07 15 132
2023 07 16 128
2023 07 17 127
2023 07 18 126
2023 07 19 123
2023 07 20 130
2023 07 21 132
2023 07 22 130
2023 07 23 128
2023 07 24 125
2023 07 25 127
2023 07 26 123
2023 07 27 151
2023 07 28 290
2023 07 29 217
2023 07 30 183
2023 07 31 156
2023 08 01 139
2023 08 02 130
2023 08 03 122
2023 08 04 116
2023 08 05 110
2023 08 06 105
2023 08 07 103
2023 08 08 100
2023 08 09 97.0
2023 08 10 95.2
2023 08 11 97.8
2023 08 12 103
2023 08 13 100
2023 08 14 97.5
2023 08 15 94.1
2023 08 16 95.0
2023 08 17 159
2023 08 18 184
2023 08 19 153
2023 08 20 137
2023 08 21 123
2023 08 22 133
2023 08 23 141
2023 08 24 134
2023 08 25 131
2023 08 26 139
2023 08 27 129
2023 08 28 127
2023 08 29 142
2023 08 30 137
2023 08 31 130
