YY,MM,DD,DISC 
2012,06,01,1880
2012,06,02,1430
2012,06,03,1090
2012,06,04,819
2012,06,05,667
2012,06,06,547
2012,06,07,462
2012,06,08,399
2012,06,09,357
2012,06,10,316
2012,06,11,355
2012,06,12,344
2012,06,13,302
2012,06,14,533
2012,06,15,1220
2012,06,16,739
2012,06,17,784
2012,06,18,1540
2012,06,19,1570
2012,06,20,12600
2012,06,21,18400
2012,06,22,5460
2012,06,23,3110
2012,06,24,1750
2012,06,25,1320
2012,06,26,939
2012,06,27,724
2012,06,28,572
2012,06,29,462
2012,06,30,381
2012,07,01,329
2012,07,02,288
2012,07,03,490
2012,07,04,717
2012,07,05,484
2012,07,06,448
2012,07,07,437
2012,07,08,383
2012,07,09,307
2012,07,10,264
2012,07,11,229
2012,07,12,200
2012,07,13,177
2012,07,14,159
2012,07,15,148
2012,07,16,134
2012,07,17,124
2012,07,18,119
2012,07,19,125
2012,07,20,119
2012,07,21,110
2012,07,22,98.2
2012,07,23,89.5
2012,07,24,82.3
2012,07,25,106
2012,07,26,204
2012,07,27,210
2012,07,28,202
2012,07,29,162
2012,07,30,137
2012,07,31,119
2012,08,01,107
2012,08,02,99.4
2012,08,03,93.5
2012,08,04,112
2012,08,05,157
2012,08,06,129
2012,08,07,106
2012,08,08,95.0
2012,08,09,92.2
2012,08,10,88.3
2012,08,11,83.5
2012,08,12,78.9
2012,08,13,77.8
2012,08,14,74.7
2012,08,15,71.1
2012,08,16,79.5
2012,08,17,91.9
2012,08,18,82.0
2012,08,19,76.2
2012,08,20,70.1
2012,08,21,65.5
2012,08,22,62.5
2012,08,23,61.9
2012,08,24,66.6
2012,08,25,69.1
2012,08,26,65.0
2012,08,27,61.0
2012,08,28,58.2
2012,08,29,55.9
2012,08,30,56.1
2012,08,31,54.1
2012,09,01,51.9
2012,09,02,51.0
2012,09,03,50.0
2012,09,04,49.7
2012,09,05,48.7
2012,09,06,47.9
2012,09,07,51.3
2012,09,08,53.9
2012,09,09,54.3
2012,09,10,52.9
2012,09,11,51.0
2012,09,12,50.0
2012,09,13,48.9
2012,09,14,48.0
2012,09,15,47.2
2012,09,16,47.0
2012,09,17,46.7
2012,09,18,46.1
2012,09,19,46.6
2012,09,20,48.1
2012,09,21,48.5
2012,09,22,50.7
2012,09,23,50.5
2012,09,24,51.1
2012,09,25,60.9
2012,09,26,52.9
2012,09,27,58.5
2012,09,28,56.4
2012,09,29,51.1
2012,09,30,50.2
2012,10,01,50.8
2012,10,02,51.0
2012,10,03,49.7
2012,10,04,49.1
2012,10,05,49.8
2012,10,06,48.9
2012,10,07,49.8
2012,10,08,50.5
2012,10,09,51.8
2012,10,10,52.8
2012,10,11,55.3
2012,10,12,57.1
2012,10,13,56.2
2012,10,14,56.7
2012,10,15,57.7
2012,10,16,57.2
2012,10,17,58.3
2012,10,18,58.5
2012,10,19,60.8
2012,10,20,63.9
2012,10,21,62.5
2012,10,22,60.5
2012,10,23,60.1
2012,10,24,62.5
2012,10,25,75.2
2012,10,26,105
2012,10,27,109
2012,10,28,96.2
2012,10,29,88.4
2012,10,30,82.2
2012,10,31,78.0
2013,06,01,1750
2013,06,02,1250
2013,06,03,897
2013,06,04,682
2013,06,05,781
2013,06,06,1430
2013,06,07,1060
2013,06,08,802
2013,06,09,663
2013,06,10,1880
2013,06,11,1530
2013,06,12,998
2013,06,13,728
2013,06,14,565
2013,06,15,468
2013,06,16,390
2013,06,17,335
2013,06,18,280
2013,06,19,245
2013,06,20,221
2013,06,21,1490
2013,06,22,3120
2013,06,23,1750
2013,06,24,1640
2013,06,25,1130
2013,06,26,804
2013,06,27,613
2013,06,28,589
2013,06,29,528
2013,06,30,489
2013,07,01,370
2013,07,02,296
2013,07,03,246
2013,07,04,220
2013,07,05,189
2013,07,06,162
2013,07,07,173
2013,07,08,206
2013,07,09,173
2013,07,10,164
2013,07,11,150
2013,07,12,127
2013,07,13,113
2013,07,14,105
2013,07,15,115
2013,07,16,115
2013,07,17,114
2013,07,18,86.6
2013,07,19,86.6
2013,07,20,86.6
2013,07,21,77.4
2013,07,22,68.2
2013,07,23,69.9
2013,07,24,65.9
2013,07,25,63.4
2013,07,26,62.9
2013,07,27,71.6
2013,07,28,82.2
2013,07,29,84.4
2013,07,30,78.6
2013,07,31,71.6
2013,08,01,71.5
2013,08,02,62.7
2013,08,03,59.4
2013,08,04,56.5
2013,08,05,61.1
2013,08,06,70.0
2013,08,07,70.2
2013,08,08,63.3
2013,08,09,57.9
2013,08,10,54.4
2013,08,11,52.3
2013,08,12,49.5
2013,08,13,47.9
2013,08,14,46.3
2013,08,15,44.7
2013,08,16,43.4
2013,08,17,41.8
2013,08,18,40.8
2013,08,19,40.2
2013,08,20,39.8
2013,08,21,39.4
2013,08,22,39.0
2013,08,23,38.5
2013,08,24,38.1
2013,08,25,36.8
2013,08,26,40.7
2013,08,27,135
2013,08,28,130
2013,08,29,91.4
2013,08,30,77.8
2013,08,31,71.8
2013,09,01,76.4
2013,09,02,72.8
2013,09,03,67.7
2013,09,04,64.4
2013,09,05,61.2
2013,09,06,58.5
2013,09,07,56.7
2013,09,08,55.3
2013,09,09,57.2
2013,09,10,65.4
2013,09,11,72.8
2013,09,12,66.6
2013,09,13,62.7
2013,09,14,59.9
2013,09,15,69.5
2013,09,16,69.0
2013,09,17,67.2
2013,09,18,63.1
2013,09,19,70.9
2013,09,20,72.4
2013,09,21,89.4
2013,09,22,83.9
2013,09,23,76.9
2013,09,24,72.4
2013,09,25,68.7
2013,09,26,65.7
2013,09,27,62.7
2013,09,28,60.8
2013,09,29,61.8
2013,09,30,61.6
2013,10,01,60.5
2013,10,02,59.6
2013,10,03,71.1
2013,10,04,98.1
2013,10,05,149
2013,10,06,1100
2013,10,07,786
2013,10,08,442
2013,10,09,318
2013,10,10,251
2013,10,11,206
2013,10,12,171
2013,10,13,146
2013,10,14,128
2013,10,15,204
2013,10,16,1150
2013,10,17,710
2013,10,18,529
2013,10,19,473
2013,10,20,387
2013,10,21,424
2013,10,22,425
2013,10,23,341
2013,10,24,277
2013,10,25,233
2013,10,26,195
2013,10,27,169
2013,10,28,147
2013,10,29,128
2013,10,30,117
2013,10,31,114
2014,06,01,1340
2014,06,02,1100
2014,06,03,1070
2014,06,04,774
2014,06,05,578
2014,06,06,492
2014,06,07,588
2014,06,08,1240
2014,06,09,972
2014,06,10,742
2014,06,11,619
2014,06,12,580
2014,06,13,595
2014,06,14,496
2014,06,15,709
2014,06,16,1440
2014,06,17,924
2014,06,18,659
2014,06,19,518
2014,06,20,521
2014,06,21,542
2014,06,22,466
2014,06,23,397
2014,06,24,350
2014,06,25,310
2014,06,26,289
2014,06,27,260
2014,06,28,252
2014,06,29,316
2014,06,30,390
2014,07,01,293
2014,07,02,245
2014,07,03,211
2014,07,04,185
2014,07,05,167
2014,07,06,153
2014,07,07,143
2014,07,08,134
2014,07,09,130
2014,07,10,120
2014,07,11,121
2014,07,12,199
2014,07,13,209
2014,07,14,173
2014,07,15,163
2014,07,16,158
2014,07,17,133
2014,07,18,114
2014,07,19,99.4
2014,07,20,90.4
2014,07,21,83.2
2014,07,22,80.7
2014,07,23,83.2
2014,07,24,80.3
2014,07,25,72.3
2014,07,26,67.9
2014,07,27,67.7
2014,07,28,66.2
2014,07,29,61.3
2014,07,30,62.0
2014,07,31,59.5
2014,08,01,54.2
2014,08,02,48.8
2014,08,03,46.3
2014,08,04,52.4
2014,08,05,68.6
2014,08,06,57.5
2014,08,07,50.6
2014,08,08,45.3
2014,08,09,41.9
2014,08,10,40.1
2014,08,11,44.6
2014,08,12,51.4
2014,08,13,51.3
2014,08,14,45.2
2014,08,15,39.3
2014,08,16,37.0
2014,08,17,36.4
2014,08,18,62.8
2014,08,19,111
2014,08,20,124
2014,08,21,95.4
2014,08,22,80.1
2014,08,23,70.1
2014,08,24,63.6
2014,08,25,121
2014,08,26,215
2014,08,27,128
2014,08,28,92.2
2014,08,29,79.0
2014,08,30,94.5
2014,08,31,120
2014,09,01,168
2014,09,02,317
2014,09,03,266
2014,09,04,198
2014,09,05,224
2014,09,06,251
2014,09,07,201
2014,09,08,167
2014,09,09,145
2014,09,10,165
2014,09,11,309
2014,09,12,287
2014,09,13,232
2014,09,14,196
2014,09,15,168
2014,09,16,146
2014,09,17,131
2014,09,18,120
2014,09,19,111
2014,09,20,105
2014,09,21,175
2014,09,22,186
2014,09,23,152
2014,09,24,126
2014,09,25,110
2014,09,26,100
2014,09,27,93.1
2014,09,28,86.2
2014,09,29,87.2
2014,09,30,94.8
2014,10,01,107
2014,10,02,204
2014,10,03,277
2014,10,04,388
2014,10,05,464
2014,10,06,417
2014,10,07,370
2014,10,08,322
2014,10,09,280
2014,10,10,246
2014,10,11,215
2014,10,12,194
2014,10,13,176
2014,10,14,164
2014,10,15,155
2014,10,16,148
2014,10,17,143
2014,10,18,138
2014,10,19,134
2014,10,20,130
2014,10,21,125
2014,10,22,121
2014,10,23,115
2014,10,24,114
2014,10,25,111
2014,10,26,110
2014,10,27,108
2014,10,28,106
2014,10,29,103
2014,10,30,102
2014,10,31,103
2015,06,01,265
2015,06,02,227
2015,06,03,199
2015,06,04,205
2015,06,05,230
2015,06,06,221
2015,06,07,223
2015,06,08,299
2015,06,09,322
2015,06,10,265
2015,06,11,215
2015,06,12,179
2015,06,13,154
2015,06,14,136
2015,06,15,123
2015,06,16,116
2015,06,17,117
2015,06,18,124
2015,06,19,135
2015,06,20,125
2015,06,21,115
2015,06,22,171
2015,06,23,155
2015,06,24,119
2015,06,25,103
2015,06,26,99.5
2015,06,27,90.6
2015,06,28,84.9
2015,06,29,122
2015,06,30,218
2015,07,01,200
2015,07,02,148
2015,07,03,116
2015,07,04,96.4
2015,07,05,81.5
2015,07,06,750
2015,07,07,2820
2015,07,08,1580
2015,07,09,852
2015,07,10,588
2015,07,11,445
2015,07,12,361
2015,07,13,699
2015,07,14,1090
2015,07,15,722
2015,07,16,498
2015,07,17,402
2015,07,18,349
2015,07,19,312
2015,07,20,261
2015,07,21,225
2015,07,22,194
2015,07,23,172
2015,07,24,153
2015,07,25,141
2015,07,26,128
2015,07,27,115
2015,07,28,102
2015,07,29,94.1
2015,07,30,88.0
2015,07,31,76.6
2015,08,01,71.3
2015,08,02,64.6
2015,08,03,60.6
2015,08,04,56.2
2015,08,05,52.3
2015,08,06,50.4
2015,08,07,80.9
2015,08,08,159
2015,08,09,219
2015,08,10,258
2015,08,11,200
2015,08,12,151
2015,08,13,120
2015,08,14,99.5
2015,08,15,84.7
2015,08,16,72.6
2015,08,17,65.2
2015,08,18,62.6
2015,08,19,160
2015,08,20,407
2015,08,21,349
2015,08,22,265
2015,08,23,295
2015,08,24,416
2015,08,25,335
2015,08,26,267
2015,08,27,217
2015,08,28,180
2015,08,29,155
2015,08,30,134
2015,08,31,120
2015,09,01,109
2015,09,02,114
2015,09,03,107
2015,09,04,96.5
2015,09,05,88.6
2015,09,06,146
2015,09,07,194
2015,09,08,179
2015,09,09,140
2015,09,10,114
2015,09,11,99.4
2015,09,12,88.9
2015,09,13,80.7
2015,09,14,73.9
2015,09,15,69.4
2015,09,16,62.2
2015,09,17,62.4
2015,09,18,79.5
2015,09,19,96.7
2015,09,20,83.6
2015,09,21,72.9
2015,09,22,64.3
2015,09,23,73.8
2015,09,24,148
2015,09,25,320
2015,09,26,265
2015,09,27,213
2015,09,28,179
2015,09,29,151
2015,09,30,128
2015,10,01,111
2015,10,02,100
2015,10,03,100
2015,10,04,91.0
2015,10,05,82.5
2015,10,06,78.0
2015,10,07,74.7
2015,10,08,81.3
2015,10,09,105
2015,10,10,126
2015,10,11,111
2015,10,12,115
2015,10,13,130
2015,10,14,113
2015,10,15,96.2
2015,10,16,85.7
2015,10,17,79.3
2015,10,18,77.1
2015,10,19,74.3
2015,10,20,72.0
2015,10,21,71.9
2015,10,22,70.3
2015,10,23,73.8
2015,10,24,114
2015,10,25,236
2015,10,26,238
2015,10,27,340
2015,10,28,408
2015,10,29,620
2015,10,30,607
2015,10,31,513
2016,06,01,252
2016,06,02,265
2016,06,03,227
2016,06,04,347
2016,06,05,487
2016,06,06,684
2016,06,07,560
2016,06,08,351
2016,06,09,251
2016,06,10,197
2016,06,11,168
2016,06,12,145
2016,06,13,132
2016,06,14,130
2016,06,15,168
2016,06,16,573
2016,06,17,452
2016,06,18,294
2016,06,19,220
2016,06,20,1700
2016,06,21,1130
2016,06,22,521
2016,06,23,355
2016,06,24,275
2016,06,25,217
2016,06,26,3250
2016,06,27,2800
2016,06,28,1270
2016,06,29,798
2016,06,30,594
2016,07,01,519
2016,07,02,419
2016,07,03,325
2016,07,04,273
2016,07,05,224
2016,07,06,201
2016,07,07,235
2016,07,08,211
2016,07,09,250
2016,07,10,217
2016,07,11,496
2016,07,12,9860
2016,07,13,7090
2016,07,14,3740
2016,07,15,1900
2016,07,16,1340
2016,07,17,1020
2016,07,18,794
2016,07,19,634
2016,07,20,530
2016,07,21,461
2016,07,22,414
2016,07,23,356
2016,07,24,314
2016,07,25,293
2016,07,26,255
2016,07,27,224
2016,07,28,205
2016,07,29,189
2016,07,30,166
2016,07,31,148
2016,08,01,134
2016,08,02,123
2016,08,03,110
2016,08,04,110
2016,08,05,113
2016,08,06,105
2016,08,07,93.1
2016,08,08,82.4
2016,08,09,78.1
2016,08,10,78.7
2016,08,11,215
2016,08,12,380
2016,08,13,312
2016,08,14,272
2016,08,15,224
2016,08,16,201
2016,08,17,191
2016,08,18,168
2016,08,19,154
2016,08,20,147
2016,08,21,136
2016,08,22,135
2016,08,23,121
2016,08,24,112
2016,08,25,103
2016,08,26,88.8
2016,08,27,85.2
2016,08,28,80.5
2016,08,29,89.0
2016,08,30,123
2016,08,31,126
2016,09,01,103
2016,09,02,83.2
2016,09,03,72.9
2016,09,04,68.9
2016,09,05,87.7
2016,09,06,179
2016,09,07,182
2016,09,08,209
2016,09,09,309
2016,09,10,245
2016,09,11,211
2016,09,12,183
2016,09,13,132
2016,09,14,107
2016,09,15,112
2016,09,16,116
2016,09,17,116
2016,09,18,124
2016,09,19,123
2016,09,20,99.9
2016,09,21,94.7
2016,09,22,94.9
2016,09,23,99.3
2016,09,24,117
2016,09,25,124
2016,09,26,123
2016,09,27,138
2016,09,28,97.6
2016,09,29,91.2
2016,09,30,94.0
2016,10,01,106
2016,10,02,120
2016,10,03,116
2016,10,04,126
2016,10,05,118
2016,10,06,116
2016,10,07,139
2016,10,08,202
2016,10,09,202
2016,10,10,177
2016,10,11,172
2016,10,12,166
2016,10,13,152
2016,10,14,142
2016,10,15,136
2016,10,16,132
2016,10,17,161
2016,10,18,252
2016,10,19,250
2016,10,20,218
2016,10,21,201
2016,10,22,181
2016,10,23,169
2016,10,24,158
2016,10,25,149
2016,10,26,145
2016,10,27,146
2016,10,28,153
2016,10,29,155
2016,10,30,149
2016,10,31,148
2017,06,01,338
2017,06,02,294
2017,06,03,282
2017,06,04,284
2017,06,05,255
2017,06,06,213
2017,06,07,189
2017,06,08,166
2017,06,09,149
2017,06,10,132
2017,06,11,120
2017,06,12,114
2017,06,13,118
2017,06,14,218
2017,06,15,362
2017,06,16,268
2017,06,17,201
2017,06,18,199
2017,06,19,337
2017,06,20,272
2017,06,21,237
2017,06,22,187
2017,06,23,154
2017,06,24,131
2017,06,25,120
2017,06,26,108
2017,06,27,106
2017,06,28,110
2017,06,29,545
2017,06,30,603
2017,07,01,630
2017,07,02,495
2017,07,03,315
2017,07,04,227
2017,07,05,205
2017,07,06,339
2017,07,07,513
2017,07,08,460
2017,07,09,329
2017,07,10,298
2017,07,11,277
2017,07,12,232
2017,07,13,260
2017,07,14,264
2017,07,15,232
2017,07,16,194
2017,07,17,168
2017,07,18,183
2017,07,19,308
2017,07,20,289
2017,07,21,218
2017,07,22,940
2017,07,23,702
2017,07,24,415
2017,07,25,309
2017,07,26,258
2017,07,27,240
2017,07,28,199
2017,07,29,160
2017,07,30,134
2017,07,31,119
2017,08,01,109
2017,08,02,94.1
2017,08,03,124
2017,08,04,622
2017,08,05,473
2017,08,06,356
2017,08,07,282
2017,08,08,219
2017,08,09,182
2017,08,10,214
2017,08,11,341
2017,08,12,294
2017,08,13,211
2017,08,14,179
2017,08,15,186
2017,08,16,184
2017,08,17,348
2017,08,18,779
2017,08,19,515
2017,08,20,370
2017,08,21,284
2017,08,22,239
2017,08,23,209
2017,08,24,181
2017,08,25,159
2017,08,26,196
2017,08,27,1590
2017,08,28,1130
2017,08,29,701
2017,08,30,506
2017,08,31,399
2017,09,01,323
2017,09,02,301
2017,09,03,289
2017,09,04,265
2017,09,05,245
2017,09,06,241
2017,09,07,215
2017,09,08,195
2017,09,09,186
2017,09,10,166
2017,09,11,155
2017,09,12,143
2017,09,13,129
2017,09,14,125
2017,09,15,110
2017,09,16,103
2017,09,17,101
2017,09,18,99.1
2017,09,19,98.6
2017,09,20,126
2017,09,21,224
2017,09,22,649
2017,09,23,1110
2017,09,24,752
2017,09,25,554
2017,09,26,963
2017,09,27,1380
2017,09,28,752
2017,09,29,542
2017,09,30,434
2017,10,01,366
2017,10,02,340
2017,10,03,3980
2017,10,04,7070
2017,10,05,3870
2017,10,06,1850
2017,10,07,1360
2017,10,08,1140
2017,10,09,907
2017,10,10,727
2017,10,11,609
2017,10,12,532
2017,10,13,485
2017,10,14,454
2017,10,15,808
2017,10,16,1030
2017,10,17,677
2017,10,18,543
2017,10,19,466
2017,10,20,418
2017,10,21,388
2017,10,22,460
2017,10,23,484
2017,10,24,420
2017,10,25,381
2017,10,26,355
2017,10,27,399
2017,10,28,685
2017,10,29,676
2017,10,30,612
2017,10,31,633
2018,06,01,673
2018,06,02,568
2018,06,03,2280
2018,06,04,1460
2018,06,05,846
2018,06,06,655
2018,06,07,965
2018,06,08,643
2018,06,09,468
2018,06,10,378
2018,06,11,316
2018,06,12,268
2018,06,13,235
2018,06,14,208
2018,06,15,211
2018,06,16,691
2018,06,17,14200
2018,06,18,17900
2018,06,19,6790
2018,06,20,3810
2018,06,21,1980
2018,06,22,1370
2018,06,23,1030
2018,06,24,793
2018,06,25,619
2018,06,26,511
2018,06,27,527
2018,06,28,499
2018,06,29,478
2018,06,30,507
2018,07,01,709
2018,07,02,3280
2018,07,03,2010
2018,07,04,1140
2018,07,05,856
2018,07,06,653
2018,07,07,520
2018,07,08,434
2018,07,09,379
2018,07,10,340
2018,07,11,296
2018,07,12,282
2018,07,13,421
2018,07,14,347
2018,07,15,290
2018,07,16,260
2018,07,17,231
2018,07,18,204
2018,07,19,184
2018,07,20,167
2018,07,21,153
2018,07,22,143
2018,07,23,131
2018,07,24,122
2018,07,25,114
2018,07,26,106
2018,07,27,101
2018,07,28,93.6
2018,07,29,85.9
2018,07,30,80.3
2018,07,31,74.5
2018,08,01,70.9
2018,08,02,70.4
2018,08,03,70.3
2018,08,04,76.8
2018,08,05,91.2
2018,08,06,100
2018,08,07,88.6
2018,08,08,80.4
2018,08,09,80.6
2018,08,10,73.9
2018,08,11,67.2
2018,08,12,63.1
2018,08,13,59.5
2018,08,14,56.5
2018,08,15,54.6
2018,08,16,52.9
2018,08,17,52.3
2018,08,18,50.6
2018,08,19,49.9
2018,08,20,50.0
2018,08,21,51.9
2018,08,22,57.3
2018,08,23,52.3
2018,08,24,63.4
2018,08,25,106
2018,08,26,117
2018,08,27,335
2018,08,28,1310
2018,08,29,1410
2018,08,30,950
2018,08,31,638
2018,09,01,494
2018,09,02,400
2018,09,03,325
2018,09,04,269
2018,09,05,254
2018,09,06,246
2018,09,07,200
2018,09,08,170
2018,09,09,149
2018,09,10,135
2018,09,11,126
2018,09,12,119
2018,09,13,111
2018,09,14,102
2018,09,15,856
2018,09,16,2310
2018,09,17,1490
2018,09,18,889
2018,09,19,642
2018,09,20,535
2018,09,21,971
2018,09,22,920
2018,09,23,625
2018,09,24,504
2018,09,25,525
2018,09,26,552
2018,09,27,452
2018,09,28,407
2018,09,29,345
2018,09,30,298
2018,10,01,271
2018,10,02,251
2018,10,03,243
2018,10,04,269
2018,10,05,307
2018,10,06,434
2018,10,07,411
2018,10,08,376
2018,10,09,931
2018,10,10,3510
2018,10,11,4740
2018,10,12,3020
2018,10,13,1640
2018,10,14,1230
2018,10,15,985
2018,10,16,811
2018,10,17,684
2018,10,18,589
2018,10,19,524
2018,10,20,479
2018,10,21,440
2018,10,22,406
2018,10,23,377
2018,10,24,353
2018,10,25,336
2018,10,26,334
2018,10,27,363
2018,10,28,539
2018,10,29,711
2018,10,30,585
2018,10,31,570
2019,06,01,439
2019,06,02,386
2019,06,03,341
2019,06,04,317
2019,06,05,357
2019,06,06,319
2019,06,07,283
2019,06,08,259
2019,06,09,237
2019,06,10,228
2019,06,11,210
2019,06,12,188
2019,06,13,166
2019,06,14,155
2019,06,15,152
2019,06,16,148
2019,06,17,142
2019,06,18,133
2019,06,19,127
2019,06,20,120
2019,06,21,111
2019,06,22,104
2019,06,23,104
2019,06,24,184
2019,06,25,599
2019,06,26,411
2019,06,27,303
2019,06,28,275
2019,06,29,299
2019,06,30,535
2019,07,01,1690
2019,07,02,1600
2019,07,03,946
2019,07,04,1220
2019,07,05,1440
2019,07,06,837
2019,07,07,572
2019,07,08,454
2019,07,09,378
2019,07,10,343
2019,07,11,326
2019,07,12,281
2019,07,13,241
2019,07,14,212
2019,07,15,209
2019,07,16,196
2019,07,17,171
2019,07,18,159
2019,07,19,174
2019,07,20,181
2019,07,21,174
2019,07,22,160
2019,07,23,145
2019,07,24,132
2019,07,25,121
2019,07,26,110
2019,07,27,107
2019,07,28,114
2019,07,29,143
2019,07,30,162
2019,07,31,134
2019,08,01,118
2019,08,02,109
2019,08,03,102
2019,08,04,101
2019,08,05,104
2019,08,06,117
2019,08,07,115
2019,08,08,134
2019,08,09,126
2019,08,10,108
2019,08,11,98.6
2019,08,12,93.3
2019,08,13,91.7
2019,08,14,89.1
2019,08,15,84.9
2019,08,16,83.3
2019,08,17,81.6
2019,08,18,81.1
2019,08,19,79.7
2019,08,20,77.6
2019,08,21,79.7
2019,08,22,78.5
2019,08,23,75.8
2019,08,24,72.9
2019,08,25,70.7
2019,08,26,72.7
2019,08,27,89.5
2019,08,28,97.8
2019,08,29,95.7
2019,08,30,87.6
2019,08,31,81.0
2019,09,01,76.9
2019,09,02,74.9
2019,09,03,82.0
2019,09,04,88.4
2019,09,05,86.4
2019,09,06,98.7
2019,09,07,129
2019,09,08,112
2019,09,09,103
2019,09,10,213
2019,09,11,319
2019,09,12,255
2019,09,13,915
2019,09,14,908
2019,09,15,560
2019,09,16,394
2019,09,17,311
2019,09,18,342
2019,09,19,652
2019,09,20,460
2019,09,21,346
2019,09,22,739
2019,09,23,683
2019,09,24,453
2019,09,25,344
2019,09,26,284
2019,09,27,250
2019,09,28,255
2019,09,29,244
2019,09,30,4480
2019,10,01,11100
2019,10,02,5630
2019,10,03,2790
2019,10,04,2190
2019,10,05,2070
2019,10,06,3010
2019,10,07,2000
2019,10,08,1450
2019,10,09,1120
2019,10,10,885
2019,10,11,927
2019,10,12,1200
2019,10,13,1030
2019,10,14,920
2019,10,15,796
2019,10,16,825
2019,10,17,727
2019,10,18,619
2019,10,19,535
2019,10,20,476
2019,10,21,966
2019,10,22,5420
2019,10,23,5260
2019,10,24,2520
2019,10,25,1600
2019,10,26,1220
2019,10,27,981
2019,10,28,807
2019,10,29,680
2019,10,30,575
2019,10,31,494
2020,06,01,213
2020,06,02,193
2020,06,03,175
2020,06,04,156
2020,06,05,141
2020,06,06,125
2020,06,07,113
2020,06,08,108
2020,06,09,104
2020,06,10,97.5
2020,06,11,93.5
2020,06,12,89.2
2020,06,13,85.3
2020,06,14,81.0
2020,06,15,77.2
2020,06,16,73.8
2020,06,17,70.9
2020,06,18,67.1
2020,06,19,66.0
2020,06,20,62.2
2020,06,21,61.0
2020,06,22,60.1
2020,06,23,57.7
2020,06,24,56.4
2020,06,25,56.4
2020,06,26,54.8
2020,06,27,52.6
2020,06,28,49.5
2020,06,29,51.2
2020,06,30,60.4
2020,07,01,64.1
2020,07,02,59.9
2020,07,03,54.3
2020,07,04,49.5
2020,07,05,49.9
2020,07,06,102
2020,07,07,66.1
2020,07,08,53.8
2020,07,09,248
2020,07,10,290
2020,07,11,174
2020,07,12,118
2020,07,13,91.7
2020,07,14,76.0
2020,07,15,69.9
2020,07,16,60.8
2020,07,17,68.2
2020,07,18,395
2020,07,19,1350
2020,07,20,652
2020,07,21,1040
2020,07,22,2000
2020,07,23,1030
2020,07,24,575
2020,07,25,402
2020,07,26,320
2020,07,27,260
2020,07,28,211
2020,07,29,176
2020,07,30,149
2020,07,31,131
2020,08,01,117
2020,08,02,104
2020,08,03,93.3
2020,08,04,71.7
2020,08,05,64.7
2020,08,06,59.4
2020,08,07,57.0
2020,08,08,1500
2020,08,09,1720
2020,08,10,2370
2020,08,11,1180
2020,08,12,732
2020,08,13,582
2020,08,14,531
2020,08,15,497
2020,08,16,424
2020,08,17,330
2020,08,18,273
2020,08,19,231
2020,08,20,200
2020,08,21,178
2020,08,22,162
2020,08,23,156
2020,08,24,144
2020,08,25,131
2020,08,26,120
2020,08,27,107
2020,08,28,100
2020,08,29,103
2020,08,30,102
2020,08,31,100
2020,09,01,137
2020,09,02,145
2020,09,03,124
2020,09,04,111
2020,09,05,97.1
2020,09,06,91.0
2020,09,07,82.3
2020,09,08,75.2
2020,09,09,70.4
2020,09,10,69.3
2020,09,11,69.6
2020,09,12,66.2
2020,09,13,64.0
2020,09,14,61.2
2020,09,15,58.1
2020,09,16,55.0
2020,09,17,53.3
2020,09,18,51.4
2020,09,19,50.0
2020,09,20,49.1
2020,09,21,47.2
2020,09,22,45.2
2020,09,23,44.9
2020,09,24,66.1
2020,09,25,71.9
2020,09,26,73.0
2020,09,27,70.0
2020,09,28,66.1
2020,09,29,65.0
2020,09,30,64.3
2020,10,01,69.5
2020,10,02,77.4
2020,10,03,78.8
2020,10,04,73.6
2020,10,05,67.8
2020,10,06,65.0
2020,10,07,63.7
2020,10,08,63.2
2020,10,09,61.6
2020,10,10,59.8
2020,10,11,60.4
2020,10,12,80.0
2020,10,13,218
2020,10,14,220
2020,10,15,190
2020,10,16,182
2020,10,17,164
2020,10,18,155
2020,10,19,154
2020,10,20,150
2020,10,21,154
2020,10,22,156
2020,10,23,182
2020,10,24,194
2020,10,25,192
2020,10,26,179
2020,10,27,154
2020,10,28,163
2020,10,29,149
2020,10,30,147
2020,10,31,151
2021,06,01,269
2021,06,02,248
2021,06,03,222
2021,06,04,200
2021,06,05,180
2021,06,06,155
2021,06,07,135
2021,06,08,119
2021,06,09,105
2021,06,10,94.9
2021,06,11,90.4
2021,06,12,86.9
2021,06,13,81.0
2021,06,14,74.9
2021,06,15,69.2
2021,06,16,65.0
2021,06,17,64.1
2021,06,18,62.0
2021,06,19,58.1
2021,06,20,60.5
2021,06,21,89.6
2021,06,22,89.5
2021,06,23,77.8
2021,06,24,69.5
2021,06,25,61.9
2021,06,26,55.9
2021,06,27,56.5
2021,06,28,59.0
2021,06,29,61.1
2021,06,30,84.9
2021,07,01,67.5
2021,07,02,57.3
2021,07,03,55.6
2021,07,04,52.9
2021,07,05,51.8
2021,07,06,56.7
2021,07,07,82.1
2021,07,08,86.4
2021,07,09,75.3
2021,07,10,65.2
2021,07,11,58.4
2021,07,12,54.0
2021,07,13,51.2
2021,07,14,48.2
2021,07,15,47.4
2021,07,16,49.2
2021,07,17,47.2
2021,07,18,44.6
2021,07,19,43.4
2021,07,20,41.4
2021,07,21,40.3
2021,07,22,42.0
2021,07,23,43.8
2021,07,24,56.6
2021,07,25,117
2021,07,26,113
2021,07,27,107
2021,07,28,97.2
2021,07,29,95.7
2021,07,30,91.2
2021,07,31,79.5
2021,08,01,66.1
2021,08,02,59.5
2021,08,03,55.8
2021,08,04,53.1
2021,08,05,52.0
2021,08,06,73.6
2021,08,07,113
2021,08,08,91.4
2021,08,09,80.1
2021,08,10,76.5
2021,08,11,71.5
2021,08,12,65.7
2021,08,13,55.8
2021,08,14,51.4
2021,08,15,49.2
2021,08,16,48.1
2021,08,17,46.4
2021,08,18,45.0
2021,08,19,44.0
2021,08,20,44.1
2021,08,21,42.7
2021,08,22,40.6
2021,08,23,40.6
2021,08,24,42.1
2021,08,25,46.9
2021,08,26,49.8
2021,08,27,50.4
2021,08,28,64.1
2021,08,29,243
2021,08,30,267
2021,08,31,144
2021,09,01,104
2021,09,02,83.7
2021,09,03,72.4
2021,09,04,70.1
2021,09,05,69.1
2021,09,06,63.9
2021,09,07,65.5
2021,09,08,65.4
2021,09,09,61.2
2021,09,10,58.9
2021,09,11,59.2
2021,09,12,53.9
2021,09,13,51.0
2021,09,14,83.8
2021,09,15,205
2021,09,16,158
2021,09,17,163
2021,09,18,308
2021,09,19,237
2021,09,20,171
2021,09,21,212
2021,09,22,293
2021,09,23,210
2021,09,24,169
2021,09,25,151
2021,09,26,160
2021,09,27,145
2021,09,28,130
2021,09,29,119
2021,09,30,110
2021,10,01,105
2021,10,02,104
2021,10,03,115
2021,10,04,189
2021,10,05,176
2021,10,06,148
2021,10,07,134
2021,10,08,124
2021,10,09,132
2021,10,10,170
2021,10,11,191
2021,10,12,168
2021,10,13,152
2021,10,14,147
2021,10,15,136
2021,10,16,132
2021,10,17,124
2021,10,18,121
2021,10,19,115
2021,10,20,109
2021,10,21,105
2021,10,22,105
2021,10,23,104
2021,10,24,102
2021,10,25,98.5
2021,10,26,96.2
2021,10,27,99.1
2021,10,28,105
2021,10,29,108
2021,10,30,119
2021,10,31,115
2022,06,01,1170
2022,06,02,751
2022,06,03,556
2022,06,04,443
2022,06,05,373
2022,06,06,322
2022,06,07,277
2022,06,08,244
2022,06,09,217
2022,06,10,191
2022,06,11,169
2022,06,12,155
2022,06,13,140
2022,06,14,138
2022,06,15,129
2022,06,16,123
2022,06,17,115
2022,06,18,106
2022,06,19,109
2022,06,20,108
2022,06,21,154
2022,06,22,201
2022,06,23,151
2022,06,24,126
2022,06,25,210
2022,06,26,444
2022,06,27,269
2022,06,28,200
2022,06,29,169
2022,06,30,137
2022,07,01,121
2022,07,02,107
2022,07,03,96.9
2022,07,04,100
2022,07,05,104
2022,07,06,99.0
2022,07,07,93.3
2022,07,08,87.6
2022,07,09,81.6
2022,07,10,78.3
2022,07,11,82.2
2022,07,12,254
2022,07,13,342
2022,07,14,247
2022,07,15,185
2022,07,16,145
2022,07,17,124
2022,07,18,134
2022,07,19,123
2022,07,20,107
2022,07,21,96.2
2022,07,22,89.7
2022,07,23,83.4
2022,07,24,77.6
2022,07,25,73.5
2022,07,26,70.5
2022,07,27,69.3
2022,07,28,68.8
2022,07,29,67.8
2022,07,30,66.9
2022,07,31,64.6
2022,08,01,63.3
2022,08,02,62.6
2022,08,03,60.5
2022,08,04,56.8
2022,08,05,55.3
2022,08,06,55.1
2022,08,07,53.4
2022,08,08,54.1
2022,08,09,54.5
2022,08,10,52.2
2022,08,11,48.1
2022,08,12,44.8
2022,08,13,47.5
2022,08,14,50.0
2022,08,15,49.7
2022,08,16,48.4
2022,08,17,50.0
2022,08,18,62.1
2022,08,19,62.6
2022,08,20,66.0
2022,08,21,65.4
2022,08,22,61.4
2022,08,23,58.2
2022,08,24,53.7
2022,08,25,51.0
2022,08,26,49.6
2022,08,27,49.8
2022,08,28,50.6
2022,08,29,49.7
2022,08,30,47.8
2022,08,31,47.2
2022,09,01,46.6
2022,09,02,45.7
2022,09,03,41.4
2022,09,04,40.2
2022,09,05,40.4
2022,09,06,40.5
2022,09,07,40.4
2022,09,08,40.9
2022,09,09,45.8
2022,09,10,56.7
2022,09,11,52.6
2022,09,12,50.3
2022,09,13,47.9
2022,09,14,44.6
2022,09,15,43.1
2022,09,16,44.3
2022,09,17,57.2
2022,09,18,73.2
2022,09,19,71.5
2022,09,20,65.3
2022,09,21,56.3
2022,09,22,54.4
2022,09,23,52.3
2022,09,24,56.8
2022,09,25,60.9
2022,09,26,59.6
2022,09,27,55.3
2022,09,28,52.6
2022,09,29,51.4
2022,09,30,51.0
2022,10,01,49.4
2022,10,02,47.2
2022,10,03,49.4
2022,10,04,50.3
2022,10,05,50.3
2022,10,06,47.0
2022,10,07,47.2
2022,10,08,48.6
2022,10,09,48.2
2022,10,10,48.9
2022,10,11,52.2
2022,10,12,53.0
2022,10,13,51.1
2022,10,14,51.0
2022,10,15,51.9
2022,10,16,54.0
2022,10,17,56.3
2022,10,18,54.6
2022,10,19,57.2
2022,10,20,59.5
2022,10,21,62.2
2022,10,22,61.9
2022,10,23,61.9
2022,10,24,61.9
2022,10,25,61.1
2022,10,26,58.7
2022,10,27,57.7
2022,10,28,61.1
2022,10,29,60.3
2022,10,30,59.7
2022,10,31,59.8
2023,06,01,117
2023,06,02,111
2023,06,03,109
2023,06,04,102
2023,06,05,97.7
2023,06,06,93.1
2023,06,07,88.7
2023,06,08,85.0
2023,06,09,80.9
2023,06,10,78.0
2023,06,11,76.0
2023,06,12,72.9
2023,06,13,70.1
2023,06,14,67.9
2023,06,15,65.9
2023,06,16,64.1
2023,06,17,62.2
2023,06,18,60.6
2023,06,19,60.8
2023,06,20,60.9
2023,06,21,58.4
2023,06,22,56.5
2023,06,23,56.0
2023,06,24,85.9
2023,06,25,109
2023,06,26,98.5
2023,06,27,102
2023,06,28,99.2
2023,06,29,128
2023,06,30,133
2023,07,01,100
2023,07,02,82.2
2023,07,03,71.8
2023,07,04,67.7
2023,07,05,65.3
2023,07,06,61.5
2023,07,07,56.2
2023,07,08,53.0
2023,07,09,50.6
2023,07,10,49.0
2023,07,11,47.0
2023,07,12,45.1
2023,07,13,45.7
2023,07,14,45.6
2023,07,15,45.9
2023,07,16,44.6
2023,07,17,44.0
2023,07,18,44.1
2023,07,19,46.3
2023,07,20,55.3
2023,07,21,57.4
2023,07,22,53.5
2023,07,23,51.5
2023,07,24,50.4
2023,07,25,48.3
2023,07,26,48.2
2023,07,27,48.1
2023,07,28,50.1
2023,07,29,56.5
2023,07,30,54.2
2023,07,31,50.7
2023,08,01,47.3
2023,08,02,47.0
2023,08,03,47.3
2023,08,04,44.9
2023,08,05,43.3
2023,08,06,42.8
2023,08,07,42.7
2023,08,08,43.1
2023,08,09,41.8
2023,08,10,41.4
2023,08,11,43.1
2023,08,12,47.1
2023,08,13,52.0
2023,08,14,48.8
2023,08,15,46.3
2023,08,16,49.9
2023,08,17,85.3
2023,08,18,63.8
2023,08,19,53.1
2023,08,20,47.5
2023,08,21,42.8
2023,08,22,42.8
2023,08,23,43.3
2023,08,24,44.0
2023,08,25,46.2
2023,08,26,43.7
2023,08,27,43.1
2023,08,28,43.7
2023,08,29,46.7
2023,08,30,45.0
2023,08,31,44.3
