46.6676148286822,-90.7801352069404 556,117 2.98570020212929
46.6676148286822,-90.7661196896131 556,118 2.8143173264934456
46.6676148286822,-90.7521041722859 556,119 2.7944358973702603
46.6676148286822,-90.7380886549586 556,120 2.9291424703244116
46.6816303460095,-90.7941507242677 557,116 2.517382328786444
46.6816303460095,-90.7801352069404 557,117 2.112146584006047
46.6816303460095,-90.7661196896131 557,118 1.8620948751716568
46.6816303460095,-90.7521041722859 557,119 1.8319159959481375
46.6816303460095,-90.7380886549586 557,120 2.031432960269917
46.6816303460095,-90.7240731376314 557,121 2.404123180555736
46.6816303460095,-90.7100576203041 557,122 2.8836056161501684
46.6956458633368,-90.8081662415949 558,115 2.5527549736040815
46.6956458633368,-90.7941507242677 558,116 1.9387981842556061
46.6956458633368,-90.7801352069404 558,117 1.3723609527264353
46.6956458633368,-90.7661196896131 558,118 0.9433273931195918
46.6956458633368,-90.7521041722859 558,119 0.8822779544365272
46.6956458633368,-90.7380886549586 558,120 1.244595533868356
46.6956458633368,-90.7240731376314 558,121 1.7893231983896711
46.6956458633368,-90.7100576203041 558,122 2.3950767696748705
46.709661380664,-90.8081662415949 559,115 2.4110206484164896
46.709661380664,-90.7941507242677 559,116 1.7481752862225588
46.709661380664,-90.7801352069404 559,117 1.0867565843877938
46.709661380664,-90.7661196896131 559,118 0.4333471513751226
46.709661380664,-90.7521041722859 559,119 0.2763448977810525
46.709661380664,-90.7380886549586 559,120 0.9202011323707091
46.709661380664,-90.7240731376314 559,121 1.580822758449019
46.709661380664,-90.7100576203041 559,122 2.243447761596777
46.709661380664,-90.6960421029768 559,123 2.9067063559676956
46.7236768979913,-90.8081662415949 560,115 2.6429031179801887
46.7236768979913,-90.7941507242677 560,116 2.0563922499210134
46.7236768979913,-90.7801352069404 560,117 1.534326907716845
46.7236768979913,-90.7661196896131 560,118 1.1666905644237542
46.7236768979913,-90.7521041722859 560,119 1.1179322685811037
46.7236768979913,-90.7380886549586 560,120 1.4212586377342835
46.7236768979913,-90.7240731376314 560,121 1.9161882797052268
46.7236768979913,-90.7100576203041 560,122 2.4910192148223973
46.7376924153186,-90.7941507242677 561,116 2.6975609653563932
46.7376924153186,-90.7801352069404 561,117 2.324377796891759
46.7376924153186,-90.7661196896131 561,118 2.0999995069416793
46.7376924153186,-90.7521041722859 561,119 2.0733143882958416
46.7376924153186,-90.7380886549586 561,120 2.2513631463833246
46.7376924153186,-90.7240731376314 561,121 2.5922978797309177
