#YY  MM DD hh mm WDIR WSPD GST  WVHT   DPD   APD MWD   PRES  ATMP  WTMP  DEWP  VIS  TIDE
#yr  mo dy hr mn degT m/s  m/s     m   sec   sec deg    hPa  degC  degC  degC  nmi    ft
2023 06 01 00 00  66  4.6  5.5 99.00 99.00 99.00 999 1015.4   7.4 999.0 999.0 99.0 99.00
2023 06 01 01 00  64  2.6  2.9 99.00 99.00 99.00 999 1015.5   7.8 999.0 999.0 99.0 99.00
2023 06 01 02 00  72  3.7  4.3 99.00 99.00 99.00 999 1015.8  11.1 999.0 999.0 99.0 99.00
2023 06 01 03 00  80  5.6  5.8 99.00 99.00 99.00 999 1015.9   9.5 999.0 999.0 99.0 99.00
2023 06 01 04 00  73  5.3  5.5 99.00 99.00 99.00 999 1015.9   9.1 999.0 999.0 99.0 99.00
2023 06 01 05 00   4  2.5  2.9 99.00 99.00 99.00 999 1016.1  10.1 999.0 999.0 99.0 99.00
2023 06 01 06 00  56  3.4  3.8 99.00 99.00 99.00 999 1016.3   8.7 999.0 999.0 99.0 99.00
2023 06 01 07 00  67  7.0  7.3 99.00 99.00 99.00 999 1016.7   7.5 999.0 999.0 99.0 99.00
2023 06 01 08 00 337  4.9  5.1 99.00 99.00 99.00 999 1017.5   4.1 999.0 999.0 99.0 99.00
2023 06 01 09 00  46  2.4  2.8 99.00 99.00 99.00 999 1017.5   7.4 999.0 999.0 99.0 99.00
2023 06 01 10 00  53  4.6  5.6 99.00 99.00 99.00 999 1018.0   7.4 999.0 999.0 99.0 99.00
2023 06 01 11 00  77  3.6  4.1 99.00 99.00 99.00 999 1018.3   7.2 999.0 999.0 99.0 99.00
2023 06 01 12 00 217  0.3  0.9 99.00 99.00 99.00 999 1019.5   6.2 999.0 999.0 99.0 99.00
2023 06 01 13 00 194  0.1  0.4 99.00 99.00 99.00 999 1019.6   8.4 999.0 999.0 99.0 99.00
2023 06 01 14 00 352  2.8  3.3 99.00 99.00 99.00 999 1020.4   7.6 999.0 999.0 99.0 99.00
2023 06 01 15 00   3  7.0  8.3 99.00 99.00 99.00 999 1020.1   6.1 999.0 999.0 99.0 99.00
2023 06 01 16 00  93  5.5  5.7 99.00 99.00 99.00 999 1020.7   4.5 999.0 999.0 99.0 99.00
2023 06 01 17 00  81  4.5  5.3 99.00 99.00 99.00 999 1021.1   7.0 999.0 999.0 99.0 99.00
2023 06 01 18 00  90  4.2  4.4 99.00 99.00 99.00 999 1020.9   9.5 999.0 999.0 99.0 99.00
2023 06 01 19 00  76  4.3  4.7 99.00 99.00 99.00 999 1020.8   6.5 999.0 999.0 99.0 99.00
2023 06 01 20 00  66  3.8  4.3 99.00 99.00 99.00 999 1020.5   7.8 999.0 999.0 99.0 99.00
2023 06 01 21 00  68  6.1  6.3 99.00 99.00 99.00 999 1020.1   8.8 999.0 999.0 99.0 99.00
2023 06 01 22 00  75  6.8  7.0 99.00 99.00 99.00 999 1020.6   6.0 999.0 999.0 99.0 99.00
2023 06 01 23 00 119  4.2  4.6 99.00 99.00 99.00 999 1021.0   5.3 999.0 999.0 99.0 99.00
2023 06 02 00 00  53  3.0  3.3 99.00 99.00 99.00 999 1020.7   8.1 999.0 999.0 99.0 99.00
2023 06 02 01 00  25  0.1  0.9 99.00 99.00 99.00 999 1021.7   8.4 999.0 999.0 99.0 99.00
2023 06 02 02 00  72  6.2  6.6 99.00 99.00 99.00 999 1021.9   4.9 999.0 999.0 99.0 99.00
2023 06 02 03 00  86  6.7  7.2 99.00 99.00 99.00 999 1022.0   5.5 999.0 999.0 99.0 99.00
2023 06 02 04 00  99  7.4  7.7 99.00 99.00 99.00 999 1021.7  10.6 999.0 999.0 99.0 99.00
2023 06 02 05 00 147  2.8  3.3 99.00 99.00 99.00 999 1021.8   6.0 999.0 999.0 99.0 99.00
2023 06 02 06 00  98  1.9  2.3 99.00 99.00 99.00 999 1021.6   8.2 999.0 999.0 99.0 99.00
2023 06 02 07 00   9  5.0  5.7 99.00 99.00 99.00 999 1021.6   8.8 999.0 999.0 99.0 99.00
2023 06 02 08 00  59  3.4  4.0 99.00 99.00 99.00 999 1021.8  10.2 999.0 999.0 99.0 99.00
2023 06 02 09 00  56  6.2  7.1 99.00 99.00 99.00 999 1022.1  11.4 999.0 999.0 99.0 99.00
2023 06 02 10 00  62  6.5  7.0 99.00 99.00 99.00 999 1022.1  12.5 999.0 999.0 99.0 99.00
2023 06 02 11 00  72  5.8  6.3 99.00 99.00 99.00 999 1022.2  12.9 999.0 999.0 99.0 99.00
2023 06 02 12 00  69  6.1  6.3 99.00 99.00 99.00 999 1022.6  10.2 999.0 999.0 99.0 99.00
2023 06 02 13 00  68  6.0  6.4 99.00 99.00 99.00 999 1023.2   9.8 999.0 999.0 99.0 99.00
2023 06 02 14 00  55  4.7  6.2 99.00 99.00 99.00 999 1023.7  11.2 999.0 999.0 99.0 99.00
2023 06 02 15 00  73  7.7  8.6 99.00 99.00 99.00 999 1023.8   9.3 999.0 999.0 99.0 99.00
2023 06 02 16 00  79  6.0  6.2 99.00 99.00 99.00 999 1023.7   7.8 999.0 999.0 99.0 99.00
2023 06 02 17 00  83  6.1  6.8 99.00 99.00 99.00 999 1023.4   8.2 999.0 999.0 99.0 99.00
2023 06 02 18 00  80  4.2  4.5 99.00 99.00 99.00 999 1023.6   8.7 999.0 999.0 99.0 99.00
2023 06 02 19 00  73  1.8  2.1 99.00 99.00 99.00 999 1023.5   9.3 999.0 999.0 99.0 99.00
2023 06 02 20 00  83  1.3  1.5 99.00 99.00 99.00 999 1022.6  10.5 999.0 999.0 99.0 99.00
2023 06 02 21 00  15  1.8  2.2 99.00 99.00 99.00 999 1022.4  11.0 999.0 999.0 99.0 99.00
2023 06 02 22 00  63  5.5  5.9 99.00 99.00 99.00 999 1021.9  12.1 999.0 999.0 99.0 99.00
2023 06 02 23 00  75  5.1  5.3 99.00 99.00 99.00 999 1021.8  12.8 999.0 999.0 99.0 99.00
2023 06 03 00 00  60  4.1  4.6 99.00 99.00 99.00 999 1021.9  10.6 999.0 999.0 99.0 99.00
2023 06 03 01 00  60  4.5  4.9 99.00 99.00 99.00 999 1022.1  13.1 999.0 999.0 99.0 99.00
2023 06 03 02 00  64  4.9  5.2 99.00 99.00 99.00 999 1022.3  14.3 999.0 999.0 99.0 99.00
2023 06 03 03 00  63  3.5  3.7 99.00 99.00 99.00 999 1022.8  15.9 999.0 999.0 99.0 99.00
2023 06 03 04 00  69  3.8  4.1 99.00 99.00 99.00 999 1022.6  15.4 999.0 999.0 99.0 99.00
2023 06 03 05 00  23  2.1  2.6 99.00 99.00 99.00 999 1022.5  15.6 999.0 999.0 99.0 99.00
2023 06 03 06 00  43  4.2  5.0 99.00 99.00 99.00 999 1022.2  16.2 999.0 999.0 99.0 99.00
2023 06 03 07 00  51  2.6  3.3 99.00 99.00 99.00 999 1022.3  15.7 999.0 999.0 99.0 99.00
2023 06 03 08 00  53  2.8  3.3 99.00 99.00 99.00 999 1022.2  16.4 999.0 999.0 99.0 99.00
2023 06 03 09 00  60  5.7  6.3 99.00 99.00 99.00 999 1022.2  15.9 999.0 999.0 99.0 99.00
2023 06 03 10 00  65  6.3  6.8 99.00 99.00 99.00 999 1022.9  14.0 999.0 999.0 99.0 99.00
2023 06 03 11 00  65  4.8  5.3 99.00 99.00 99.00 999 1023.5  13.7 999.0 999.0 99.0 99.00
2023 06 03 12 00  64  5.9  6.3 99.00 99.00 99.00 999 1023.6  14.3 999.0 999.0 99.0 99.00
2023 06 03 13 00  67  5.4  5.6 99.00 99.00 99.00 999 1023.7  12.1 999.0 999.0 99.0 99.00
2023 06 03 14 00  72  6.1  6.4 99.00 99.00 99.00 999 1023.9  11.0 999.0 999.0 99.0 99.00
2023 06 03 15 00  58  4.6  5.3 99.00 99.00 99.00 999 1024.5  12.3 999.0 999.0 99.0 99.00
2023 06 03 16 00  89  4.9  5.1 99.00 99.00 99.00 999 1024.4  10.4 999.0 999.0 99.0 99.00
2023 06 03 17 00 100  4.8  5.3 99.00 99.00 99.00 999 1024.4  10.3 999.0 999.0 99.0 99.00
2023 06 03 18 00 118  4.5  4.6 99.00 99.00 99.00 999 1024.4  10.3 999.0 999.0 99.0 99.00
2023 06 03 19 00 134  3.7  3.8 99.00 99.00 99.00 999 1024.2  10.1 999.0 999.0 99.0 99.00
2023 06 03 20 00 163  2.7  2.8 99.00 99.00 99.00 999 1023.6  13.0 999.0 999.0 99.0 99.00
2023 06 03 21 00 110  2.3  2.4 99.00 99.00 99.00 999 1023.1  13.4 999.0 999.0 99.0 99.00
2023 06 03 22 00 102  2.4  2.4 99.00 99.00 99.00 999 1022.7  13.6 999.0 999.0 99.0 99.00
2023 06 03 23 00 118  3.0  3.2 99.00 99.00 99.00 999 1023.0  11.0 999.0 999.0 99.0 99.00
2023 06 04 00 00 112  3.5  3.7 99.00 99.00 99.00 999 1022.6  11.7 999.0 999.0 99.0 99.00
2023 06 04 01 00 133  3.9  4.2 99.00 99.00 99.00 999 1022.6  11.6 999.0 999.0 99.0 99.00
2023 06 04 02 00 154  1.9  1.9 99.00 99.00 99.00 999 1022.5  11.9 999.0 999.0 99.0 99.00
2023 06 04 03 00 325  0.8  1.1 99.00 99.00 99.00 999 1022.5  14.2 999.0 999.0 99.0 99.00
2023 06 04 04 00 280  0.1  0.3 99.00 99.00 99.00 999 1022.3  17.1 999.0 999.0 99.0 99.00
2023 06 04 05 00 319  2.5  2.6 99.00 99.00 99.00 999 1022.2  17.1 999.0 999.0 99.0 99.00
2023 06 04 06 00  83  4.4  5.9 99.00 99.00 99.00 999 1022.2  10.6 999.0 999.0 99.0 99.00
2023 06 04 07 00 157  5.0  5.4 99.00 99.00 99.00 999 1022.6   9.8 999.0 999.0 99.0 99.00
2023 06 04 08 00 161  2.8  3.1 99.00 99.00 99.00 999 1022.7   7.8 999.0 999.0 99.0 99.00
2023 06 04 09 00 146  4.1  4.4 99.00 99.00 99.00 999 1022.8   9.1 999.0 999.0 99.0 99.00
2023 06 04 10 00 205  2.7  3.0 99.00 99.00 99.00 999 1023.2  11.7 999.0 999.0 99.0 99.00
2023 06 04 11 00 105  2.1  2.3 99.00 99.00 99.00 999 1023.0  13.0 999.0 999.0 99.0 99.00
2023 06 04 12 00  60  1.4  2.0 99.00 99.00 99.00 999 1023.2  12.1 999.0 999.0 99.0 99.00
2023 06 04 13 00  87  1.5  1.9 99.00 99.00 99.00 999 1023.1   9.7 999.0 999.0 99.0 99.00
2023 06 04 14 00 106  4.4  5.0 99.00 99.00 99.00 999 1023.0   7.0 999.0 999.0 99.0 99.00
2023 06 04 15 00 113  4.3  4.6 99.00 99.00 99.00 999 1022.8   6.9 999.0 999.0 99.0 99.00
2023 06 04 16 00 162  4.9  5.1 99.00 99.00 99.00 999 1022.5   9.1 999.0 999.0 99.0 99.00
2023 06 04 17 00 181  3.4  3.7 99.00 99.00 99.00 999 1022.2  10.4 999.0 999.0 99.0 99.00
2023 06 04 18 00 173  4.1  4.5 99.00 99.00 99.00 999 1021.8   9.7 999.0 999.0 99.0 99.00
2023 06 04 19 00 194  5.4  5.5 99.00 99.00 99.00 999 1021.2   8.5 999.0 999.0 99.0 99.00
2023 06 04 20 00 246  3.8  6.5 99.00 99.00 99.00 999 1020.8   7.8 999.0 999.0 99.0 99.00
2023 06 04 21 00 325  4.8  5.1 99.00 99.00 99.00 999 1021.0   8.1 999.0 999.0 99.0 99.00
2023 06 04 22 00  61  2.4  3.6 99.00 99.00 99.00 999 1020.8  10.5 999.0 999.0 99.0 99.00
2023 06 04 23 00 250  0.4  0.6 99.00 99.00 99.00 999 1020.4  11.7 999.0 999.0 99.0 99.00
2023 06 05 00 00  72  1.1  1.3 99.00 99.00 99.00 999 1020.6   8.2 999.0 999.0 99.0 99.00
2023 06 05 01 00  73  4.7  5.0 99.00 99.00 99.00 999 1020.8   6.0 999.0 999.0 99.0 99.00
2023 06 05 02 00 166  1.7  2.0 99.00 99.00 99.00 999 1021.0   7.9 999.0 999.0 99.0 99.00
2023 06 05 03 00  98  0.3  1.1 99.00 99.00 99.00 999 1021.1   7.6 999.0 999.0 99.0 99.00
2023 06 05 04 00  71  4.1  4.3 99.00 99.00 99.00 999 1021.5   8.0 999.0 999.0 99.0 99.00
2023 06 05 05 00  62  1.6  1.8 99.00 99.00 99.00 999 1021.7   7.4 999.0 999.0 99.0 99.00
2023 06 05 06 00  35  1.6  2.3 99.00 99.00 99.00 999 1022.0   8.6 999.0 999.0 99.0 99.00
2023 06 05 07 00  66  4.0  4.3 99.00 99.00 99.00 999 1022.2  10.1 999.0 999.0 99.0 99.00
2023 06 05 08 00  24  2.8  3.4 99.00 99.00 99.00 999 1022.8   8.3 999.0 999.0 99.0 99.00
2023 06 05 09 00  24  5.1  6.5 99.00 99.00 99.00 999 1022.7  12.6 999.0 999.0 99.0 99.00
2023 06 05 10 00  42  6.9  8.2 99.00 99.00 99.00 999 1023.1  13.2 999.0 999.0 99.0 99.00
2023 06 05 11 00  45  7.1  8.8 99.00 99.00 99.00 999 1023.6  12.7 999.0 999.0 99.0 99.00
2023 06 05 12 00  41  8.4 10.7 99.00 99.00 99.00 999 1023.8  14.0 999.0 999.0 99.0 99.00
2023 06 05 13 00  54  9.9 12.5 99.00 99.00 99.00 999 1024.1  13.4 999.0 999.0 99.0 99.00
2023 06 05 14 00  53  8.4 10.8 99.00 99.00 99.00 999 1024.2  13.7 999.0 999.0 99.0 99.00
2023 06 05 15 00  57  8.3  9.9 99.00 99.00 99.00 999 1024.3  13.4 999.0 999.0 99.0 99.00
2023 06 05 16 00  63  8.8  9.1 99.00 99.00 99.00 999 1024.4  11.3 999.0 999.0 99.0 99.00
2023 06 05 17 00  69  7.3  7.5 99.00 99.00 99.00 999 1024.3   9.7 999.0 999.0 99.0 99.00
2023 06 05 18 00  81  5.4  6.0 99.00 99.00 99.00 999 1023.9  10.0 999.0 999.0 99.0 99.00
2023 06 05 19 00  86  5.9  6.8 99.00 99.00 99.00 999 1023.8   9.6 999.0 999.0 99.0 99.00
2023 06 05 20 00  89  5.0  5.8 99.00 99.00 99.00 999 1023.7  10.0 999.0 999.0 99.0 99.00
2023 06 05 21 00  91  4.5  4.7 99.00 99.00 99.00 999 1023.3  10.4 999.0 999.0 99.0 99.00
2023 06 05 22 00  79  2.9  3.2 99.00 99.00 99.00 999 1023.1  10.2 999.0 999.0 99.0 99.00
2023 06 05 23 00  78  4.2  4.6 99.00 99.00 99.00 999 1022.8  10.2 999.0 999.0 99.0 99.00
2023 06 06 00 00  89  3.8  4.3 99.00 99.00 99.00 999 1022.5  10.7 999.0 999.0 99.0 99.00
2023 06 06 01 00  54  1.6  3.1 99.00 99.00 99.00 999 1022.6  11.0 999.0 999.0 99.0 99.00
2023 06 06 02 00 342  4.1  4.4 99.00 99.00 99.00 999 1023.2   7.8 999.0 999.0 99.0 99.00
2023 06 06 03 00   9  3.2  4.6 99.00 99.00 99.00 999 1023.4  10.4 999.0 999.0 99.0 99.00
2023 06 06 04 00  64  6.8  7.9 99.00 99.00 99.00 999 1023.2   9.5 999.0 999.0 99.0 99.00
2023 06 06 05 00  65  7.7  8.1 99.00 99.00 99.00 999 1023.2   8.2 999.0 999.0 99.0 99.00
2023 06 06 06 00  60  8.8  9.9 99.00 99.00 99.00 999 1022.7  10.3 999.0 999.0 99.0 99.00
2023 06 06 07 00  61  8.8  9.6 99.00 99.00 99.00 999 1022.3   8.7 999.0 999.0 99.0 99.00
2023 06 06 08 00  65  8.1  8.8 99.00 99.00 99.00 999 1022.5   7.7 999.0 999.0 99.0 99.00
2023 06 06 09 00  48  6.6  7.8 99.00 99.00 99.00 999 1022.9   8.8 999.0 999.0 99.0 99.00
2023 06 06 10 00  59  6.5  7.5 99.00 99.00 99.00 999 1023.0   8.8 999.0 999.0 99.0 99.00
2023 06 06 11 00  61  7.1  7.9 99.00 99.00 99.00 999 1023.2   8.6 999.0 999.0 99.0 99.00
2023 06 06 12 00  62  8.0  8.6 99.00 99.00 99.00 999 1023.5   8.8 999.0 999.0 99.0 99.00
2023 06 06 13 00  62  8.6  9.7 99.00 99.00 99.00 999 1023.3   8.8 999.0 999.0 99.0 99.00
2023 06 06 14 00  63  6.8  7.2 99.00 99.00 99.00 999 1023.0   8.5 999.0 999.0 99.0 99.00
2023 06 06 15 00  62  8.3  8.9 99.00 99.00 99.00 999 1022.7   8.6 999.0 999.0 99.0 99.00
2023 06 06 16 00  62  6.6  7.0 99.00 99.00 99.00 999 1022.9   9.0 999.0 999.0 99.0 99.00
2023 06 06 17 00  60  6.2  6.7 99.00 99.00 99.00 999 1022.6   9.3 999.0 999.0 99.0 99.00
2023 06 06 18 00  62  4.1  4.3 99.00 99.00 99.00 999 1021.9  10.8 999.0 999.0 99.0 99.00
2023 06 06 19 00  65  4.1  4.4 99.00 99.00 99.00 999 1021.3  11.3 999.0 999.0 99.0 99.00
2023 06 06 20 00  69  2.6  2.8 99.00 99.00 99.00 999 1021.2  11.1 999.0 999.0 99.0 99.00
2023 06 06 21 00  87  1.0  1.1 99.00 99.00 99.00 999 1020.6  11.3 999.0 999.0 99.0 99.00
2023 06 06 22 00 279  1.2  1.7 99.00 99.00 99.00 999 1020.0  10.3 999.0 999.0 99.0 99.00
2023 06 06 23 00 324  2.7  2.9 99.00 99.00 99.00 999 1019.8  10.2 999.0 999.0 99.0 99.00
2023 06 07 00 00 322  3.7  3.9 99.00 99.00 99.00 999 1019.1  11.2 999.0 999.0 99.0 99.00
2023 06 07 01 00 315  3.2  3.4 99.00 99.00 99.00 999 1019.0  10.5 999.0 999.0 99.0 99.00
2023 06 07 02 00 307  4.0  4.2 99.00 99.00 99.00 999 1018.9   9.2 999.0 999.0 99.0 99.00
2023 06 07 03 00 298  4.6  4.9 99.00 99.00 99.00 999 1019.1  12.1 999.0 999.0 99.0 99.00
2023 06 07 04 00 292  4.9  5.1 99.00 99.00 99.00 999 1019.4   9.2 999.0 999.0 99.0 99.00
2023 06 07 05 00 296  4.6  5.1 99.00 99.00 99.00 999 1019.5   7.7 999.0 999.0 99.0 99.00
2023 06 07 06 00 337  4.1  4.6 99.00 99.00 99.00 999 1019.5  10.2 999.0 999.0 99.0 99.00
2023 06 07 07 00  24  5.0  7.6 99.00 99.00 99.00 999 1019.7  11.9 999.0 999.0 99.0 99.00
2023 06 07 08 00  57  6.6  7.7 99.00 99.00 99.00 999 1019.9  10.5 999.0 999.0 99.0 99.00
2023 06 07 09 00  68  9.3 11.0 99.00 99.00 99.00 999 1020.0   8.6 999.0 999.0 99.0 99.00
2023 06 07 10 00  66  8.3  8.8 99.00 99.00 99.00 999 1020.1   7.7 999.0 999.0 99.0 99.00
2023 06 07 11 00  66  8.6  9.1 99.00 99.00 99.00 999 1020.5   8.2 999.0 999.0 99.0 99.00
2023 06 07 12 00  65  6.1  6.4 99.00 99.00 99.00 999 1020.9   6.7 999.0 999.0 99.0 99.00
2023 06 07 13 00  62  6.8  7.1 99.00 99.00 99.00 999 1021.1   8.3 999.0 999.0 99.0 99.00
2023 06 07 14 00  55  4.5  6.4 99.00 99.00 99.00 999 1021.3   9.6 999.0 999.0 99.0 99.00
2023 06 07 15 00  29  2.4  3.9 99.00 99.00 99.00 999 1021.7   9.3 999.0 999.0 99.0 99.00
2023 06 07 16 00  61  3.7  4.4 99.00 99.00 99.00 999 1021.3  11.4 999.0 999.0 99.0 99.00
2023 06 07 17 00  61  3.7  4.2 99.00 99.00 99.00 999 1020.7  11.6 999.0 999.0 99.0 99.00
2023 06 07 18 00   0  0.0  0.0 99.00 99.00 99.00 999 1020.1  11.9 999.0 999.0 99.0 99.00
2023 06 07 19 00 303  2.1  2.2 99.00 99.00 99.00 999 1019.6  11.5 999.0 999.0 99.0 99.00
2023 06 07 20 00 274  2.3  2.4 99.00 99.00 99.00 999 1018.5  12.7 999.0 999.0 99.0 99.00
2023 06 07 21 00 253  4.5  4.9 99.00 99.00 99.00 999 1018.2   9.1 999.0 999.0 99.0 99.00
2023 06 07 22 00 263  5.7  5.8 99.00 99.00 99.00 999 1017.6   9.2 999.0 999.0 99.0 99.00
2023 06 07 23 00 264  6.6  6.7 99.00 99.00 99.00 999 1017.1  10.2 999.0 999.0 99.0 99.00
2023 06 08 00 00 261  7.6  7.8 99.00 99.00 99.00 999 1016.9  11.2 999.0 999.0 99.0 99.00
2023 06 08 01 00 266  6.6  6.8 99.00 99.00 99.00 999 1016.7  13.5 999.0 999.0 99.0 99.00
2023 06 08 02 00 269  8.3  8.7 99.00 99.00 99.00 999 1016.8  10.8 999.0 999.0 99.0 99.00
2023 06 08 03 00 277  8.0  8.2 99.00 99.00 99.00 999 1016.9  11.2 999.0 999.0 99.0 99.00
2023 06 08 04 00 273  6.8  6.9 99.00 99.00 99.00 999 1016.9  11.0 999.0 999.0 99.0 99.00
2023 06 08 05 00 272  8.0  8.1 99.00 99.00 99.00 999 1017.0  12.3 999.0 999.0 99.0 99.00
2023 06 08 06 00 280  6.1  6.4 99.00 99.00 99.00 999 1016.9  10.0 999.0 999.0 99.0 99.00
2023 06 08 07 00 288  5.4  5.6 99.00 99.00 99.00 999 1017.1  10.9 999.0 999.0 99.0 99.00
2023 06 08 08 00 313  3.2  3.9 99.00 99.00 99.00 999 1017.5   9.1 999.0 999.0 99.0 99.00
2023 06 08 09 00   1  2.4  2.9 99.00 99.00 99.00 999 1017.5  10.4 999.0 999.0 99.0 99.00
2023 06 08 10 00  51  2.4  3.0 99.00 99.00 99.00 999 1017.7  10.6 999.0 999.0 99.0 99.00
2023 06 08 11 00  50  5.1  5.8 99.00 99.00 99.00 999 1018.0  11.9 999.0 999.0 99.0 99.00
2023 06 08 12 00  53  4.9  5.5 99.00 99.00 99.00 999 1018.0  12.5 999.0 999.0 99.0 99.00
2023 06 08 13 00  54  5.2  6.2 99.00 99.00 99.00 999 1018.4  11.8 999.0 999.0 99.0 99.00
2023 06 08 14 00   8  1.6  3.0 99.00 99.00 99.00 999 1018.5  11.0 999.0 999.0 99.0 99.00
2023 06 08 15 00  60  4.6  5.0 99.00 99.00 99.00 999 1018.3  11.1 999.0 999.0 99.0 99.00
2023 06 08 16 00  62  2.1  2.5 99.00 99.00 99.00 999 1018.1  10.9 999.0 999.0 99.0 99.00
2023 06 08 17 00  95  2.3  2.5 99.00 99.00 99.00 999 1018.3   9.4 999.0 999.0 99.0 99.00
2023 06 08 18 00 142  2.5  2.6 99.00 99.00 99.00 999 1017.9   9.1 999.0 999.0 99.0 99.00
2023 06 08 19 00 188  4.5  4.5 99.00 99.00 99.00 999 1017.4   8.6 999.0 999.0 99.0 99.00
2023 06 08 20 00 212  7.4  7.7 99.00 99.00 99.00 999 1016.7  10.6 999.0 999.0 99.0 99.00
2023 06 08 21 00 210  6.2  6.5 99.00 99.00 99.00 999 1016.6  11.0 999.0 999.0 99.0 99.00
2023 06 08 22 00 271  6.8  7.2 99.00 99.00 99.00 999 1016.2   8.9 999.0 999.0 99.0 99.00
2023 06 08 23 00 251  2.7  3.1 99.00 99.00 99.00 999 1015.8  11.7 999.0 999.0 99.0 99.00
2023 06 09 00 00 257  7.3  7.6 99.00 99.00 99.00 999 1015.4  10.8 999.0 999.0 99.0 99.00
2023 06 09 01 00 280  4.2  4.6 99.00 99.00 99.00 999 1015.1  11.1 999.0 999.0 99.0 99.00
2023 06 09 02 00 281  6.2  6.5 99.00 99.00 99.00 999 1015.1   6.7 999.0 999.0 99.0 99.00
2023 06 09 03 00 270  9.4  9.5 99.00 99.00 99.00 999 1015.1   9.8 999.0 999.0 99.0 99.00
2023 06 09 04 00 270  8.0  8.2 99.00 99.00 99.00 999 1015.0  10.8 999.0 999.0 99.0 99.00
2023 06 09 05 00 273  7.5  7.7 99.00 99.00 99.00 999 1014.6  11.3 999.0 999.0 99.0 99.00
2023 06 09 06 00 272  9.3  9.9 99.00 99.00 99.00 999 1014.2  11.3 999.0 999.0 99.0 99.00
2023 06 09 07 00 262  8.5  8.6 99.00 99.00 99.00 999 1014.0  13.5 999.0 999.0 99.0 99.00
2023 06 09 08 00 266  9.5  9.7 99.00 99.00 99.00 999 1013.9  12.3 999.0 999.0 99.0 99.00
2023 06 09 09 00 277  7.6  7.8 99.00 99.00 99.00 999 1013.9   9.1 999.0 999.0 99.0 99.00
2023 06 09 10 00 272  6.6  6.8 99.00 99.00 99.00 999 1013.7   8.9 999.0 999.0 99.0 99.00
2023 06 09 11 00 264  6.1  6.4 99.00 99.00 99.00 999 1013.7   8.2 999.0 999.0 99.0 99.00
2023 06 09 12 00 261  4.3  5.3 99.00 99.00 99.00 999 1013.8   7.8 999.0 999.0 99.0 99.00
2023 06 09 13 00 230  3.7  4.3 99.00 99.00 99.00 999 1013.6   6.5 999.0 999.0 99.0 99.00
2023 06 09 14 00 269  6.8  7.2 99.00 99.00 99.00 999 1013.4   8.8 999.0 999.0 99.0 99.00
2023 06 09 15 00 260  8.0  8.4 99.00 99.00 99.00 999 1013.2   7.6 999.0 999.0 99.0 99.00
2023 06 09 16 00 260  8.9  9.4 99.00 99.00 99.00 999 1012.7   8.2 999.0 999.0 99.0 99.00
2023 06 09 17 00 264  8.3  8.8 99.00 99.00 99.00 999 1012.4   8.1 999.0 999.0 99.0 99.00
2023 06 09 18 00 264  8.6  9.2 99.00 99.00 99.00 999 1012.1   9.2 999.0 999.0 99.0 99.00
2023 06 09 19 00 224  4.2  4.4 99.00 99.00 99.00 999 1011.4   7.7 999.0 999.0 99.0 99.00
2023 06 09 20 00 226  3.0  3.3 99.00 99.00 99.00 999 1010.7   8.7 999.0 999.0 99.0 99.00
2023 06 09 21 00 219  3.7  4.3 99.00 99.00 99.00 999 1010.2   8.7 999.0 999.0 99.0 99.00
2023 06 09 22 00 209  4.0  4.3 99.00 99.00 99.00 999 1009.8   7.6 999.0 999.0 99.0 99.00
2023 06 09 23 00 230  5.1  5.9 99.00 99.00 99.00 999 1009.1   9.8 999.0 999.0 99.0 99.00
2023 06 10 00 00 201  5.2  5.5 99.00 99.00 99.00 999 1008.9   6.9 999.0 999.0 99.0 99.00
2023 06 10 01 00 194  5.6  6.0 99.00 99.00 99.00 999 1008.6   6.2 999.0 999.0 99.0 99.00
2023 06 10 02 00  13  3.1  5.1 99.00 99.00 99.00 999 1009.1  10.5 999.0 999.0 99.0 99.00
2023 06 10 03 00  59  6.1  6.8 99.00 99.00 99.00 999 1009.0  10.7 999.0 999.0 99.0 99.00
2023 06 10 04 00  55  3.3  3.9 99.00 99.00 99.00 999 1009.4   9.6 999.0 999.0 99.0 99.00
2023 06 10 05 00  78  3.2  3.5 99.00 99.00 99.00 999 1009.1   8.3 999.0 999.0 99.0 99.00
2023 06 10 06 00 274  4.1  4.5 99.00 99.00 99.00 999 1009.9   7.0 999.0 999.0 99.0 99.00
2023 06 10 07 00 298  2.1  2.2 99.00 99.00 99.00 999 1010.2   8.9 999.0 999.0 99.0 99.00
2023 06 10 08 00 293  3.3  4.0 99.00 99.00 99.00 999 1010.5   8.3 999.0 999.0 99.0 99.00
2023 06 10 09 00 323  2.4  2.9 99.00 99.00 99.00 999 1010.7   9.5 999.0 999.0 99.0 99.00
2023 06 10 10 00  17  6.2  7.7 99.00 99.00 99.00 999 1010.9   8.9 999.0 999.0 99.0 99.00
2023 06 10 11 00  24  7.3  9.8 99.00 99.00 99.00 999 1011.8   8.0 999.0 999.0 99.0 99.00
2023 06 10 12 00   6  3.9  6.1 99.00 99.00 99.00 999 1012.9   8.0 999.0 999.0 99.0 99.00
2023 06 10 13 00  26  4.8  7.6 99.00 99.00 99.00 999 1013.5   7.9 999.0 999.0 99.0 99.00
2023 06 10 14 00  21  5.4  7.8 99.00 99.00 99.00 999 1014.0   6.7 999.0 999.0 99.0 99.00
2023 06 10 15 00  14  3.3  5.0 99.00 99.00 99.00 999 1014.5   6.4 999.0 999.0 99.0 99.00
2023 06 10 16 00  16  5.0  6.2 99.00 99.00 99.00 999 1015.1   6.8 999.0 999.0 99.0 99.00
2023 06 10 17 00  18  3.5  4.9 99.00 99.00 99.00 999 1015.6   7.4 999.0 999.0 99.0 99.00
2023 06 10 18 00  36  4.9  6.7 99.00 99.00 99.00 999 1015.9   9.4 999.0 999.0 99.0 99.00
2023 06 10 19 00  33  5.1  6.2 99.00 99.00 99.00 999 1016.4   7.2 999.0 999.0 99.0 99.00
2023 06 10 20 00   7  3.5  5.1 99.00 99.00 99.00 999 1016.4   9.1 999.0 999.0 99.0 99.00
2023 06 10 21 00 353  3.1  4.0 99.00 99.00 99.00 999 1016.4   7.0 999.0 999.0 99.0 99.00
2023 06 10 22 00  33  2.8  4.5 99.00 99.00 99.00 999 1016.6   9.2 999.0 999.0 99.0 99.00
2023 06 10 23 00 355  2.9  4.2 99.00 99.00 99.00 999 1016.7   8.2 999.0 999.0 99.0 99.00
2023 06 11 00 00  29  3.0  5.7 99.00 99.00 99.00 999 1017.3   7.8 999.0 999.0 99.0 99.00
2023 06 11 01 00  42  5.5  7.0 99.00 99.00 99.00 999 1018.0  10.0 999.0 999.0 99.0 99.00
2023 06 11 02 00  29  4.7  5.9 99.00 99.00 99.00 999 1018.5   9.0 999.0 999.0 99.0 99.00
2023 06 11 03 00  34  5.1  7.1 99.00 99.00 99.00 999 1019.1   8.0 999.0 999.0 99.0 99.00
2023 06 11 04 00  53  9.1 10.7 99.00 99.00 99.00 999 1019.2   8.3 999.0 999.0 99.0 99.00
2023 06 11 05 00  55  8.4 10.0 99.00 99.00 99.00 999 1019.3   8.4 999.0 999.0 99.0 99.00
2023 06 11 06 00  60  6.4  7.6 99.00 99.00 99.00 999 1019.2   7.3 999.0 999.0 99.0 99.00
2023 06 11 07 00  56  4.2  5.7 99.00 99.00 99.00 999 1019.1   7.7 999.0 999.0 99.0 99.00
2023 06 11 08 00  11  3.3  4.4 99.00 99.00 99.00 999 1019.4   5.4 999.0 999.0 99.0 99.00
2023 06 11 09 00   5  4.1  4.8 99.00 99.00 99.00 999 1019.5   4.8 999.0 999.0 99.0 99.00
2023 06 11 10 00   6  4.0  4.6 99.00 99.00 99.00 999 1019.6   4.7 999.0 999.0 99.0 99.00
2023 06 11 11 00  12  5.0  5.4 99.00 99.00 99.00 999 1019.8   5.4 999.0 999.0 99.0 99.00
2023 06 11 12 00  15  5.2  6.2 99.00 99.00 99.00 999 1020.4   5.6 999.0 999.0 99.0 99.00
2023 06 11 13 00  11  4.4  5.7 99.00 99.00 99.00 999 1020.6   5.9 999.0 999.0 99.0 99.00
2023 06 11 14 00  11  2.9  4.0 99.00 99.00 99.00 999 1020.6   7.2 999.0 999.0 99.0 99.00
2023 06 11 15 00  65  2.8  3.7 99.00 99.00 99.00 999 1020.2   8.8 999.0 999.0 99.0 99.00
2023 06 11 16 00  73  0.1  0.7 99.00 99.00 99.00 999 1019.8   9.1 999.0 999.0 99.0 99.00
2023 06 11 17 00 284  1.7  1.9 99.00 99.00 99.00 999 1019.0   7.0 999.0 999.0 99.0 99.00
2023 06 11 18 00 276  5.3  5.5 99.00 99.00 99.00 999 1018.3   6.9 999.0 999.0 99.0 99.00
2023 06 11 19 00 264  6.7  6.9 99.00 99.00 99.00 999 1017.8   7.4 999.0 999.0 99.0 99.00
2023 06 11 20 00 250  4.1  4.6 99.00 99.00 99.00 999 1017.4   6.6 999.0 999.0 99.0 99.00
2023 06 11 21 00 262  6.1  6.7 99.00 99.00 99.00 999 1017.1   6.1 999.0 999.0 99.0 99.00
2023 06 11 22 00 269  9.8 10.6 99.00 99.00 99.00 999 1016.4   4.9 999.0 999.0 99.0 99.00
2023 06 11 23 00 273 11.3 11.9 99.00 99.00 99.00 999 1016.0   5.8 999.0 999.0 99.0 99.00
2023 06 12 00 00 270 10.6 11.1 99.00 99.00 99.00 999 1015.8   5.4 999.0 999.0 99.0 99.00
2023 06 12 01 00 271  9.6 10.7 99.00 99.00 99.00 999 1015.8   5.5 999.0 999.0 99.0 99.00
2023 06 12 02 00 272 10.8 11.5 99.00 99.00 99.00 999 1015.5   6.5 999.0 999.0 99.0 99.00
2023 06 12 03 00 270  9.2  9.7 99.00 99.00 99.00 999 1015.4   7.0 999.0 999.0 99.0 99.00
2023 06 12 04 00 272  7.7  8.0 99.00 99.00 99.00 999 1015.0   7.9 999.0 999.0 99.0 99.00
2023 06 12 05 00 283  5.9  6.3 99.00 99.00 99.00 999 1014.8   7.0 999.0 999.0 99.0 99.00
2023 06 12 06 00 279  5.6  6.1 99.00 99.00 99.00 999 1014.1   8.7 999.0 999.0 99.0 99.00
2023 06 12 07 00 301  4.2  4.7 99.00 99.00 99.00 999 1014.1   8.3 999.0 999.0 99.0 99.00
2023 06 12 08 00 348  2.9  3.3 99.00 99.00 99.00 999 1014.2   7.6 999.0 999.0 99.0 99.00
2023 06 12 09 00  51  2.6  3.3 99.00 99.00 99.00 999 1014.1   8.3 999.0 999.0 99.0 99.00
2023 06 12 10 00  58  3.6  4.4 99.00 99.00 99.00 999 1014.1   7.1 999.0 999.0 99.0 99.00
2023 06 12 11 00  61  4.0  4.6 99.00 99.00 99.00 999 1014.2   7.2 999.0 999.0 99.0 99.00
2023 06 12 12 00  57  4.8  5.5 99.00 99.00 99.00 999 1014.1   6.9 999.0 999.0 99.0 99.00
2023 06 12 13 00  71  3.6  3.9 99.00 99.00 99.00 999 1013.9   6.1 999.0 999.0 99.0 99.00
2023 06 12 14 00 331  2.1  2.4 99.00 99.00 99.00 999 1013.6   5.0 999.0 999.0 99.0 99.00
2023 06 12 15 00  94  1.5  1.8 99.00 99.00 99.00 999 1013.2   7.6 999.0 999.0 99.0 99.00
2023 06 12 16 00 332  1.2  1.4 99.00 99.00 99.00 999 1012.4   7.2 999.0 999.0 99.0 99.00
2023 06 12 17 00 164  0.6  0.7 99.00 99.00 99.00 999 1011.9   8.3 999.0 999.0 99.0 99.00
2023 06 12 18 00 199  2.4  2.6 99.00 99.00 99.00 999 1011.4   8.0 999.0 999.0 99.0 99.00
2023 06 12 19 00 204  5.7  6.0 99.00 99.00 99.00 999 1011.1   7.8 999.0 999.0 99.0 99.00
2023 06 12 20 00 267  2.0  2.3 99.00 99.00 99.00 999 1010.6   7.2 999.0 999.0 99.0 99.00
2023 06 12 21 00 275  7.6  8.4 99.00 99.00 99.00 999 1010.5   5.1 999.0 999.0 99.0 99.00
2023 06 12 22 00 269  8.9  9.9 99.00 99.00 99.00 999 1010.4   5.2 999.0 999.0 99.0 99.00
2023 06 12 23 00 270  6.6  7.3 99.00 99.00 99.00 999 1010.3   6.3 999.0 999.0 99.0 99.00
2023 06 13 00 00 262  8.9  9.3 99.00 99.00 99.00 999 1010.2   6.5 999.0 999.0 99.0 99.00
2023 06 13 01 00 254  6.8  6.9 99.00 99.00 99.00 999 1010.2   8.4 999.0 999.0 99.0 99.00
2023 06 13 02 00 272  7.4  7.6 99.00 99.00 99.00 999 1009.8   7.3 999.0 999.0 99.0 99.00
2023 06 13 03 00 285  7.1  7.6 99.00 99.00 99.00 999 1009.6   6.5 999.0 999.0 99.0 99.00
2023 06 13 04 00 279  8.7  9.0 99.00 99.00 99.00 999 1008.7   7.4 999.0 999.0 99.0 99.00
2023 06 13 05 00 278  8.2  8.5 99.00 99.00 99.00 999 1008.2   6.8 999.0 999.0 99.0 99.00
2023 06 13 06 00 259  5.8  6.4 99.00 99.00 99.00 999 1007.6   8.4 999.0 999.0 99.0 99.00
2023 06 13 07 00 286  6.6  6.8 99.00 99.00 99.00 999 1006.8  11.5 999.0 999.0 99.0 99.00
2023 06 13 08 00 287  5.1  5.6 99.00 99.00 99.00 999 1006.7   8.1 999.0 999.0 99.0 99.00
2023 06 13 09 00 284  5.8  6.0 99.00 99.00 99.00 999 1006.3   8.6 999.0 999.0 99.0 99.00
2023 06 13 10 00 312  4.8  5.0 99.00 99.00 99.00 999 1006.0  10.6 999.0 999.0 99.0 99.00
2023 06 13 11 00 350  5.6  8.2 99.00 99.00 99.00 999 1005.7  12.5 999.0 999.0 99.0 99.00
2023 06 13 12 00 355  5.8  6.8 99.00 99.00 99.00 999 1005.4   9.9 999.0 999.0 99.0 99.00
2023 06 13 13 00 359  5.7  7.4 99.00 99.00 99.00 999 1005.2   9.9 999.0 999.0 99.0 99.00
2023 06 13 14 00 359  5.9  7.5 99.00 99.00 99.00 999 1004.9  10.2 999.0 999.0 99.0 99.00
2023 06 13 15 00   7  4.7  6.9 99.00 99.00 99.00 999 1004.6  10.8 999.0 999.0 99.0 99.00
2023 06 13 16 00 354  5.9  7.5 99.00 99.00 99.00 999 1004.3  10.9 999.0 999.0 99.0 99.00
2023 06 13 17 00 356  5.5  6.5 99.00 99.00 99.00 999 1003.9  11.5 999.0 999.0 99.0 99.00
2023 06 13 18 00   3  5.1  7.6 99.00 99.00 99.00 999 1003.8  15.6 999.0 999.0 99.0 99.00
2023 06 13 19 00 357  6.6  8.3 99.00 99.00 99.00 999 1003.7  15.4 999.0 999.0 99.0 99.00
2023 06 13 20 00 354  6.0  7.3 99.00 99.00 99.00 999 1003.4  13.7 999.0 999.0 99.0 99.00
2023 06 13 21 00 354  6.1  7.3 99.00 99.00 99.00 999 1003.3  14.2 999.0 999.0 99.0 99.00
2023 06 13 22 00 351  6.7  8.0 99.00 99.00 99.00 999 1003.2  16.9 999.0 999.0 99.0 99.00
2023 06 13 23 00 345  5.0  6.1 99.00 99.00 99.00 999 1003.5  15.7 999.0 999.0 99.0 99.00
2023 06 14 00 00 295  3.7  4.0 99.00 99.00 99.00 999 1003.8  14.9 999.0 999.0 99.0 99.00
2023 06 14 01 00 357  3.1  3.6 99.00 99.00 99.00 999 1003.6  18.4 999.0 999.0 99.0 99.00
2023 06 14 02 00  21  4.3  4.7 99.00 99.00 99.00 999 1003.7  22.1 999.0 999.0 99.0 99.00
2023 06 14 03 00 300  2.1  2.5 99.00 99.00 99.00 999 1004.6  12.6 999.0 999.0 99.0 99.00
2023 06 14 04 00 231  1.2  2.3 99.00 99.00 99.00 999 1004.2  15.6 999.0 999.0 99.0 99.00
2023 06 14 05 00 205  3.7  3.9 99.00 99.00 99.00 999 1004.3  13.6 999.0 999.0 99.0 99.00
2023 06 14 06 00 307  2.5  2.8 99.00 99.00 99.00 999 1004.3  15.3 999.0 999.0 99.0 99.00
2023 06 14 07 00 356  4.9  6.2 99.00 99.00 99.00 999 1004.4   9.9 999.0 999.0 99.0 99.00
2023 06 14 08 00  42  2.2  3.3 99.00 99.00 99.00 999 1004.7   8.5 999.0 999.0 99.0 99.00
2023 06 14 09 00  20  3.8  5.8 99.00 99.00 99.00 999 1004.8  10.3 999.0 999.0 99.0 99.00
2023 06 14 10 00   8  4.2  5.8 99.00 99.00 99.00 999 1005.3   7.0 999.0 999.0 99.0 99.00
2023 06 14 11 00   4  4.4  6.1 99.00 99.00 99.00 999 1006.0   7.1 999.0 999.0 99.0 99.00
2023 06 14 12 00  15  4.1  6.0 99.00 99.00 99.00 999 1006.7   7.1 999.0 999.0 99.0 99.00
2023 06 14 13 00   8  4.1  5.8 99.00 99.00 99.00 999 1007.4   6.9 999.0 999.0 99.0 99.00
2023 06 14 14 00   3  2.9  4.8 99.00 99.00 99.00 999 1008.0   6.5 999.0 999.0 99.0 99.00
2023 06 14 15 00   2  3.8  6.0 99.00 99.00 99.00 999 1008.2   6.4 999.0 999.0 99.0 99.00
2023 06 14 16 00 359  4.3  6.1 99.00 99.00 99.00 999 1008.3   6.7 999.0 999.0 99.0 99.00
2023 06 14 17 00 351  5.8  7.6 99.00 99.00 99.00 999 1008.2   6.8 999.0 999.0 99.0 99.00
2023 06 14 18 00 350  5.3  6.5 99.00 99.00 99.00 999 1008.3   6.8 999.0 999.0 99.0 99.00
2023 06 14 19 00 348  4.6  5.2 99.00 99.00 99.00 999 1008.2   7.1 999.0 999.0 99.0 99.00
2023 06 14 20 00 343  6.2  6.6 99.00 99.00 99.00 999 1008.5   7.8 999.0 999.0 99.0 99.00
2023 06 14 21 00 346  5.5  6.4 99.00 99.00 99.00 999 1008.4   8.6 999.0 999.0 99.0 99.00
2023 06 14 22 00 351  6.6  7.7 99.00 99.00 99.00 999 1008.6   8.3 999.0 999.0 99.0 99.00
2023 06 14 23 00 345  7.1  8.6 99.00 99.00 99.00 999 1009.0   7.6 999.0 999.0 99.0 99.00
2023 06 15 00 00 352  5.6  6.6 99.00 99.00 99.00 999 1009.3   7.0 999.0 999.0 99.0 99.00
2023 06 15 01 00 358  3.8  5.8 99.00 99.00 99.00 999 1010.0   6.7 999.0 999.0 99.0 99.00
2023 06 15 02 00   7  2.5  4.5 99.00 99.00 99.00 999 1010.3   6.1 999.0 999.0 99.0 99.00
2023 06 15 03 00  13  3.5  5.4 99.00 99.00 99.00 999 1010.5   6.4 999.0 999.0 99.0 99.00
2023 06 15 04 00   9  2.7  4.1 99.00 99.00 99.00 999 1010.8   5.5 999.0 999.0 99.0 99.00
2023 06 15 05 00  23  3.7  4.5 99.00 99.00 99.00 999 1010.9   6.2 999.0 999.0 99.0 99.00
2023 06 15 06 00  39  5.8  7.4 99.00 99.00 99.00 999 1010.7   7.9 999.0 999.0 99.0 99.00
2023 06 15 07 00   9  3.6  4.5 99.00 99.00 99.00 999 1010.8   5.7 999.0 999.0 99.0 99.00
2023 06 15 08 00  21  4.6  5.2 99.00 99.00 99.00 999 1010.8   6.3 999.0 999.0 99.0 99.00
2023 06 15 09 00  18  3.4  4.5 99.00 99.00 99.00 999 1010.8   5.3 999.0 999.0 99.0 99.00
2023 06 15 10 00  44  3.5  5.1 99.00 99.00 99.00 999 1011.3   5.9 999.0 999.0 99.0 99.00
2023 06 15 11 00   5  2.5  3.3 99.00 99.00 99.00 999 1012.1   5.0 999.0 999.0 99.0 99.00
2023 06 15 12 00  12  2.3  4.3 99.00 99.00 99.00 999 1012.3   6.2 999.0 999.0 99.0 99.00
2023 06 15 13 00  11  3.9  5.1 99.00 99.00 99.00 999 1012.4   6.2 999.0 999.0 99.0 99.00
2023 06 15 14 00  11  2.6  4.2 99.00 99.00 99.00 999 1013.2   6.0 999.0 999.0 99.0 99.00
2023 06 15 15 00   3  2.0  3.6 99.00 99.00 99.00 999 1013.7   5.5 999.0 999.0 99.0 99.00
2023 06 15 16 00   6  2.6  4.3 99.00 99.00 99.00 999 1013.7   6.6 999.0 999.0 99.0 99.00
2023 06 15 17 00  16  3.0  3.9 99.00 99.00 99.00 999 1014.1   8.2 999.0 999.0 99.0 99.00
2023 06 15 18 00 332  2.2  2.5 99.00 99.00 99.00 999 1014.1   6.7 999.0 999.0 99.0 99.00
2023 06 15 19 00 338  2.7  3.1 99.00 99.00 99.00 999 1014.2   8.3 999.0 999.0 99.0 99.00
2023 06 15 20 00 298  4.0  4.4 99.00 99.00 99.00 999 1014.2   7.1 999.0 999.0 99.0 99.00
2023 06 15 21 00 328  3.8  4.7 99.00 99.00 99.00 999 1014.1   9.9 999.0 999.0 99.0 99.00
2023 06 15 22 00   4  2.8  5.6 99.00 99.00 99.00 999 1014.1  13.2 999.0 999.0 99.0 99.00
2023 06 15 23 00 288  3.4  4.3 99.00 99.00 99.00 999 1014.4   9.6 999.0 999.0 99.0 99.00
2023 06 16 00 00 277  7.1  7.4 99.00 99.00 99.00 999 1014.6   8.0 999.0 999.0 99.0 99.00
2023 06 16 01 00 278  5.6  6.0 99.00 99.00 99.00 999 1015.2   6.9 999.0 999.0 99.0 99.00
2023 06 16 02 00 301  3.4  4.5 99.00 99.00 99.00 999 1015.6   6.7 999.0 999.0 99.0 99.00
2023 06 16 03 00 304  3.3  3.6 99.00 99.00 99.00 999 1016.0  10.2 999.0 999.0 99.0 99.00
2023 06 16 04 00 313  4.3  4.5 99.00 99.00 99.00 999 1016.4  10.5 999.0 999.0 99.0 99.00
2023 06 16 05 00 323  4.0  4.3 99.00 99.00 99.00 999 1016.5  10.7 999.0 999.0 99.0 99.00
2023 06 16 06 00 316  4.3  4.4 99.00 99.00 99.00 999 1016.6  10.3 999.0 999.0 99.0 99.00
2023 06 16 07 00 320  3.7  3.9 99.00 99.00 99.00 999 1016.8   9.5 999.0 999.0 99.0 99.00
2023 06 16 08 00 333  4.2  4.4 99.00 99.00 99.00 999 1017.1   8.6 999.0 999.0 99.0 99.00
2023 06 16 09 00   0  4.1  4.9 99.00 99.00 99.00 999 1017.2   9.9 999.0 999.0 99.0 99.00
2023 06 16 10 00 344  3.6  4.1 99.00 99.00 99.00 999 1017.4   9.9 999.0 999.0 99.0 99.00
2023 06 16 11 00   6  4.3  4.9 99.00 99.00 99.00 999 1018.2  10.2 999.0 999.0 99.0 99.00
2023 06 16 12 00   5  3.6  4.5 99.00 99.00 99.00 999 1019.0   9.8 999.0 999.0 99.0 99.00
2023 06 16 13 00 300  3.2  3.6 99.00 99.00 99.00 999 1019.8   7.2 999.0 999.0 99.0 99.00
2023 06 16 14 00 327  1.5  2.0 99.00 99.00 99.00 999 1019.9   8.8 999.0 999.0 99.0 99.00
2023 06 16 15 00  80  0.2  0.4 99.00 99.00 99.00 999 1019.8  10.6 999.0 999.0 99.0 99.00
2023 06 16 16 00  69  1.5  1.6 99.00 99.00 99.00 999 1019.6   9.5 999.0 999.0 99.0 99.00
2023 06 16 17 00 118  0.9  1.1 99.00 99.00 99.00 999 1019.4   9.2 999.0 999.0 99.0 99.00
2023 06 16 18 00 186  3.2  3.4 99.00 99.00 99.00 999 1019.4   9.0 999.0 999.0 99.0 99.00
2023 06 16 19 00 202  4.8  4.9 99.00 99.00 99.00 999 1018.7   9.7 999.0 999.0 99.0 99.00
2023 06 16 20 00 216  8.0  8.2 99.00 99.00 99.00 999 1018.0  11.9 999.0 999.0 99.0 99.00
2023 06 16 21 00 211  7.1  7.3 99.00 99.00 99.00 999 1017.5  13.6 999.0 999.0 99.0 99.00
2023 06 16 22 00 267  8.1  8.4 99.00 99.00 99.00 999 1017.5   7.6 999.0 999.0 99.0 99.00
2023 06 16 23 00 266  7.5  7.9 99.00 99.00 99.00 999 1017.2   6.7 999.0 999.0 99.0 99.00
2023 06 17 00 00 271  7.2  7.7 99.00 99.00 99.00 999 1016.8   7.7 999.0 999.0 99.0 99.00
2023 06 17 01 00 262  9.1  9.2 99.00 99.00 99.00 999 1016.7  11.0 999.0 999.0 99.0 99.00
2023 06 17 02 00 264  9.3  9.5 99.00 99.00 99.00 999 1016.7  12.4 999.0 999.0 99.0 99.00
2023 06 17 03 00 271  8.4  8.5 99.00 99.00 99.00 999 1016.8  11.9 999.0 999.0 99.0 99.00
2023 06 17 04 00 270  7.9  8.0 99.00 99.00 99.00 999 1016.6  12.6 999.0 999.0 99.0 99.00
2023 06 17 05 00 262  5.6  5.8 99.00 99.00 99.00 999 1016.0  14.5 999.0 999.0 99.0 99.00
2023 06 17 06 00 262  5.3  5.6 99.00 99.00 99.00 999 1015.9  14.2 999.0 999.0 99.0 99.00
2023 06 17 07 00 264  7.7  7.8 99.00 99.00 99.00 999 1015.9  14.6 999.0 999.0 99.0 99.00
2023 06 17 08 00 274  9.3  9.5 99.00 99.00 99.00 999 1015.6  10.8 999.0 999.0 99.0 99.00
2023 06 17 09 00 267  7.1  7.4 99.00 99.00 99.00 999 1015.7   8.4 999.0 999.0 99.0 99.00
2023 06 17 10 00 276  9.5  9.7 99.00 99.00 99.00 999 1015.5   9.4 999.0 999.0 99.0 99.00
2023 06 17 11 00 273  7.7  8.1 99.00 99.00 99.00 999 1015.7   8.0 999.0 999.0 99.0 99.00
2023 06 17 12 00 266  7.2  7.4 99.00 99.00 99.00 999 1015.8   7.0 999.0 999.0 99.0 99.00
2023 06 17 13 00 274  4.5  4.9 99.00 99.00 99.00 999 1016.2   6.7 999.0 999.0 99.0 99.00
2023 06 17 14 00 224  2.4  3.4 99.00 99.00 99.00 999 1016.4   6.8 999.0 999.0 99.0 99.00
2023 06 17 15 00 125  0.8  1.6 99.00 99.00 99.00 999 1015.9   7.8 999.0 999.0 99.0 99.00
2023 06 17 16 00 214  2.7  3.2 99.00 99.00 99.00 999 1016.3   8.0 999.0 999.0 99.0 99.00
2023 06 17 17 00 208  3.0  3.1 99.00 99.00 99.00 999 1016.0   6.0 999.0 999.0 99.0 99.00
2023 06 17 18 00 167  2.6  2.9 99.00 99.00 99.00 999 1015.8   5.6 999.0 999.0 99.0 99.00
2023 06 17 19 00 249  2.2  2.4 99.00 99.00 99.00 999 1015.4  10.9 999.0 999.0 99.0 99.00
2023 06 17 20 00 193  2.2  2.4 99.00 99.00 99.00 999 1014.9   9.7 999.0 999.0 99.0 99.00
2023 06 17 21 00 195  3.7  4.0 99.00 99.00 99.00 999 1014.8  10.2 999.0 999.0 99.0 99.00
2023 06 17 22 00 144  3.6  3.8 99.00 99.00 99.00 999 1014.4   7.0 999.0 999.0 99.0 99.00
2023 06 17 23 00 108  5.1  5.4 99.00 99.00 99.00 999 1014.1   5.6 999.0 999.0 99.0 99.00
2023 06 18 00 00 136  4.8  5.0 99.00 99.00 99.00 999 1014.0   6.3 999.0 999.0 99.0 99.00
2023 06 18 01 00 168  4.7  4.8 99.00 99.00 99.00 999 1014.1   8.3 999.0 999.0 99.0 99.00
2023 06 18 02 00  87  3.0  3.7 99.00 99.00 99.00 999 1014.2   6.6 999.0 999.0 99.0 99.00
2023 06 18 03 00  79  4.6  4.8 99.00 99.00 99.00 999 1014.5   6.6 999.0 999.0 99.0 99.00
2023 06 18 04 00  77  4.1  4.4 99.00 99.00 99.00 999 1014.2   6.7 999.0 999.0 99.0 99.00
2023 06 18 05 00  66  5.6  5.9 99.00 99.00 99.00 999 1014.1   5.2 999.0 999.0 99.0 99.00
2023 06 18 06 00  71  5.8  5.9 99.00 99.00 99.00 999 1013.7   7.2 999.0 999.0 99.0 99.00
2023 06 18 07 00  72  5.1  5.5 99.00 99.00 99.00 999 1013.6   5.7 999.0 999.0 99.0 99.00
2023 06 18 08 00  60  5.1  5.9 99.00 99.00 99.00 999 1013.6   6.5 999.0 999.0 99.0 99.00
2023 06 18 09 00  66  6.6  7.1 99.00 99.00 99.00 999 1013.0   6.2 999.0 999.0 99.0 99.00
2023 06 18 10 00  70  7.0  7.6 99.00 99.00 99.00 999 1013.2   5.2 999.0 999.0 99.0 99.00
2023 06 18 11 00  79  6.9  7.4 99.00 99.00 99.00 999 1013.1   5.6 999.0 999.0 99.0 99.00
2023 06 18 12 00  82  6.4  6.8 99.00 99.00 99.00 999 1013.0   5.3 999.0 999.0 99.0 99.00
2023 06 18 13 00  75  4.4  4.6 99.00 99.00 99.00 999 1013.5   5.5 999.0 999.0 99.0 99.00
2023 06 18 14 00  68  5.3  5.5 99.00 99.00 99.00 999 1013.3   5.5 999.0 999.0 99.0 99.00
2023 06 18 15 00  66  4.3  4.5 99.00 99.00 99.00 999 1013.4   6.2 999.0 999.0 99.0 99.00
2023 06 18 16 00  70  3.0  3.2 99.00 99.00 99.00 999 1013.4   6.6 999.0 999.0 99.0 99.00
2023 06 18 17 00  67  6.9  6.9 99.00 99.00 99.00 999 1013.2   6.0 999.0 999.0 99.0 99.00
2023 06 18 18 00  64  8.1  8.5 99.00 99.00 99.00 999 1012.7   6.2 999.0 999.0 99.0 99.00
2023 06 18 19 00  68  7.7  7.9 99.00 99.00 99.00 999 1013.0   5.6 999.0 999.0 99.0 99.00
2023 06 18 20 00  68  6.9  7.2 99.00 99.00 99.00 999 1012.7   5.4 999.0 999.0 99.0 99.00
2023 06 18 21 00  70  6.0  6.1 99.00 99.00 99.00 999 1012.6   5.6 999.0 999.0 99.0 99.00
2023 06 18 22 00  68  6.7  6.9 99.00 99.00 99.00 999 1012.4   5.8 999.0 999.0 99.0 99.00
2023 06 18 23 00  70  7.3  7.5 99.00 99.00 99.00 999 1012.3   5.9 999.0 999.0 99.0 99.00
2023 06 19 00 00  76  7.0  7.2 99.00 99.00 99.00 999 1012.3   5.8 999.0 999.0 99.0 99.00
2023 06 19 01 00  76  5.4  5.5 99.00 99.00 99.00 999 1012.6   7.0 999.0 999.0 99.0 99.00
2023 06 19 02 00  69  4.3  4.5 99.00 99.00 99.00 999 1012.9   7.6 999.0 999.0 99.0 99.00
2023 06 19 03 00  75  5.8  6.0 99.00 99.00 99.00 999 1012.9   8.4 999.0 999.0 99.0 99.00
2023 06 19 04 00  51  3.3  4.5 99.00 99.00 99.00 999 1013.2   8.3 999.0 999.0 99.0 99.00
2023 06 19 05 00  61  7.4  8.2 99.00 99.00 99.00 999 1013.2   7.8 999.0 999.0 99.0 99.00
2023 06 19 06 00  70  8.1  8.4 99.00 99.00 99.00 999 1013.3   6.9 999.0 999.0 99.0 99.00
2023 06 19 07 00  71  6.3  6.6 99.00 99.00 99.00 999 1013.7   6.3 999.0 999.0 99.0 99.00
2023 06 19 08 00  76  5.9  6.2 99.00 99.00 99.00 999 1013.7   6.2 999.0 999.0 99.0 99.00
2023 06 19 09 00  73  4.0  4.3 99.00 99.00 99.00 999 1014.2   6.4 999.0 999.0 99.0 99.00
2023 06 19 10 00  77  5.7  5.9 99.00 99.00 99.00 999 1014.8   6.3 999.0 999.0 99.0 99.00
2023 06 19 11 00  87  5.4  5.6 99.00 99.00 99.00 999 1015.3   6.1 999.0 999.0 99.0 99.00
2023 06 19 12 00  90  1.6  2.0 99.00 99.00 99.00 999 1015.9  10.1 999.0 999.0 99.0 99.00
2023 06 19 13 00  37  2.1  3.6 99.00 99.00 99.00 999 1016.4   7.6 999.0 999.0 99.0 99.00
2023 06 19 14 00  70  6.1  6.5 99.00 99.00 99.00 999 1017.1   6.7 999.0 999.0 99.0 99.00
2023 06 19 15 00  70  6.9  7.5 99.00 99.00 99.00 999 1017.2   5.1 999.0 999.0 99.0 99.00
2023 06 19 16 00  85  6.1  6.5 99.00 99.00 99.00 999 1017.6   7.4 999.0 999.0 99.0 99.00
2023 06 19 17 00  87  5.3  5.5 99.00 99.00 99.00 999 1017.7   6.4 999.0 999.0 99.0 99.00
2023 06 19 18 00  60  2.0  2.6 99.00 99.00 99.00 999 1018.3   8.7 999.0 999.0 99.0 99.00
2023 06 19 19 00  63  5.7  6.0 99.00 99.00 99.00 999 1018.1   8.3 999.0 999.0 99.0 99.00
2023 06 19 20 00  65  6.1  6.3 99.00 99.00 99.00 999 1018.2   8.0 999.0 999.0 99.0 99.00
2023 06 19 21 00  69  6.2  6.4 99.00 99.00 99.00 999 1018.5   8.2 999.0 999.0 99.0 99.00
2023 06 19 22 00  78  6.5  6.6 99.00 99.00 99.00 999 1018.5   7.1 999.0 999.0 99.0 99.00
2023 06 19 23 00  74  6.5  6.8 99.00 99.00 99.00 999 1018.5   7.3 999.0 999.0 99.0 99.00
2023 06 20 00 00  78  6.8  7.0 99.00 99.00 99.00 999 1018.4   6.5 999.0 999.0 99.0 99.00
2023 06 20 01 00  85  5.2  5.4 99.00 99.00 99.00 999 1018.5   6.4 999.0 999.0 99.0 99.00
2023 06 20 02 00  69  3.1  3.4 99.00 99.00 99.00 999 1019.0   8.3 999.0 999.0 99.0 99.00
2023 06 20 03 00  71  4.2  4.7 99.00 99.00 99.00 999 1019.4   8.1 999.0 999.0 99.0 99.00
2023 06 20 04 00  60  6.1  6.7 99.00 99.00 99.00 999 1020.0   8.6 999.0 999.0 99.0 99.00
2023 06 20 05 00  61  5.9  6.8 99.00 99.00 99.00 999 1020.1   8.5 999.0 999.0 99.0 99.00
2023 06 20 06 00  74  7.5  7.9 99.00 99.00 99.00 999 1019.9   7.2 999.0 999.0 99.0 99.00
2023 06 20 07 00  80  5.3  5.5 99.00 99.00 99.00 999 1020.4   7.2 999.0 999.0 99.0 99.00
2023 06 20 08 00 120  5.0  5.2 99.00 99.00 99.00 999 1020.5   7.2 999.0 999.0 99.0 99.00
2023 06 20 09 00 278  0.4  0.7 99.00 99.00 99.00 999 1020.9   8.5 999.0 999.0 99.0 99.00
2023 06 20 10 00  87  0.8  1.0 99.00 99.00 99.00 999 1021.5  10.8 999.0 999.0 99.0 99.00
2023 06 20 11 00  67  5.2  6.3 99.00 99.00 99.00 999 1021.9   8.6 999.0 999.0 99.0 99.00
2023 06 20 12 00  63  4.4  5.0 99.00 99.00 99.00 999 1022.4   9.7 999.0 999.0 99.0 99.00
2023 06 20 13 00  77  5.9  6.2 99.00 99.00 99.00 999 1022.8   8.5 999.0 999.0 99.0 99.00
2023 06 20 14 00  80  6.3  6.8 99.00 99.00 99.00 999 1023.3   6.7 999.0 999.0 99.0 99.00
2023 06 20 15 00  87  5.2  5.7 99.00 99.00 99.00 999 1023.7   7.5 999.0 999.0 99.0 99.00
2023 06 20 16 00  83  5.6  5.8 99.00 99.00 99.00 999 1023.9   7.4 999.0 999.0 99.0 99.00
2023 06 20 17 00  81  6.0  6.2 99.00 99.00 99.00 999 1024.2   8.2 999.0 999.0 99.0 99.00
2023 06 20 18 00  87  5.5  5.6 99.00 99.00 99.00 999 1024.2   8.0 999.0 999.0 99.0 99.00
2023 06 20 19 00  88  5.0  5.4 99.00 99.00 99.00 999 1024.1   8.5 999.0 999.0 99.0 99.00
2023 06 20 20 00  79  6.3  6.5 99.00 99.00 99.00 999 1023.6   9.0 999.0 999.0 99.0 99.00
2023 06 20 21 00  75  6.9  7.2 99.00 99.00 99.00 999 1023.3   8.6 999.0 999.0 99.0 99.00
2023 06 20 22 00  65  6.4  6.8 99.00 99.00 99.00 999 1023.1   8.0 999.0 999.0 99.0 99.00
2023 06 20 23 00  78  6.4  6.5 99.00 99.00 99.00 999 1022.6   7.7 999.0 999.0 99.0 99.00
2023 06 21 00 00  81  3.3  3.8 99.00 99.00 99.00 999 1022.7   9.3 999.0 999.0 99.0 99.00
2023 06 21 01 00  85  4.4  4.6 99.00 99.00 99.00 999 1022.6   9.3 999.0 999.0 99.0 99.00
2023 06 21 02 00  23  2.8  3.3 99.00 99.00 99.00 999 1022.6  10.9 999.0 999.0 99.0 99.00
2023 06 21 03 00  66  5.3  5.7 99.00 99.00 99.00 999 1023.0   9.8 999.0 999.0 99.0 99.00
2023 06 21 04 00  76  6.8  7.0 99.00 99.00 99.00 999 1023.3   7.9 999.0 999.0 99.0 99.00
2023 06 21 05 00 103  5.9  6.0 99.00 99.00 99.00 999 1023.0   9.4 999.0 999.0 99.0 99.00
2023 06 21 06 00 127  4.0  4.3 99.00 99.00 99.00 999 1022.9   8.2 999.0 999.0 99.0 99.00
2023 06 21 07 00 227  0.9  1.2 99.00 99.00 99.00 999 1023.0   8.6 999.0 999.0 99.0 99.00
2023 06 21 08 00   0  0.0  0.0 99.00 99.00 99.00 999 1023.2  12.2 999.0 999.0 99.0 99.00
2023 06 21 09 00  18  2.2  2.5 99.00 99.00 99.00 999 1023.5  10.7 999.0 999.0 99.0 99.00
2023 06 21 10 00  83  6.1  6.5 99.00 99.00 99.00 999 1023.5   6.8 999.0 999.0 99.0 99.00
2023 06 21 11 00  91  5.6  6.2 99.00 99.00 99.00 999 1023.6   7.0 999.0 999.0 99.0 99.00
2023 06 21 12 00  90  4.3  4.8 99.00 99.00 99.00 999 1024.0   8.7 999.0 999.0 99.0 99.00
2023 06 21 13 00 102  3.8  4.1 99.00 99.00 99.00 999 1024.2   8.3 999.0 999.0 99.0 99.00
2023 06 21 14 00  98  4.8  4.9 99.00 99.00 99.00 999 1023.9   8.1 999.0 999.0 99.0 99.00
2023 06 21 15 00  72  1.1  1.6 99.00 99.00 99.00 999 1023.9   9.9 999.0 999.0 99.0 99.00
2023 06 21 16 00  70  5.2  5.3 99.00 99.00 99.00 999 1023.8   7.9 999.0 999.0 99.0 99.00
2023 06 21 17 00  76  5.8  6.1 99.00 99.00 99.00 999 1024.1   8.4 999.0 999.0 99.0 99.00
2023 06 21 18 00  80  6.5  6.7 99.00 99.00 99.00 999 1023.7   8.2 999.0 999.0 99.0 99.00
2023 06 21 19 00  88  5.3  5.5 99.00 99.00 99.00 999 1023.3   7.4 999.0 999.0 99.0 99.00
2023 06 21 20 00 110  4.7  4.8 99.00 99.00 99.00 999 1023.0   9.3 999.0 999.0 99.0 99.00
2023 06 21 21 00  84  3.6  3.8 99.00 99.00 99.00 999 1022.8   8.5 999.0 999.0 99.0 99.00
2023 06 21 22 00  61  1.9  2.1 99.00 99.00 99.00 999 1022.6   9.6 999.0 999.0 99.0 99.00
2023 06 21 23 00  92  6.3  6.5 99.00 99.00 99.00 999 1021.9   7.8 999.0 999.0 99.0 99.00
2023 06 22 00 00  87  5.4  5.5 99.00 99.00 99.00 999 1021.8   6.4 999.0 999.0 99.0 99.00
2023 06 22 01 00  95  4.4  4.7 99.00 99.00 99.00 999 1021.4   7.5 999.0 999.0 99.0 99.00
2023 06 22 02 00 102  3.7  4.0 99.00 99.00 99.00 999 1021.4   9.5 999.0 999.0 99.0 99.00
2023 06 22 03 00  92  4.7  5.6 99.00 99.00 99.00 999 1021.3   9.9 999.0 999.0 99.0 99.00
2023 06 22 04 00  93  6.4  6.6 99.00 99.00 99.00 999 1020.8  10.2 999.0 999.0 99.0 99.00
2023 06 22 05 00  81  5.7  5.8 99.00 99.00 99.00 999 1020.5   9.1 999.0 999.0 99.0 99.00
2023 06 22 06 00  61  3.9  4.5 99.00 99.00 99.00 999 1020.4   8.8 999.0 999.0 99.0 99.00
2023 06 22 07 00  20  2.0  2.4 99.00 99.00 99.00 999 1020.4  10.3 999.0 999.0 99.0 99.00
2023 06 22 08 00   8  2.1  2.4 99.00 99.00 99.00 999 1020.2  11.1 999.0 999.0 99.0 99.00
2023 06 22 09 00  20  1.3  2.0 99.00 99.00 99.00 999 1020.4   7.2 999.0 999.0 99.0 99.00
2023 06 22 10 00  84  1.2  1.4 99.00 99.00 99.00 999 1020.3   7.3 999.0 999.0 99.0 99.00
2023 06 22 11 00 154  1.9  1.9 99.00 99.00 99.00 999 1020.6   8.7 999.0 999.0 99.0 99.00
2023 06 22 12 00 192  2.4  2.4 99.00 99.00 99.00 999 1020.7   9.7 999.0 999.0 99.0 99.00
2023 06 22 13 00 191  0.7  0.8 99.00 99.00 99.00 999 1020.5  12.0 999.0 999.0 99.0 99.00
2023 06 22 14 00   0  0.0  0.1 99.00 99.00 99.00 999 1020.7  12.0 999.0 999.0 99.0 99.00
2023 06 22 15 00  82  5.0  5.1 99.00 99.00 99.00 999 1020.6   6.0 999.0 999.0 99.0 99.00
2023 06 22 16 00  85  4.7  5.0 99.00 99.00 99.00 999 1020.4   9.1 999.0 999.0 99.0 99.00
2023 06 22 17 00 157  4.3  4.6 99.00 99.00 99.00 999 1020.3   6.4 999.0 999.0 99.0 99.00
2023 06 22 18 00 177  4.5  4.7 99.00 99.00 99.00 999 1019.8   7.2 999.0 999.0 99.0 99.00
2023 06 22 19 00 143  4.2  4.5 99.00 99.00 99.00 999 1019.1   8.7 999.0 999.0 99.0 99.00
2023 06 22 20 00 129  4.9  5.1 99.00 99.00 99.00 999 1018.4   6.7 999.0 999.0 99.0 99.00
2023 06 22 21 00 129  4.8  5.5 99.00 99.00 99.00 999 1017.9   5.9 999.0 999.0 99.0 99.00
2023 06 22 22 00 180  4.6  4.8 99.00 99.00 99.00 999 1017.4   6.6 999.0 999.0 99.0 99.00
2023 06 22 23 00 169  3.3  3.5 99.00 99.00 99.00 999 1016.9   7.8 999.0 999.0 99.0 99.00
2023 06 23 00 00  98  3.1  3.5 99.00 99.00 99.00 999 1016.9   5.9 999.0 999.0 99.0 99.00
2023 06 23 01 00  78  3.8  4.3 99.00 99.00 99.00 999 1016.8   6.8 999.0 999.0 99.0 99.00
2023 06 23 02 00  79  5.0  5.4 99.00 99.00 99.00 999 1016.6   6.6 999.0 999.0 99.0 99.00
2023 06 23 03 00  77  4.3  4.7 99.00 99.00 99.00 999 1016.6   6.6 999.0 999.0 99.0 99.00
2023 06 23 04 00  87  5.1  5.2 99.00 99.00 99.00 999 1016.4   7.2 999.0 999.0 99.0 99.00
2023 06 23 05 00  99  2.8  2.9 99.00 99.00 99.00 999 1016.5   7.2 999.0 999.0 99.0 99.00
2023 06 23 06 00 347  1.7  2.5 99.00 99.00 99.00 999 1016.3   8.5 999.0 999.0 99.0 99.00
2023 06 23 07 00  68  3.0  3.8 99.00 99.00 99.00 999 1015.9   8.3 999.0 999.0 99.0 99.00
2023 06 23 08 00  60  2.5  3.0 99.00 99.00 99.00 999 1015.5  11.2 999.0 999.0 99.0 99.00
2023 06 23 09 00  77  1.0  1.3 99.00 99.00 99.00 999 1015.2   7.4 999.0 999.0 99.0 99.00
2023 06 23 10 00 107  0.1  0.7 99.00 99.00 99.00 999 1015.6   7.6 999.0 999.0 99.0 99.00
2023 06 23 11 00  69  0.6  1.1 99.00 99.00 99.00 999 1015.8   6.4 999.0 999.0 99.0 99.00
2023 06 23 12 00  51  0.1  0.4 99.00 99.00 99.00 999 1016.1   8.2 999.0 999.0 99.0 99.00
2023 06 23 13 00 326  1.2  1.4 99.00 99.00 99.00 999 1016.5   9.7 999.0 999.0 99.0 99.00
2023 06 23 14 00 316  2.1  2.4 99.00 99.00 99.00 999 1016.9   6.4 999.0 999.0 99.0 99.00
2023 06 23 15 00 295  2.5  2.9 99.00 99.00 99.00 999 1016.5   9.8 999.0 999.0 99.0 99.00
2023 06 23 16 00 248  3.7  3.9 99.00 99.00 99.00 999 1016.8  12.1 999.0 999.0 99.0 99.00
2023 06 23 17 00 278  4.2  4.3 99.00 99.00 99.00 999 1016.7  13.8 999.0 999.0 99.0 99.00
2023 06 23 18 00 286  4.9  5.1 99.00 99.00 99.00 999 1016.2  13.5 999.0 999.0 99.0 99.00
2023 06 23 19 00 286  4.4  4.6 99.00 99.00 99.00 999 1015.7  15.4 999.0 999.0 99.0 99.00
2023 06 23 20 00 284  3.9  4.4 99.00 99.00 99.00 999 1015.3  16.6 999.0 999.0 99.0 99.00
2023 06 23 21 00 278  3.6  3.9 99.00 99.00 99.00 999 1014.9  17.3 999.0 999.0 99.0 99.00
2023 06 23 22 00 292  2.9  3.1 99.00 99.00 99.00 999 1014.6  16.2 999.0 999.0 99.0 99.00
2023 06 23 23 00 295  1.2  1.3 99.00 99.00 99.00 999 1014.2  17.3 999.0 999.0 99.0 99.00
2023 06 24 00 00 165  0.6  0.7 99.00 99.00 99.00 999 1014.4  17.3 999.0 999.0 99.0 99.00
2023 06 24 01 00 289  2.1  4.2 99.00 99.00 99.00 999 1014.7  14.3 999.0 999.0 99.0 99.00
2023 06 24 02 00 274  7.7  8.0 99.00 99.00 99.00 999 1014.9  13.0 999.0 999.0 99.0 99.00
2023 06 24 03 00 269  8.8  9.2 99.00 99.00 99.00 999 1015.5  12.9 999.0 999.0 99.0 99.00
2023 06 24 04 00 277  6.9  7.2 99.00 99.00 99.00 999 1015.5  14.9 999.0 999.0 99.0 99.00
2023 06 24 05 00 271  6.1  6.4 99.00 99.00 99.00 999 1015.3  15.2 999.0 999.0 99.0 99.00
2023 06 24 06 00 277  8.3  8.8 99.00 99.00 99.00 999 1015.1  14.4 999.0 999.0 99.0 99.00
2023 06 24 07 00 304  4.8  5.0 99.00 99.00 99.00 999 1014.9   9.6 999.0 999.0 99.0 99.00
2023 06 24 08 00 316  2.9  3.3 99.00 99.00 99.00 999 1014.8  12.7 999.0 999.0 99.0 99.00
2023 06 24 09 00   3  2.3  2.5 99.00 99.00 99.00 999 1014.9  13.5 999.0 999.0 99.0 99.00
2023 06 24 10 00  60  2.6  2.9 99.00 99.00 99.00 999 1015.0  14.6 999.0 999.0 99.0 99.00
2023 06 24 11 00  59  2.0  2.3 99.00 99.00 99.00 999 1014.7  12.0 999.0 999.0 99.0 99.00
2023 06 24 12 00  42  2.5  2.8 99.00 99.00 99.00 999 1015.5  12.0 999.0 999.0 99.0 99.00
2023 06 24 13 00 194  0.2  0.7 99.00 99.00 99.00 999 1016.6  12.3 999.0 999.0 99.0 99.00
2023 06 24 14 00  13  8.3  8.7 99.00 99.00 99.00 999 1016.0  11.8 999.0 999.0 99.0 99.00
2023 06 24 15 00  17  6.7  7.6 99.00 99.00 99.00 999 1016.0  12.4 999.0 999.0 99.0 99.00
2023 06 24 16 00  58  7.5  8.2 99.00 99.00 99.00 999 1015.5  11.5 999.0 999.0 99.0 99.00
2023 06 24 17 00  52  5.1  6.4 99.00 99.00 99.00 999 1015.6  14.2 999.0 999.0 99.0 99.00
2023 06 24 18 00  51  5.7  6.9 99.00 99.00 99.00 999 1015.4  15.0 999.0 999.0 99.0 99.00
2023 06 24 19 00  78  5.7  6.2 99.00 99.00 99.00 999 1015.2   9.4 999.0 999.0 99.0 99.00
2023 06 24 20 00  80  4.6  4.8 99.00 99.00 99.00 999 1015.0  11.8 999.0 999.0 99.0 99.00
2023 06 24 21 00  58  5.9  6.9 99.00 99.00 99.00 999 1014.5  14.2 999.0 999.0 99.0 99.00
2023 06 24 22 00  76  6.4  6.8 99.00 99.00 99.00 999 1014.6  13.8 999.0 999.0 99.0 99.00
2023 06 24 23 00  66  8.5  9.4 99.00 99.00 99.00 999 1013.9  12.7 999.0 999.0 99.0 99.00
2023 06 25 00 00  70  8.2  8.5 99.00 99.00 99.00 999 1013.9  11.3 999.0 999.0 99.0 99.00
2023 06 25 01 00  64  6.6  7.3 99.00 99.00 99.00 999 1013.7  10.2 999.0 999.0 99.0 99.00
2023 06 25 02 00  67 11.7 12.3 99.00 99.00 99.00 999 1012.7  10.8 999.0 999.0 99.0 99.00
2023 06 25 03 00  69 10.2 10.5 99.00 99.00 99.00 999 1013.2   9.3 999.0 999.0 99.0 99.00
2023 06 25 04 00  72 10.1 10.8 99.00 99.00 99.00 999 1012.4   9.4 999.0 999.0 99.0 99.00
2023 06 25 05 00  72  9.3  9.9 99.00 99.00 99.00 999 1012.0   8.8 999.0 999.0 99.0 99.00
2023 06 25 06 00  71  8.6  9.0 99.00 99.00 99.00 999 1011.6   8.6 999.0 999.0 99.0 99.00
2023 06 25 07 00  76  9.8 10.3 99.00 99.00 99.00 999 1010.8   9.0 999.0 999.0 99.0 99.00
2023 06 25 08 00  77  9.8 10.6 99.00 99.00 99.00 999 1010.4   8.8 999.0 999.0 99.0 99.00
2023 06 25 09 00  69  9.6 10.2 99.00 99.00 99.00 999 1009.7   8.1 999.0 999.0 99.0 99.00
2023 06 25 10 00  72  8.9  9.6 99.00 99.00 99.00 999 1009.8   7.9 999.0 999.0 99.0 99.00
2023 06 25 11 00  71 10.7 11.3 99.00 99.00 99.00 999 1009.1   7.6 999.0 999.0 99.0 99.00
2023 06 25 12 00  74 11.0 11.7 99.00 99.00 99.00 999 1008.6   8.1 999.0 999.0 99.0 99.00
2023 06 25 13 00  77  9.8 10.3 99.00 99.00 99.00 999 1008.7   8.0 999.0 999.0 99.0 99.00
2023 06 25 14 00  73  8.8  9.4 99.00 99.00 99.00 999 1008.7   8.2 999.0 999.0 99.0 99.00
2023 06 25 15 00  69  8.0  8.4 99.00 99.00 99.00 999 1008.4   7.7 999.0 999.0 99.0 99.00
2023 06 25 16 00  70  7.3  7.9 99.00 99.00 99.00 999 1008.1   7.2 999.0 999.0 99.0 99.00
2023 06 25 17 00  65  9.0  9.4 99.00 99.00 99.00 999 1007.9   8.6 999.0 999.0 99.0 99.00
2023 06 25 18 00 115  5.1  6.0 99.00 99.00 99.00 999 1009.2   7.4 999.0 999.0 99.0 99.00
2023 06 25 19 00  60  9.9 11.5 99.00 99.00 99.00 999 1007.9   9.4 999.0 999.0 99.0 99.00
2023 06 25 20 00  66  9.2 10.5 99.00 99.00 99.00 999 1007.9   9.8 999.0 999.0 99.0 99.00
2023 06 25 21 00  60 11.6 13.0 99.00 99.00 99.00 999 1007.5   9.9 999.0 999.0 99.0 99.00
2023 06 25 22 00  40 10.7 14.9 99.00 99.00 99.00 999 1007.4  12.1 999.0 999.0 99.0 99.00
2023 06 25 23 00  39  8.8 11.3 99.00 99.00 99.00 999 1007.4  13.3 999.0 999.0 99.0 99.00
2023 06 26 00 00  32  8.4 11.1 99.00 99.00 99.00 999 1007.6  14.5 999.0 999.0 99.0 99.00
2023 06 26 01 00  34  8.4 10.2 99.00 99.00 99.00 999 1007.7  14.5 999.0 999.0 99.0 99.00
2023 06 26 02 00  25  8.3 10.6 99.00 99.00 99.00 999 1008.0  13.2 999.0 999.0 99.0 99.00
2023 06 26 03 00  24  7.4  9.3 99.00 99.00 99.00 999 1008.4  13.8 999.0 999.0 99.0 99.00
2023 06 26 04 00 351  6.1  7.4 99.00 99.00 99.00 999 1008.3  12.5 999.0 999.0 99.0 99.00
2023 06 26 05 00 356  5.1  6.0 99.00 99.00 99.00 999 1008.0  10.4 999.0 999.0 99.0 99.00
2023 06 26 06 00  12  4.9  6.7 99.00 99.00 99.00 999 1007.8  10.1 999.0 999.0 99.0 99.00
2023 06 26 07 00   8  5.4  6.7 99.00 99.00 99.00 999 1007.8  10.1 999.0 999.0 99.0 99.00
2023 06 26 08 00   3  3.9  5.8 99.00 99.00 99.00 999 1007.8   9.3 999.0 999.0 99.0 99.00
2023 06 26 09 00   0  4.7  5.7 99.00 99.00 99.00 999 1008.0   9.0 999.0 999.0 99.0 99.00
2023 06 26 10 00  12  7.1  8.4 99.00 99.00 99.00 999 1008.1  11.3 999.0 999.0 99.0 99.00
2023 06 26 11 00  13  4.4  7.6 99.00 99.00 99.00 999 1008.4   9.9 999.0 999.0 99.0 99.00
2023 06 26 12 00   3  4.5  6.2 99.00 99.00 99.00 999 1008.8   8.4 999.0 999.0 99.0 99.00
2023 06 26 13 00   9  4.4  6.3 99.00 99.00 99.00 999 1008.9   9.1 999.0 999.0 99.0 99.00
2023 06 26 14 00 359  4.2  6.1 99.00 99.00 99.00 999 1009.2   8.1 999.0 999.0 99.0 99.00
2023 06 26 15 00 359  4.5  5.8 99.00 99.00 99.00 999 1009.5   9.1 999.0 999.0 99.0 99.00
2023 06 26 16 00 355  4.0  5.1 99.00 99.00 99.00 999 1009.7   8.9 999.0 999.0 99.0 99.00
2023 06 26 17 00   0  3.7  4.6 99.00 99.00 99.00 999 1010.0   8.9 999.0 999.0 99.0 99.00
2023 06 26 18 00  12  3.0  5.0 99.00 99.00 99.00 999 1010.1   9.5 999.0 999.0 99.0 99.00
2023 06 26 19 00  19  6.4  8.8 99.00 99.00 99.00 999 1010.2  10.5 999.0 999.0 99.0 99.00
2023 06 26 20 00  12  5.3  7.2 99.00 99.00 99.00 999 1010.6  10.1 999.0 999.0 99.0 99.00
2023 06 26 21 00   6  4.5  6.4 99.00 99.00 99.00 999 1011.2  10.3 999.0 999.0 99.0 99.00
2023 06 26 22 00  17  5.9  7.7 99.00 99.00 99.00 999 1011.6  10.5 999.0 999.0 99.0 99.00
2023 06 26 23 00   9  5.5  7.5 99.00 99.00 99.00 999 1012.1  12.6 999.0 999.0 99.0 99.00
2023 06 27 00 00  15  6.2  7.7 99.00 99.00 99.00 999 1012.3  11.6 999.0 999.0 99.0 99.00
2023 06 27 01 00   3  5.1  6.9 99.00 99.00 99.00 999 1012.7  10.8 999.0 999.0 99.0 99.00
2023 06 27 02 00  19  5.2  6.8 99.00 99.00 99.00 999 1013.3  13.2 999.0 999.0 99.0 99.00
2023 06 27 03 00  20  5.0  5.8 99.00 99.00 99.00 999 1013.4  15.4 999.0 999.0 99.0 99.00
2023 06 27 04 00 340  3.2  3.5 99.00 99.00 99.00 999 1013.8  10.6 999.0 999.0 99.0 99.00
2023 06 27 05 00 332  2.9  3.2 99.00 99.00 99.00 999 1013.9  11.4 999.0 999.0 99.0 99.00
2023 06 27 06 00 326  3.6  4.3 99.00 99.00 99.00 999 1014.0   8.9 999.0 999.0 99.0 99.00
2023 06 27 07 00 317  3.4  4.1 99.00 99.00 99.00 999 1014.2   9.6 999.0 999.0 99.0 99.00
2023 06 27 08 00 305  4.8  5.3 99.00 99.00 99.00 999 1014.5   8.9 999.0 999.0 99.0 99.00
2023 06 27 09 00 292  5.0  5.4 99.00 99.00 99.00 999 1014.8  11.3 999.0 999.0 99.0 99.00
2023 06 27 10 00 290  4.7  5.1 99.00 99.00 99.00 999 1015.2  10.6 999.0 999.0 99.0 99.00
2023 06 27 11 00 353  2.8  3.1 99.00 99.00 99.00 999 1015.6   9.9 999.0 999.0 99.0 99.00
2023 06 27 12 00  63  0.9  1.4 99.00 99.00 99.00 999 1016.1  10.5 999.0 999.0 99.0 99.00
2023 06 27 13 00  19  1.1  2.1 99.00 99.00 99.00 999 1016.4  10.3 999.0 999.0 99.0 99.00
2023 06 27 14 00  60  3.1  3.5 99.00 99.00 99.00 999 1016.4  11.4 999.0 999.0 99.0 99.00
2023 06 27 15 00  64  3.2  3.7 99.00 99.00 99.00 999 1016.8  11.5 999.0 999.0 99.0 99.00
2023 06 27 16 00  70  2.8  2.8 99.00 99.00 99.00 999 1016.8  11.6 999.0 999.0 99.0 99.00
2023 06 27 17 00  96  2.2  2.3 99.00 99.00 99.00 999 1016.7  11.4 999.0 999.0 99.0 99.00
2023 06 27 18 00 136  2.3  2.6 99.00 99.00 99.00 999 1016.4  10.4 999.0 999.0 99.0 99.00
2023 06 27 19 00 148  3.9  4.1 99.00 99.00 99.00 999 1015.9  11.9 999.0 999.0 99.0 99.00
2023 06 27 20 00 207  6.3  6.4 99.00 99.00 99.00 999 1016.1  10.4 999.0 999.0 99.0 99.00
2023 06 27 21 00 208  5.5  5.7 99.00 99.00 99.00 999 1015.7  11.7 999.0 999.0 99.0 99.00
2023 06 27 22 00 211  5.3  5.5 99.00 99.00 99.00 999 1015.5  10.8 999.0 999.0 99.0 99.00
2023 06 27 23 00 262  3.5  4.0 99.00 99.00 99.00 999 1015.5  10.5 999.0 999.0 99.0 99.00
2023 06 28 00 00 216  4.5  4.7 99.00 99.00 99.00 999 1015.1  11.4 999.0 999.0 99.0 99.00
2023 06 28 01 00 214  3.8  3.9 99.00 99.00 99.00 999 1015.2  11.2 999.0 999.0 99.0 99.00
2023 06 28 02 00 237  2.2  2.4 99.00 99.00 99.00 999 1015.2  11.8 999.0 999.0 99.0 99.00
2023 06 28 03 00 219  0.9  1.1 99.00 99.00 99.00 999 1015.3  13.4 999.0 999.0 99.0 99.00
2023 06 28 04 00 189  3.3  3.6 99.00 99.00 99.00 999 1015.0  11.5 999.0 999.0 99.0 99.00
2023 06 28 05 00 196  4.9  5.1 99.00 99.00 99.00 999 1015.0  10.1 999.0 999.0 99.0 99.00
2023 06 28 06 00 220  7.5  7.7 99.00 99.00 99.00 999 1015.0  12.2 999.0 999.0 99.0 99.00
2023 06 28 07 00 241  1.7  2.2 99.00 99.00 99.00 999 1015.2  10.8 999.0 999.0 99.0 99.00
2023 06 28 08 00 159  2.7  2.9 99.00 99.00 99.00 999 1015.1  11.0 999.0 999.0 99.0 99.00
2023 06 28 09 00 196  1.3  1.4 99.00 99.00 99.00 999 1015.3  11.6 999.0 999.0 99.0 99.00
2023 06 28 10 00  91  5.3  6.0 99.00 99.00 99.00 999 1015.0   6.5 999.0 999.0 99.0 99.00
2023 06 28 11 00  98  4.7  5.0 99.00 99.00 99.00 999 1015.1   5.6 999.0 999.0 99.0 99.00
2023 06 28 12 00 107  5.9  6.2 99.00 99.00 99.00 999 1015.2   6.3 999.0 999.0 99.0 99.00
2023 06 28 13 00 119  4.6  4.7 99.00 99.00 99.00 999 1015.8   6.7 999.0 999.0 99.0 99.00
2023 06 28 14 00  81  2.3  2.5 99.00 99.00 99.00 999 1016.1   7.1 999.0 999.0 99.0 99.00
2023 06 28 15 00  90  3.3  3.7 99.00 99.00 99.00 999 1015.9   6.8 999.0 999.0 99.0 99.00
2023 06 28 16 00  83  1.8  2.4 99.00 99.00 99.00 999 1015.8   7.8 999.0 999.0 99.0 99.00
2023 06 28 17 00  77  2.8  3.2 99.00 99.00 99.00 999 1015.7   7.1 999.0 999.0 99.0 99.00
2023 06 28 18 00  60  3.2  3.6 99.00 99.00 99.00 999 1015.8   6.7 999.0 999.0 99.0 99.00
2023 06 28 19 00  75  3.7  3.9 99.00 99.00 99.00 999 1015.5   6.8 999.0 999.0 99.0 99.00
2023 06 28 20 00  77  3.7  3.9 99.00 99.00 99.00 999 1015.3   6.7 999.0 999.0 99.0 99.00
2023 06 28 21 00  91  4.3  4.4 99.00 99.00 99.00 999 1015.1   6.7 999.0 999.0 99.0 99.00
2023 06 28 22 00  96  3.9  4.0 99.00 99.00 99.00 999 1014.5   6.6 999.0 999.0 99.0 99.00
2023 06 28 23 00  98  4.8  5.0 99.00 99.00 99.00 999 1014.1   6.5 999.0 999.0 99.0 99.00
2023 06 29 00 00 118  2.8  3.2 99.00 99.00 99.00 999 1014.4   6.7 999.0 999.0 99.0 99.00
2023 06 29 01 00 125  2.7  3.4 99.00 99.00 99.00 999 1014.5   8.1 999.0 999.0 99.0 99.00
2023 06 29 02 00  62  5.1  5.6 99.00 99.00 99.00 999 1013.6   9.0 999.0 999.0 99.0 99.00
2023 06 29 03 00  70  6.1  6.3 99.00 99.00 99.00 999 1014.1   7.8 999.0 999.0 99.0 99.00
2023 06 29 04 00  95  6.0  6.7 99.00 99.00 99.00 999 1013.6   9.9 999.0 999.0 99.0 99.00
2023 06 29 05 00 108  6.0  6.8 99.00 99.00 99.00 999 1013.1   8.3 999.0 999.0 99.0 99.00
2023 06 29 06 00 123 10.1 11.0 99.00 99.00 99.00 999 1012.5   8.2 999.0 999.0 99.0 99.00
2023 06 29 07 00 130 11.0 11.7 99.00 99.00 99.00 999 1012.0   8.2 999.0 999.0 99.0 99.00
2023 06 29 08 00 118 11.3 12.0 99.00 99.00 99.00 999 1011.5   8.3 999.0 999.0 99.0 99.00
2023 06 29 09 00 120 11.4 12.7 99.00 99.00 99.00 999 1011.0   7.4 999.0 999.0 99.0 99.00
2023 06 29 10 00 117 10.2 11.2 99.00 99.00 99.00 999 1011.0   6.9 999.0 999.0 99.0 99.00
2023 06 29 11 00 119 11.5 12.9 99.00 99.00 99.00 999 1010.9   7.2 999.0 999.0 99.0 99.00
2023 06 29 12 00 113 10.7 11.6 99.00 99.00 99.00 999 1011.0   7.1 999.0 999.0 99.0 99.00
2023 06 29 13 00 116 10.4 11.4 99.00 99.00 99.00 999 1011.3   7.1 999.0 999.0 99.0 99.00
2023 06 29 14 00 103  5.7  6.2 99.00 99.00 99.00 999 1011.1   6.2 999.0 999.0 99.0 99.00
2023 06 29 15 00  14  1.6  2.1 99.00 99.00 99.00 999 1011.5   6.6 999.0 999.0 99.0 99.00
2023 06 29 16 00  29  3.1  3.9 99.00 99.00 99.00 999 1011.3   6.4 999.0 999.0 99.0 99.00
2023 06 29 17 00  22  3.1  4.3 99.00 99.00 99.00 999 1011.4   5.7 999.0 999.0 99.0 99.00
2023 06 29 18 00   2  3.0  3.6 99.00 99.00 99.00 999 1011.7   4.9 999.0 999.0 99.0 99.00
2023 06 29 19 00 320  2.8  3.1 99.00 99.00 99.00 999 1011.3   4.9 999.0 999.0 99.0 99.00
2023 06 29 20 00 296  3.2  3.5 99.00 99.00 99.00 999 1011.3   5.7 999.0 999.0 99.0 99.00
2023 06 29 21 00 266  2.3  3.0 99.00 99.00 99.00 999 1011.6   7.8 999.0 999.0 99.0 99.00
2023 06 29 22 00 350  0.4  0.5 99.00 99.00 99.00 999 1011.2   9.3 999.0 999.0 99.0 99.00
2023 06 29 23 00 183  3.5  3.7 99.00 99.00 99.00 999 1011.7   6.9 999.0 999.0 99.0 99.00
2023 06 30 00 00 154  4.0  4.1 99.00 99.00 99.00 999 1011.9   6.5 999.0 999.0 99.0 99.00
2023 06 30 01 00 183  1.8  1.9 99.00 99.00 99.00 999 1011.8   5.9 999.0 999.0 99.0 99.00
2023 06 30 02 00 145  2.5  2.6 99.00 99.00 99.00 999 1011.4   6.5 999.0 999.0 99.0 99.00
2023 06 30 03 00 133  1.6  2.0 99.00 99.00 99.00 999 1011.3   6.8 999.0 999.0 99.0 99.00
2023 06 30 04 00 135  2.2  2.4 99.00 99.00 99.00 999 1010.8   6.6 999.0 999.0 99.0 99.00
2023 06 30 05 00 143  1.8  2.0 99.00 99.00 99.00 999 1011.6   5.9 999.0 999.0 99.0 99.00
2023 06 30 06 00 114  6.0  6.2 99.00 99.00 99.00 999 1011.9   6.1 999.0 999.0 99.0 99.00
2023 06 30 07 00 132  7.0  7.2 99.00 99.00 99.00 999 1011.5   5.8 999.0 999.0 99.0 99.00
2023 06 30 08 00 143  4.3  4.7 99.00 99.00 99.00 999 1011.5   5.9 999.0 999.0 99.0 99.00
2023 06 30 09 00 207  1.3  1.5 99.00 99.00 99.00 999 1011.6   5.9 999.0 999.0 99.0 99.00
2023 06 30 10 00  36  2.4  3.0 99.00 99.00 99.00 999 1011.9   6.4 999.0 999.0 99.0 99.00
2023 06 30 11 00  65  4.5  4.8 99.00 99.00 99.00 999 1012.4   5.2 999.0 999.0 99.0 99.00
2023 06 30 12 00  74  3.0  3.3 99.00 99.00 99.00 999 1012.8   5.2 999.0 999.0 99.0 99.00
2023 06 30 13 00  75  2.4  2.6 99.00 99.00 99.00 999 1012.9   5.4 999.0 999.0 99.0 99.00
2023 06 30 14 00 129  2.1  2.3 99.00 99.00 99.00 999 1013.0   5.0 999.0 999.0 99.0 99.00
2023 06 30 15 00 145  1.8  2.3 99.00 99.00 99.00 999 1012.9   5.0 999.0 999.0 99.0 99.00
2023 06 30 16 00 183  4.1  4.2 99.00 99.00 99.00 999 1013.4   5.1 999.0 999.0 99.0 99.00
2023 06 30 17 00 161  3.3  3.7 99.00 99.00 99.00 999 1013.3   5.0 999.0 999.0 99.0 99.00
2023 06 30 18 00 167  3.2  3.7 99.00 99.00 99.00 999 1013.3   4.8 999.0 999.0 99.0 99.00
2023 06 30 19 00 140  2.1  2.5 99.00 99.00 99.00 999 1012.9   4.8 999.0 999.0 99.0 99.00
2023 06 30 20 00 119  3.0  3.5 99.00 99.00 99.00 999 1012.8   4.7 999.0 999.0 99.0 99.00
2023 06 30 21 00  47  1.2  1.9 99.00 99.00 99.00 999 1012.8   7.0 999.0 999.0 99.0 99.00
2023 06 30 22 00 255  5.0  5.3 99.00 99.00 99.00 999 1012.1  10.8 999.0 999.0 99.0 99.00
2023 06 30 23 00 162  4.0  4.4 99.00 99.00 99.00 999 1012.4   6.5 999.0 999.0 99.0 99.00
