#YY  MM DD hh mm WDIR WSPD GST  WVHT   DPD   APD MWD   PRES  ATMP  WTMP  DEWP  VIS  TIDE
#yr  mo dy hr mn degT m/s  m/s     m   sec   sec deg    hPa  degC  degC  degC  nmi    ft
2023 07 01 00 00 179  3.6  3.9 99.00 99.00 99.00 999 1012.3   7.7 999.0 999.0 99.0 99.00
2023 07 01 01 00 217  2.0  3.1 99.00 99.00 99.00 999 1012.0  11.6 999.0 999.0 99.0 99.00
2023 07 01 02 00 103  3.0  3.3 99.00 99.00 99.00 999 1012.4   6.2 999.0 999.0 99.0 99.00
2023 07 01 03 00 118  2.4  2.7 99.00 99.00 99.00 999 1012.9   6.5 999.0 999.0 99.0 99.00
2023 07 01 04 00 172  2.5  2.9 99.00 99.00 99.00 999 1012.7   7.9 999.0 999.0 99.0 99.00
2023 07 01 05 00 137  0.3  0.5 99.00 99.00 99.00 999 1012.7   9.5 999.0 999.0 99.0 99.00
2023 07 01 06 00  39  0.6  1.3 99.00 99.00 99.00 999 1012.7   6.8 999.0 999.0 99.0 99.00
2023 07 01 07 00 107  0.4  1.2 99.00 99.00 99.00 999 1013.0   5.2 999.0 999.0 99.0 99.00
2023 07 01 08 00  60  4.5  4.8 99.00 99.00 99.00 999 1012.8   4.5 999.0 999.0 99.0 99.00
2023 07 01 09 00  79  3.6  3.8 99.00 99.00 99.00 999 1013.0   4.1 999.0 999.0 99.0 99.00
2023 07 01 10 00  56  4.2  4.8 99.00 99.00 99.00 999 1012.9   5.5 999.0 999.0 99.0 99.00
2023 07 01 11 00  66  4.0  4.6 99.00 99.00 99.00 999 1013.4   6.7 999.0 999.0 99.0 99.00
2023 07 01 12 00 334  1.1  1.4 99.00 99.00 99.00 999 1013.8   4.9 999.0 999.0 99.0 99.00
2023 07 01 13 00 359  3.9  4.1 99.00 99.00 99.00 999 1013.9   4.7 999.0 999.0 99.0 99.00
2023 07 01 14 00  90  0.9  1.1 99.00 99.00 99.00 999 1013.9   6.1 999.0 999.0 99.0 99.00
2023 07 01 15 00   0  0.0  0.3 99.00 99.00 99.00 999 1014.1   6.5 999.0 999.0 99.0 99.00
2023 07 01 16 00 337  2.4  2.7 99.00 99.00 99.00 999 1014.2   6.4 999.0 999.0 99.0 99.00
2023 07 01 17 00 283  3.0  3.3 99.00 99.00 99.00 999 1014.0   8.8 999.0 999.0 99.0 99.00
2023 07 01 18 00 181  2.3  2.8 99.00 99.00 99.00 999 1014.2   7.3 999.0 999.0 99.0 99.00
2023 07 01 19 00 206  4.9  5.3 99.00 99.00 99.00 999 1014.1   6.1 999.0 999.0 99.0 99.00
2023 07 01 20 00 218  5.2  5.4 99.00 99.00 99.00 999 1013.7  10.7 999.0 999.0 99.0 99.00
2023 07 01 21 00 259  3.3  4.3 99.00 99.00 99.00 999 1013.5  12.8 999.0 999.0 99.0 99.00
2023 07 01 22 00 246  4.7  5.7 99.00 99.00 99.00 999 1013.9   8.6 999.0 999.0 99.0 99.00
2023 07 01 23 00 276  6.9  7.3 99.00 99.00 99.00 999 1013.2   7.8 999.0 999.0 99.0 99.00
2023 07 02 00 00 274  8.8  9.1 99.00 99.00 99.00 999 1012.7   8.6 999.0 999.0 99.0 99.00
2023 07 02 01 00 270  9.7 10.3 99.00 99.00 99.00 999 1012.7   9.0 999.0 999.0 99.0 99.00
2023 07 02 02 00 268  8.8  9.1 99.00 99.00 99.00 999 1012.8  12.3 999.0 999.0 99.0 99.00
2023 07 02 03 00 269  8.2  8.4 99.00 99.00 99.00 999 1013.3  10.7 999.0 999.0 99.0 99.00
2023 07 02 04 00 284  6.7  7.3 99.00 99.00 99.00 999 1013.5   8.8 999.0 999.0 99.0 99.00
2023 07 02 05 00 277  6.7  7.3 99.00 99.00 99.00 999 1013.1  11.1 999.0 999.0 99.0 99.00
2023 07 02 06 00 280  5.6  6.2 99.00 99.00 99.00 999 1013.0  12.9 999.0 999.0 99.0 99.00
2023 07 02 07 00 276  6.3  6.6 99.00 99.00 99.00 999 1012.9  13.6 999.0 999.0 99.0 99.00
2023 07 02 08 00 274  5.6  6.0 99.00 99.00 99.00 999 1012.6  14.1 999.0 999.0 99.0 99.00
2023 07 02 09 00 276  5.9  6.2 99.00 99.00 99.00 999 1012.2  13.7 999.0 999.0 99.0 99.00
2023 07 02 10 00 275  5.3  5.5 99.00 99.00 99.00 999 1012.0  14.4 999.0 999.0 99.0 99.00
2023 07 02 11 00 283  4.7  4.9 99.00 99.00 99.00 999 1012.5  14.5 999.0 999.0 99.0 99.00
2023 07 02 12 00 274  3.6  3.7 99.00 99.00 99.00 999 1012.8  14.2 999.0 999.0 99.0 99.00
2023 07 02 13 00 266  4.8  5.1 99.00 99.00 99.00 999 1012.9  12.6 999.0 999.0 99.0 99.00
2023 07 02 14 00 225  2.7  2.8 99.00 99.00 99.00 999 1013.1  11.6 999.0 999.0 99.0 99.00
2023 07 02 15 00 206  2.8  3.0 99.00 99.00 99.00 999 1013.3   9.2 999.0 999.0 99.0 99.00
2023 07 02 16 00 203  4.5  4.9 99.00 99.00 99.00 999 1013.4   9.0 999.0 999.0 99.0 99.00
2023 07 02 17 00 213  5.4  5.6 99.00 99.00 99.00 999 1013.2  13.4 999.0 999.0 99.0 99.00
2023 07 02 18 00 274  3.2  3.7 99.00 99.00 99.00 999 1013.1  13.5 999.0 999.0 99.0 99.00
2023 07 02 19 00 273  5.6  6.0 99.00 99.00 99.00 999 1013.0   9.2 999.0 999.0 99.0 99.00
2023 07 02 20 00 218  2.5  2.8 99.00 99.00 99.00 999 1012.9  12.7 999.0 999.0 99.0 99.00
2023 07 02 21 00 197  1.9  2.1 99.00 99.00 99.00 999 1012.5  13.5 999.0 999.0 99.0 99.00
2023 07 02 22 00 226  2.2  2.4 99.00 99.00 99.00 999 1012.6  14.0 999.0 999.0 99.0 99.00
2023 07 02 23 00 264  4.6  4.9 99.00 99.00 99.00 999 1012.3  13.9 999.0 999.0 99.0 99.00
2023 07 03 00 00 258  4.6  4.9 99.00 99.00 99.00 999 1012.4  14.0 999.0 999.0 99.0 99.00
2023 07 03 01 00 269  6.3  6.5 99.00 99.00 99.00 999 1012.2  14.1 999.0 999.0 99.0 99.00
2023 07 03 02 00 259  4.4  4.6 99.00 99.00 99.00 999 1012.1  13.6 999.0 999.0 99.0 99.00
2023 07 03 03 00 204  0.9  2.1 99.00 99.00 99.00 999 1012.2  13.8 999.0 999.0 99.0 99.00
2023 07 03 04 00 172  1.8  1.9 99.00 99.00 99.00 999 1012.2  11.2 999.0 999.0 99.0 99.00
2023 07 03 05 00 171  3.2  3.6 99.00 99.00 99.00 999 1012.3   9.1 999.0 999.0 99.0 99.00
2023 07 03 06 00 192  3.9  4.2 99.00 99.00 99.00 999 1012.1  13.2 999.0 999.0 99.0 99.00
2023 07 03 07 00 205  4.9  5.1 99.00 99.00 99.00 999 1012.5  15.6 999.0 999.0 99.0 99.00
2023 07 03 08 00 187  3.3  3.7 99.00 99.00 99.00 999 1012.7  12.0 999.0 999.0 99.0 99.00
2023 07 03 09 00 303  2.5  2.9 99.00 99.00 99.00 999 1012.5  11.6 999.0 999.0 99.0 99.00
2023 07 03 10 00 160  2.4  2.6 99.00 99.00 99.00 999 1012.7  12.0 999.0 999.0 99.0 99.00
2023 07 03 11 00 276  4.6  5.4 99.00 99.00 99.00 999 1013.1  10.7 999.0 999.0 99.0 99.00
2023 07 03 12 00 274  6.3  6.6 99.00 99.00 99.00 999 1013.2  10.0 999.0 999.0 99.0 99.00
2023 07 03 13 00 254  4.4  4.6 99.00 99.00 99.00 999 1013.5   9.8 999.0 999.0 99.0 99.00
2023 07 03 14 00 190  0.4  1.5 99.00 99.00 99.00 999 1013.5  10.9 999.0 999.0 99.0 99.00
2023 07 03 15 00 280  2.1  2.3 99.00 99.00 99.00 999 1013.5  11.8 999.0 999.0 99.0 99.00
2023 07 03 16 00   0  0.0  0.0 99.00 99.00 99.00 999 1013.6  13.8 999.0 999.0 99.0 99.00
2023 07 03 17 00 124  5.2  5.5 99.00 99.00 99.00 999 1013.8   7.0 999.0 999.0 99.0 99.00
2023 07 03 18 00 129  3.8  4.0 99.00 99.00 99.00 999 1013.7   7.3 999.0 999.0 99.0 99.00
2023 07 03 19 00 142  4.1  4.3 99.00 99.00 99.00 999 1013.4   7.4 999.0 999.0 99.0 99.00
2023 07 03 20 00 132  4.2  4.7 99.00 99.00 99.00 999 1013.2   7.7 999.0 999.0 99.0 99.00
2023 07 03 21 00 139  5.1  5.7 99.00 99.00 99.00 999 1013.2   9.1 999.0 999.0 99.0 99.00
2023 07 03 22 00 148  6.5  6.7 99.00 99.00 99.00 999 1012.6   9.4 999.0 999.0 99.0 99.00
2023 07 03 23 00 116  5.7  6.2 99.00 99.00 99.00 999 1011.6   9.6 999.0 999.0 99.0 99.00
2023 07 04 00 00 346  3.5  3.9 99.00 99.00 99.00 999 1013.6   8.6 999.0 999.0 99.0 99.00
2023 07 04 01 00  68  4.4  4.8 99.00 99.00 99.00 999 1013.4   9.1 999.0 999.0 99.0 99.00
2023 07 04 02 00  65  7.2  8.0 99.00 99.00 99.00 999 1012.6   7.9 999.0 999.0 99.0 99.00
2023 07 04 03 00  86  4.8  5.1 99.00 99.00 99.00 999 1012.6   8.0 999.0 999.0 99.0 99.00
2023 07 04 04 00  99  4.2  4.7 99.00 99.00 99.00 999 1012.7   9.8 999.0 999.0 99.0 99.00
2023 07 04 05 00  67  5.9  6.4 99.00 99.00 99.00 999 1013.1   7.2 999.0 999.0 99.0 99.00
2023 07 04 06 00  61  6.0  6.7 99.00 99.00 99.00 999 1013.3   7.1 999.0 999.0 99.0 99.00
2023 07 04 07 00  66  6.6  7.0 99.00 99.00 99.00 999 1013.2   6.6 999.0 999.0 99.0 99.00
2023 07 04 08 00  95  3.6  3.6 99.00 99.00 99.00 999 1013.4   6.5 999.0 999.0 99.0 99.00
2023 07 04 09 00  15  1.5  2.4 99.00 99.00 99.00 999 1013.7   6.6 999.0 999.0 99.0 99.00
2023 07 04 10 00  71  1.4  1.9 99.00 99.00 99.00 999 1013.6   7.3 999.0 999.0 99.0 99.00
2023 07 04 11 00  75  1.6  1.8 99.00 99.00 99.00 999 1014.1   7.9 999.0 999.0 99.0 99.00
2023 07 04 12 00 299  3.6  3.7 99.00 99.00 99.00 999 1015.1   6.3 999.0 999.0 99.0 99.00
2023 07 04 13 00 332  3.3  3.7 99.00 99.00 99.00 999 1015.5   5.8 999.0 999.0 99.0 99.00
2023 07 04 14 00   0  0.0  0.0 99.00 99.00 99.00 999 1014.3   9.7 999.0 999.0 99.0 99.00
2023 07 04 15 00 322  1.0  1.2 99.00 99.00 99.00 999 1014.8  10.4 999.0 999.0 99.0 99.00
2023 07 04 16 00 198  3.6  4.4 99.00 99.00 99.00 999 1014.9   8.1 999.0 999.0 99.0 99.00
2023 07 04 17 00 187  4.1  4.1 99.00 99.00 99.00 999 1014.7  10.8 999.0 999.0 99.0 99.00
2023 07 04 18 00 182  3.8  4.2 99.00 99.00 99.00 999 1014.4   9.3 999.0 999.0 99.0 99.00
2023 07 04 19 00 187  4.2  4.5 99.00 99.00 99.00 999 1014.6  10.0 999.0 999.0 99.0 99.00
2023 07 04 20 00 193  6.6  6.6 99.00 99.00 99.00 999 1014.3  13.1 999.0 999.0 99.0 99.00
2023 07 04 21 00 213  5.9  6.0 99.00 99.00 99.00 999 1014.1  16.3 999.0 999.0 99.0 99.00
2023 07 04 22 00 268  4.8  5.0 99.00 99.00 99.00 999 1013.5  15.3 999.0 999.0 99.0 99.00
2023 07 04 23 00 276  4.2  4.6 99.00 99.00 99.00 999 1013.8  13.2 999.0 999.0 99.0 99.00
2023 07 05 00 00 149  3.1  3.2 99.00 99.00 99.00 999 1014.1  10.4 999.0 999.0 99.0 99.00
2023 07 05 01 00 115  4.0  4.4 99.00 99.00 99.00 999 1013.5   7.9 999.0 999.0 99.0 99.00
2023 07 05 02 00 209  3.7  4.3 99.00 99.00 99.00 999 1013.3  10.5 999.0 999.0 99.0 99.00
2023 07 05 03 00 282  1.5  1.7 99.00 99.00 99.00 999 1014.1  12.7 999.0 999.0 99.0 99.00
2023 07 05 04 00  45  1.3  2.1 99.00 99.00 99.00 999 1013.9   8.2 999.0 999.0 99.0 99.00
2023 07 05 05 00  71  4.6  5.1 99.00 99.00 99.00 999 1014.4   8.6 999.0 999.0 99.0 99.00
2023 07 05 06 00  90  2.5  2.8 99.00 99.00 99.00 999 1013.8   7.4 999.0 999.0 99.0 99.00
2023 07 05 07 00 351  1.0  1.4 99.00 99.00 99.00 999 1013.6  11.3 999.0 999.0 99.0 99.00
2023 07 05 08 00  52  0.9  1.1 99.00 99.00 99.00 999 1013.8   7.9 999.0 999.0 99.0 99.00
2023 07 05 09 00 125  1.4  1.8 99.00 99.00 99.00 999 1014.0   6.1 999.0 999.0 99.0 99.00
2023 07 05 10 00  25  0.9  1.5 99.00 99.00 99.00 999 1014.1   9.0 999.0 999.0 99.0 99.00
2023 07 05 11 00  59  2.0  2.6 99.00 99.00 99.00 999 1013.7  10.1 999.0 999.0 99.0 99.00
2023 07 05 12 00   0  0.0  0.0 99.00 99.00 99.00 999 1014.0  10.7 999.0 999.0 99.0 99.00
2023 07 05 13 00 309  3.2  3.6 99.00 99.00 99.00 999 1014.3  10.5 999.0 999.0 99.0 99.00
2023 07 05 14 00 309  4.3  4.8 99.00 99.00 99.00 999 1014.3   8.9 999.0 999.0 99.0 99.00
2023 07 05 15 00 283  4.5  5.0 99.00 99.00 99.00 999 1014.5   9.1 999.0 999.0 99.0 99.00
2023 07 05 16 00 229  2.4  2.5 99.00 99.00 99.00 999 1014.6  10.3 999.0 999.0 99.0 99.00
2023 07 05 17 00 193  2.1  2.5 99.00 99.00 99.00 999 1014.8  12.3 999.0 999.0 99.0 99.00
2023 07 05 18 00 203  3.9  4.1 99.00 99.00 99.00 999 1014.6  10.8 999.0 999.0 99.0 99.00
2023 07 05 19 00 222  8.1  8.2 99.00 99.00 99.00 999 1014.9  14.3 999.0 999.0 99.0 99.00
2023 07 05 20 00 267  9.4  9.6 99.00 99.00 99.00 999 1015.4  13.0 999.0 999.0 99.0 99.00
2023 07 05 21 00 246  5.3  5.9 99.00 99.00 99.00 999 1015.4  12.5 999.0 999.0 99.0 99.00
2023 07 05 22 00 246  4.8  5.2 99.00 99.00 99.00 999 1015.5  11.7 999.0 999.0 99.0 99.00
2023 07 05 23 00 269  8.0  8.4 99.00 99.00 99.00 999 1015.5  13.0 999.0 999.0 99.0 99.00
2023 07 06 00 00 294  2.7  3.5 99.00 99.00 99.00 999 1015.8   9.6 999.0 999.0 99.0 99.00
2023 07 06 01 00   9  3.2  3.9 99.00 99.00 99.00 999 1016.3  14.6 999.0 999.0 99.0 99.00
2023 07 06 02 00 315  2.4  2.9 99.00 99.00 99.00 999 1016.9  11.9 999.0 999.0 99.0 99.00
2023 07 06 03 00   4  1.8  2.3 99.00 99.00 99.00 999 1017.6  13.6 999.0 999.0 99.0 99.00
2023 07 06 04 00   9  2.2  3.1 99.00 99.00 99.00 999 1017.7  13.3 999.0 999.0 99.0 99.00
2023 07 06 05 00 336  1.3  1.5 99.00 99.00 99.00 999 1018.1  12.0 999.0 999.0 99.0 99.00
2023 07 06 06 00 354  2.2  2.9 99.00 99.00 99.00 999 1018.2  10.7 999.0 999.0 99.0 99.00
2023 07 06 07 00   9  4.3  5.4 99.00 99.00 99.00 999 1018.2  10.0 999.0 999.0 99.0 99.00
2023 07 06 08 00   7  5.2  6.4 99.00 99.00 99.00 999 1018.4  12.2 999.0 999.0 99.0 99.00
2023 07 06 09 00   1  4.8  5.5 99.00 99.00 99.00 999 1018.6  12.6 999.0 999.0 99.0 99.00
2023 07 06 10 00   8  2.5  3.3 99.00 99.00 99.00 999 1018.8  10.6 999.0 999.0 99.0 99.00
2023 07 06 11 00 357  2.3  3.0 99.00 99.00 99.00 999 1018.7  10.8 999.0 999.0 99.0 99.00
2023 07 06 12 00 338  3.7  4.4 99.00 99.00 99.00 999 1018.9  11.1 999.0 999.0 99.0 99.00
2023 07 06 13 00 329  3.0  4.2 99.00 99.00 99.00 999 1018.8  10.5 999.0 999.0 99.0 99.00
2023 07 06 14 00 272  5.4  5.9 99.00 99.00 99.00 999 1019.0   8.2 999.0 999.0 99.0 99.00
2023 07 06 15 00 262  6.8  7.1 99.00 99.00 99.00 999 1019.0   9.4 999.0 999.0 99.0 99.00
2023 07 06 16 00 265  6.8  7.0 99.00 99.00 99.00 999 1018.9  10.7 999.0 999.0 99.0 99.00
2023 07 06 17 00 241  5.5  5.8 99.00 99.00 99.00 999 1018.8  12.9 999.0 999.0 99.0 99.00
2023 07 06 18 00 242  4.6  4.9 99.00 99.00 99.00 999 1018.2  12.3 999.0 999.0 99.0 99.00
2023 07 06 19 00 270  9.4  9.9 99.00 99.00 99.00 999 1017.4  11.0 999.0 999.0 99.0 99.00
2023 07 06 20 00 265 10.6 11.1 99.00 99.00 99.00 999 1016.9  10.0 999.0 999.0 99.0 99.00
2023 07 06 21 00 265 11.9 12.8 99.00 99.00 99.00 999 1016.9  10.7 999.0 999.0 99.0 99.00
2023 07 06 22 00 264 10.5 11.1 99.00 99.00 99.00 999 1016.5  10.3 999.0 999.0 99.0 99.00
2023 07 06 23 00 265 12.3 13.1 99.00 99.00 99.00 999 1016.3  10.3 999.0 999.0 99.0 99.00
2023 07 07 00 00 260  9.0  9.4 99.00 99.00 99.00 999 1016.1  10.0 999.0 999.0 99.0 99.00
2023 07 07 01 00 264  8.5  8.8 99.00 99.00 99.00 999 1015.9  10.3 999.0 999.0 99.0 99.00
2023 07 07 02 00 257  8.4  8.5 99.00 99.00 99.00 999 1015.5  12.3 999.0 999.0 99.0 99.00
2023 07 07 03 00 257  8.8  9.1 99.00 99.00 99.00 999 1015.8  12.8 999.0 999.0 99.0 99.00
2023 07 07 04 00 261 11.4 11.8 99.00 99.00 99.00 999 1015.6  14.0 999.0 999.0 99.0 99.00
2023 07 07 05 00 260 12.1 12.4 99.00 99.00 99.00 999 1015.5  14.3 999.0 999.0 99.0 99.00
2023 07 07 06 00 262 11.2 11.4 99.00 99.00 99.00 999 1015.1  13.4 999.0 999.0 99.0 99.00
2023 07 07 07 00 282  7.1  8.9 99.00 99.00 99.00 999 1015.2  12.3 999.0 999.0 99.0 99.00
2023 07 07 08 00 282  8.1  8.3 99.00 99.00 99.00 999 1015.5   9.5 999.0 999.0 99.0 99.00
2023 07 07 09 00 258  5.8  6.1 99.00 99.00 99.00 999 1015.1  11.6 999.0 999.0 99.0 99.00
2023 07 07 10 00 213  4.1  4.3 99.00 99.00 99.00 999 1015.1  10.3 999.0 999.0 99.0 99.00
2023 07 07 11 00 202  4.1  4.3 99.00 99.00 99.00 999 1014.8   8.7 999.0 999.0 99.0 99.00
2023 07 07 12 00 196  7.3  7.6 99.00 99.00 99.00 999 1014.5   8.2 999.0 999.0 99.0 99.00
2023 07 07 13 00 205  7.5  7.8 99.00 99.00 99.00 999 1014.6   8.5 999.0 999.0 99.0 99.00
2023 07 07 14 00 204  8.8  9.2 99.00 99.00 99.00 999 1014.5   9.6 999.0 999.0 99.0 99.00
2023 07 07 15 00 216  6.7  6.9 99.00 99.00 99.00 999 1013.8   9.2 999.0 999.0 99.0 99.00
2023 07 07 16 00 205  6.8  7.1 99.00 99.00 99.00 999 1014.0   8.7 999.0 999.0 99.0 99.00
2023 07 07 17 00 233  7.2  7.8 99.00 99.00 99.00 999 1013.9   9.5 999.0 999.0 99.0 99.00
2023 07 07 18 00 203  4.8  5.4 99.00 99.00 99.00 999 1013.6  11.3 999.0 999.0 99.0 99.00
2023 07 07 19 00 252  2.7  3.4 99.00 99.00 99.00 999 1013.2  10.8 999.0 999.0 99.0 99.00
2023 07 07 20 00 189  4.4  5.0 99.00 99.00 99.00 999 1012.8   9.3 999.0 999.0 99.0 99.00
2023 07 07 21 00 247  8.5 10.3 99.00 99.00 99.00 999 1012.3  13.6 999.0 999.0 99.0 99.00
2023 07 07 22 00 272  6.3  6.8 99.00 99.00 99.00 999 1012.4  11.2 999.0 999.0 99.0 99.00
2023 07 07 23 00 226  3.5  4.1 99.00 99.00 99.00 999 1012.1  11.3 999.0 999.0 99.0 99.00
2023 07 08 00 00 269  9.0  9.5 99.00 99.00 99.00 999 1012.1  11.4 999.0 999.0 99.0 99.00
2023 07 08 01 00 113  3.2  4.2 99.00 99.00 99.00 999 1012.6   9.3 999.0 999.0 99.0 99.00
2023 07 08 02 00 346  0.6  1.8 99.00 99.00 99.00 999 1013.3   9.5 999.0 999.0 99.0 99.00
2023 07 08 03 00 299  5.0  5.5 99.00 99.00 99.00 999 1013.4  11.2 999.0 999.0 99.0 99.00
2023 07 08 04 00 260  4.9  5.3 99.00 99.00 99.00 999 1013.2  13.4 999.0 999.0 99.0 99.00
2023 07 08 05 00 259  4.7  5.1 99.00 99.00 99.00 999 1012.8  13.0 999.0 999.0 99.0 99.00
2023 07 08 06 00 249  5.9  6.5 99.00 99.00 99.00 999 1013.5  11.5 999.0 999.0 99.0 99.00
2023 07 08 07 00 352  4.4  4.8 99.00 99.00 99.00 999 1012.8   9.3 999.0 999.0 99.0 99.00
2023 07 08 08 00 129  1.6  1.9 99.00 99.00 99.00 999 1013.6   8.8 999.0 999.0 99.0 99.00
2023 07 08 09 00  68  1.1  1.9 99.00 99.00 99.00 999 1013.8  11.0 999.0 999.0 99.0 99.00
2023 07 08 10 00   1  2.6  2.9 99.00 99.00 99.00 999 1014.2   7.6 999.0 999.0 99.0 99.00
2023 07 08 11 00 358  3.0  3.6 99.00 99.00 99.00 999 1014.5   9.9 999.0 999.0 99.0 99.00
2023 07 08 12 00 300  5.1  5.5 99.00 99.00 99.00 999 1015.5  10.2 999.0 999.0 99.0 99.00
2023 07 08 13 00  15  6.1  7.6 99.00 99.00 99.00 999 1015.1  11.5 999.0 999.0 99.0 99.00
2023 07 08 14 00  14  3.5  5.0 99.00 99.00 99.00 999 1015.7  10.6 999.0 999.0 99.0 99.00
2023 07 08 15 00  13  6.7  8.3 99.00 99.00 99.00 999 1015.5  12.2 999.0 999.0 99.0 99.00
2023 07 08 16 00  31  2.9  5.0 99.00 99.00 99.00 999 1015.8  14.1 999.0 999.0 99.0 99.00
2023 07 08 17 00  58  4.3  5.4 99.00 99.00 99.00 999 1016.0  14.2 999.0 999.0 99.0 99.00
2023 07 08 18 00  65  4.2  4.7 99.00 99.00 99.00 999 1015.5  13.8 999.0 999.0 99.0 99.00
2023 07 08 19 00  78  3.3  3.5 99.00 99.00 99.00 999 1015.1  14.0 999.0 999.0 99.0 99.00
2023 07 08 20 00 133  2.5  2.6 99.00 99.00 99.00 999 1014.9  12.7 999.0 999.0 99.0 99.00
2023 07 08 21 00 157  2.4  2.5 99.00 99.00 99.00 999 1014.5  14.2 999.0 999.0 99.0 99.00
2023 07 08 22 00 191  3.4  3.6 99.00 99.00 99.00 999 1014.2  13.9 999.0 999.0 99.0 99.00
2023 07 08 23 00 177  3.4  3.9 99.00 99.00 99.00 999 1013.7  13.9 999.0 999.0 99.0 99.00
2023 07 09 00 00 270  7.4  7.9 99.00 99.00 99.00 999 1013.8   9.3 999.0 999.0 99.0 99.00
2023 07 09 01 00 271  7.2  7.3 99.00 99.00 99.00 999 1013.8   9.2 999.0 999.0 99.0 99.00
2023 07 09 02 00 276  6.4  6.5 99.00 99.00 99.00 999 1013.6   8.4 999.0 999.0 99.0 99.00
2023 07 09 03 00 269  9.5  9.9 99.00 99.00 99.00 999 1013.9   8.6 999.0 999.0 99.0 99.00
2023 07 09 04 00 273 10.0 10.2 99.00 99.00 99.00 999 1013.6   9.5 999.0 999.0 99.0 99.00
2023 07 09 05 00 269  9.3  9.7 99.00 99.00 99.00 999 1013.6   8.7 999.0 999.0 99.0 99.00
2023 07 09 06 00 263  8.2  8.4 99.00 99.00 99.00 999 1013.3  11.7 999.0 999.0 99.0 99.00
2023 07 09 07 00 264  6.7  7.0 99.00 99.00 99.00 999 1013.2  12.6 999.0 999.0 99.0 99.00
2023 07 09 08 00 254  6.4  6.6 99.00 99.00 99.00 999 1013.0  12.7 999.0 999.0 99.0 99.00
2023 07 09 09 00 244  5.6  5.7 99.00 99.00 99.00 999 1012.5  13.2 999.0 999.0 99.0 99.00
2023 07 09 10 00 213  4.6  5.3 99.00 99.00 99.00 999 1012.2  11.9 999.0 999.0 99.0 99.00
2023 07 09 11 00 230  3.3  4.0 99.00 99.00 99.00 999 1011.9  12.0 999.0 999.0 99.0 99.00
2023 07 09 12 00 211  5.6  5.9 99.00 99.00 99.00 999 1011.6   8.6 999.0 999.0 99.0 99.00
2023 07 09 13 00 207  5.4  5.5 99.00 99.00 99.00 999 1011.4   8.1 999.0 999.0 99.0 99.00
2023 07 09 14 00 210  5.0  5.4 99.00 99.00 99.00 999 1011.1   8.5 999.0 999.0 99.0 99.00
2023 07 09 15 00 216  8.5  8.9 99.00 99.00 99.00 999 1010.9   8.5 999.0 999.0 99.0 99.00
2023 07 09 16 00 198  6.2  6.6 99.00 99.00 99.00 999 1010.6   8.1 999.0 999.0 99.0 99.00
2023 07 09 17 00 196  7.1  7.5 99.00 99.00 99.00 999 1010.1   8.6 999.0 999.0 99.0 99.00
2023 07 09 18 00 183  6.1  6.6 99.00 99.00 99.00 999 1009.6   8.7 999.0 999.0 99.0 99.00
2023 07 09 19 00 183  5.6  7.0 99.00 99.00 99.00 999 1009.2   8.3 999.0 999.0 99.0 99.00
2023 07 09 20 00 168  6.3  6.8 99.00 99.00 99.00 999 1008.3   9.5 999.0 999.0 99.0 99.00
2023 07 09 21 00 161  6.0  6.6 99.00 99.00 99.00 999 1007.4  10.6 999.0 999.0 99.0 99.00
2023 07 09 22 00 178  4.4  4.8 99.00 99.00 99.00 999 1006.6  10.1 999.0 999.0 99.0 99.00
2023 07 09 23 00 177  6.9  6.9 99.00 99.00 99.00 999 1005.1  10.4 999.0 999.0 99.0 99.00
2023 07 10 00 00 183  9.0  9.2 99.00 99.00 99.00 999 1004.4  11.9 999.0 999.0 99.0 99.00
2023 07 10 01 00 188  9.8 10.0 99.00 99.00 99.00 999 1003.6  11.1 999.0 999.0 99.0 99.00
2023 07 10 02 00 216  6.6  7.1 99.00 99.00 99.00 999 1004.3  10.9 999.0 999.0 99.0 99.00
2023 07 10 03 00 290  6.7  7.1 99.00 99.00 99.00 999 1004.1  15.1 999.0 999.0 99.0 99.00
2023 07 10 04 00 248  5.8  6.2 99.00 99.00 99.00 999 1004.4  13.0 999.0 999.0 99.0 99.00
2023 07 10 05 00 206  7.3  7.6 99.00 99.00 99.00 999 1003.1  13.8 999.0 999.0 99.0 99.00
2023 07 10 06 00 125  0.6  1.2 99.00 99.00 99.00 999 1003.3  12.9 999.0 999.0 99.0 99.00
2023 07 10 07 00 216  7.1  7.4 99.00 99.00 99.00 999 1003.4  14.3 999.0 999.0 99.0 99.00
2023 07 10 08 00 224  6.7  7.2 99.00 99.00 99.00 999 1003.5  15.6 999.0 999.0 99.0 99.00
2023 07 10 09 00 298  3.9  4.7 99.00 99.00 99.00 999 1002.7  12.1 999.0 999.0 99.0 99.00
2023 07 10 10 00 235  5.4  5.8 99.00 99.00 99.00 999 1002.4  11.2 999.0 999.0 99.0 99.00
2023 07 10 11 00 243  7.8  8.5 99.00 99.00 99.00 999 1002.9  13.1 999.0 999.0 99.0 99.00
2023 07 10 12 00 261 11.5 12.4 99.00 99.00 99.00 999 1003.5  13.1 999.0 999.0 99.0 99.00
2023 07 10 13 00 265 13.2 13.7 99.00 99.00 99.00 999 1004.1  10.8 999.0 999.0 99.0 99.00
2023 07 10 14 00 341  5.0  5.8 99.00 99.00 99.00 999 1005.9  10.5 999.0 999.0 99.0 99.00
2023 07 10 15 00 355  3.4  4.7 99.00 99.00 99.00 999 1006.4  10.9 999.0 999.0 99.0 99.00
2023 07 10 16 00   5  2.4  4.0 99.00 99.00 99.00 999 1006.9  13.9 999.0 999.0 99.0 99.00
2023 07 10 17 00 127  1.9  2.2 99.00 99.00 99.00 999 1007.5  11.8 999.0 999.0 99.0 99.00
2023 07 10 18 00 147  2.9  3.0 99.00 99.00 99.00 999 1007.7  13.3 999.0 999.0 99.0 99.00
2023 07 10 19 00 197  7.3  7.7 99.00 99.00 99.00 999 1007.8  10.7 999.0 999.0 99.0 99.00
2023 07 10 20 00 205  8.8  9.2 99.00 99.00 99.00 999 1008.1   9.5 999.0 999.0 99.0 99.00
2023 07 10 21 00 200  7.5  7.9 99.00 99.00 99.00 999 1008.0  10.0 999.0 999.0 99.0 99.00
2023 07 10 22 00 214  8.8  8.9 99.00 99.00 99.00 999 1008.0  12.6 999.0 999.0 99.0 99.00
2023 07 10 23 00 255  6.1  6.6 99.00 99.00 99.00 999 1007.9  11.4 999.0 999.0 99.0 99.00
2023 07 11 00 00 275  4.8  5.1 99.00 99.00 99.00 999 1007.4  13.1 999.0 999.0 99.0 99.00
2023 07 11 01 00 214  3.2  3.9 99.00 99.00 99.00 999 1007.0  13.7 999.0 999.0 99.0 99.00
2023 07 11 02 00 305  5.5  5.9 99.00 99.00 99.00 999 1008.1   9.1 999.0 999.0 99.0 99.00
2023 07 11 03 00   9  2.7  2.9 99.00 99.00 99.00 999 1008.9  12.6 999.0 999.0 99.0 99.00
2023 07 11 04 00 271  3.8  4.4 99.00 99.00 99.00 999 1009.3  12.3 999.0 999.0 99.0 99.00
2023 07 11 05 00 285  4.2  4.6 99.00 99.00 99.00 999 1009.6  11.1 999.0 999.0 99.0 99.00
2023 07 11 06 00 278  6.7  6.9 99.00 99.00 99.00 999 1009.6  11.8 999.0 999.0 99.0 99.00
2023 07 11 07 00 264  7.5  7.8 99.00 99.00 99.00 999 1009.9  11.4 999.0 999.0 99.0 99.00
2023 07 11 08 00 275  9.0  9.2 99.00 99.00 99.00 999 1010.3   9.1 999.0 999.0 99.0 99.00
2023 07 11 09 00 275  9.3  9.9 99.00 99.00 99.00 999 1010.6   9.9 999.0 999.0 99.0 99.00
2023 07 11 10 00 272 10.5 10.9 99.00 99.00 99.00 999 1010.8   9.4 999.0 999.0 99.0 99.00
2023 07 11 11 00 273  8.2  8.8 99.00 99.00 99.00 999 1011.6   8.3 999.0 999.0 99.0 99.00
2023 07 11 12 00 271  8.3  8.7 99.00 99.00 99.00 999 1011.9   8.6 999.0 999.0 99.0 99.00
2023 07 11 13 00 264 10.1 10.5 99.00 99.00 99.00 999 1011.5   9.3 999.0 999.0 99.0 99.00
2023 07 11 14 00 263 12.3 12.7 99.00 99.00 99.00 999 1011.4  10.7 999.0 999.0 99.0 99.00
2023 07 11 15 00 265 11.6 12.0 99.00 99.00 99.00 999 1011.8  11.7 999.0 999.0 99.0 99.00
2023 07 11 16 00 264  7.3  7.6 99.00 99.00 99.00 999 1012.9   9.5 999.0 999.0 99.0 99.00
2023 07 11 17 00 279  7.8  7.9 99.00 99.00 99.00 999 1013.1  13.3 999.0 999.0 99.0 99.00
2023 07 11 18 00 263 12.0 12.4 99.00 99.00 99.00 999 1013.4  12.8 999.0 999.0 99.0 99.00
2023 07 11 19 00 280  8.0  8.3 99.00 99.00 99.00 999 1013.3  12.9 999.0 999.0 99.0 99.00
2023 07 11 20 00 263  9.9 10.0 99.00 99.00 99.00 999 1013.2  13.7 999.0 999.0 99.0 99.00
2023 07 11 21 00 259  9.3  9.4 99.00 99.00 99.00 999 1013.6  15.4 999.0 999.0 99.0 99.00
2023 07 11 22 00 223  6.3  6.6 99.00 99.00 99.00 999 1014.3  12.3 999.0 999.0 99.0 99.00
2023 07 11 23 00 280  6.7  7.3 99.00 99.00 99.00 999 1014.6   9.6 999.0 999.0 99.0 99.00
2023 07 12 00 00 251  4.8  5.1 99.00 99.00 99.00 999 1014.5  10.7 999.0 999.0 99.0 99.00
2023 07 12 01 00 256  4.5  4.7 99.00 99.00 99.00 999 1014.2  12.0 999.0 999.0 99.0 99.00
2023 07 12 02 00 230  1.4  1.6 99.00 99.00 99.00 999 1014.5  12.0 999.0 999.0 99.0 99.00
2023 07 12 03 00 194  2.8  3.2 99.00 99.00 99.00 999 1014.7  10.1 999.0 999.0 99.0 99.00
2023 07 12 04 00 208  4.2  4.9 99.00 99.00 99.00 999 1014.3  13.3 999.0 999.0 99.0 99.00
2023 07 12 05 00 239  3.6  3.9 99.00 99.00 99.00 999 1014.2  11.1 999.0 999.0 99.0 99.00
2023 07 12 06 00 261  4.0  4.3 99.00 99.00 99.00 999 1014.3   9.9 999.0 999.0 99.0 99.00
2023 07 12 07 00 217  3.9  4.0 99.00 99.00 99.00 999 1014.2   8.5 999.0 999.0 99.0 99.00
2023 07 12 08 00 261  5.7  6.0 99.00 99.00 99.00 999 1014.0   9.4 999.0 999.0 99.0 99.00
2023 07 12 09 00 267  8.2  8.4 99.00 99.00 99.00 999 1014.3  14.1 999.0 999.0 99.0 99.00
2023 07 12 10 00 275  8.2  8.5 99.00 99.00 99.00 999 1014.6  13.3 999.0 999.0 99.0 99.00
2023 07 12 11 00 284  6.2  6.4 99.00 99.00 99.00 999 1014.3  13.4 999.0 999.0 99.0 99.00
2023 07 12 12 00 303  5.0  5.5 99.00 99.00 99.00 999 1014.4  12.3 999.0 999.0 99.0 99.00
2023 07 12 13 00 318  0.8  1.1 99.00 99.00 99.00 999 1014.8  10.9 999.0 999.0 99.0 99.00
2023 07 12 14 00 116  0.2  0.6 99.00 99.00 99.00 999 1014.9   9.0 999.0 999.0 99.0 99.00
2023 07 12 15 00  66  0.8  1.0 99.00 99.00 99.00 999 1015.2   9.2 999.0 999.0 99.0 99.00
2023 07 12 16 00  20  0.1  0.5 99.00 99.00 99.00 999 1015.0  11.7 999.0 999.0 99.0 99.00
2023 07 12 17 00  90  0.6  0.8 99.00 99.00 99.00 999 1015.6  10.2 999.0 999.0 99.0 99.00
2023 07 12 18 00  71  3.0  3.1 99.00 99.00 99.00 999 1015.3   9.0 999.0 999.0 99.0 99.00
2023 07 12 19 00  86  4.2  4.4 99.00 99.00 99.00 999 1014.6   8.6 999.0 999.0 99.0 99.00
2023 07 12 20 00 104  4.4  4.8 99.00 99.00 99.00 999 1014.0   8.1 999.0 999.0 99.0 99.00
2023 07 12 21 00 128  3.1  3.3 99.00 99.00 99.00 999 1013.8   7.6 999.0 999.0 99.0 99.00
2023 07 12 22 00 170  4.2  4.6 99.00 99.00 99.00 999 1013.5   8.1 999.0 999.0 99.0 99.00
2023 07 12 23 00 181  4.0  4.1 99.00 99.00 99.00 999 1013.1   8.8 999.0 999.0 99.0 99.00
2023 07 13 00 00 182  3.2  3.3 99.00 99.00 99.00 999 1012.9   9.3 999.0 999.0 99.0 99.00
2023 07 13 01 00 197  3.0  3.4 99.00 99.00 99.00 999 1012.9   9.9 999.0 999.0 99.0 99.00
2023 07 13 02 00 170  3.2  3.7 99.00 99.00 99.00 999 1012.8   8.9 999.0 999.0 99.0 99.00
2023 07 13 03 00 175  5.5  5.6 99.00 99.00 99.00 999 1012.7   9.9 999.0 999.0 99.0 99.00
2023 07 13 04 00 176  3.3  3.6 99.00 99.00 99.00 999 1012.1  10.7 999.0 999.0 99.0 99.00
2023 07 13 05 00 350  1.9  2.5 99.00 99.00 99.00 999 1012.0  10.1 999.0 999.0 99.0 99.00
2023 07 13 06 00  59  4.8  5.3 99.00 99.00 99.00 999 1011.8   8.2 999.0 999.0 99.0 99.00
2023 07 13 07 00  75  4.0  4.4 99.00 99.00 99.00 999 1011.6   7.1 999.0 999.0 99.0 99.00
2023 07 13 08 00  90  3.3  4.1 99.00 99.00 99.00 999 1011.3   7.4 999.0 999.0 99.0 99.00
2023 07 13 09 00  88  3.1  3.3 99.00 99.00 99.00 999 1011.2   7.4 999.0 999.0 99.0 99.00
2023 07 13 10 00 112  2.1  2.3 99.00 99.00 99.00 999 1011.3   7.0 999.0 999.0 99.0 99.00
2023 07 13 11 00 168  1.8  2.0 99.00 99.00 99.00 999 1011.2   8.2 999.0 999.0 99.0 99.00
2023 07 13 12 00 132  2.2  2.4 99.00 99.00 99.00 999 1011.4   7.3 999.0 999.0 99.0 99.00
2023 07 13 13 00 188  3.8  3.9 99.00 99.00 99.00 999 1011.2   8.7 999.0 999.0 99.0 99.00
2023 07 13 14 00 204  4.8  5.2 99.00 99.00 99.00 999 1010.8   8.7 999.0 999.0 99.0 99.00
2023 07 13 15 00 208  4.6  4.8 99.00 99.00 99.00 999 1010.4  10.2 999.0 999.0 99.0 99.00
2023 07 13 16 00 220  3.7  3.9 99.00 99.00 99.00 999 1010.4  11.0 999.0 999.0 99.0 99.00
2023 07 13 17 00 219  2.2  2.3 99.00 99.00 99.00 999 1010.0  11.6 999.0 999.0 99.0 99.00
2023 07 13 18 00 172  2.3  2.7 99.00 99.00 99.00 999 1009.4  10.6 999.0 999.0 99.0 99.00
2023 07 13 19 00 189  4.3  4.7 99.00 99.00 99.00 999 1008.9  10.1 999.0 999.0 99.0 99.00
2023 07 13 20 00 203  6.6  7.0 99.00 99.00 99.00 999 1008.7  10.8 999.0 999.0 99.0 99.00
2023 07 13 21 00 189  5.9  6.2 99.00 99.00 99.00 999 1008.2  10.1 999.0 999.0 99.0 99.00
2023 07 13 22 00 180  6.0  6.3 99.00 99.00 99.00 999 1007.7   9.2 999.0 999.0 99.0 99.00
2023 07 13 23 00 184  6.0  6.4 99.00 99.00 99.00 999 1007.3   9.2 999.0 999.0 99.0 99.00
2023 07 14 00 00 173  6.1  6.6 99.00 99.00 99.00 999 1007.2   9.3 999.0 999.0 99.0 99.00
2023 07 14 01 00 203  2.6  3.1 99.00 99.00 99.00 999 1007.1   8.9 999.0 999.0 99.0 99.00
2023 07 14 02 00 190  7.4  7.5 99.00 99.00 99.00 999 1006.8  10.7 999.0 999.0 99.0 99.00
2023 07 14 03 00 183  5.8  6.0 99.00 99.00 99.00 999 1006.8  12.8 999.0 999.0 99.0 99.00
2023 07 14 04 00 180  5.7  5.8 99.00 99.00 99.00 999 1006.5  13.0 999.0 999.0 99.0 99.00
2023 07 14 05 00 307  2.5  3.8 99.00 99.00 99.00 999 1006.2  10.8 999.0 999.0 99.0 99.00
2023 07 14 06 00 205  2.3  2.5 99.00 99.00 99.00 999 1005.3  11.4 999.0 999.0 99.0 99.00
2023 07 14 07 00 230  3.6  4.2 99.00 99.00 99.00 999 1005.5  11.5 999.0 999.0 99.0 99.00
2023 07 14 08 00 339  2.4  2.8 99.00 99.00 99.00 999 1005.3  10.8 999.0 999.0 99.0 99.00
2023 07 14 09 00  94  2.2  2.7 99.00 99.00 99.00 999 1005.3   9.3 999.0 999.0 99.0 99.00
2023 07 14 10 00 190  2.6  2.8 99.00 99.00 99.00 999 1005.0  12.0 999.0 999.0 99.0 99.00
2023 07 14 11 00 193  2.3  2.9 99.00 99.00 99.00 999 1005.0  12.7 999.0 999.0 99.0 99.00
2023 07 14 12 00 231  2.4  2.9 99.00 99.00 99.00 999 1005.4  13.0 999.0 999.0 99.0 99.00
2023 07 14 13 00 320  3.5  3.7 99.00 99.00 99.00 999 1005.7  12.9 999.0 999.0 99.0 99.00
2023 07 14 14 00 319  0.7  1.3 99.00 99.00 99.00 999 1005.8  12.4 999.0 999.0 99.0 99.00
2023 07 14 15 00  34  1.0  1.7 99.00 99.00 99.00 999 1006.2  10.8 999.0 999.0 99.0 99.00
2023 07 14 16 00 157  1.0  1.5 99.00 99.00 99.00 999 1006.6  12.1 999.0 999.0 99.0 99.00
2023 07 14 17 00 164  2.0  2.1 99.00 99.00 99.00 999 1006.9  12.5 999.0 999.0 99.0 99.00
2023 07 14 18 00 205  4.0  4.5 99.00 99.00 99.00 999 1007.2  12.2 999.0 999.0 99.0 99.00
2023 07 14 19 00 269  5.0  5.3 99.00 99.00 99.00 999 1007.1  12.9 999.0 999.0 99.0 99.00
2023 07 14 20 00 198  2.5  3.2 99.00 99.00 99.00 999 1007.0  13.4 999.0 999.0 99.0 99.00
2023 07 14 21 00 180  2.9  3.0 99.00 99.00 99.00 999 1006.6  11.4 999.0 999.0 99.0 99.00
2023 07 14 22 00 155  2.9  3.7 99.00 99.00 99.00 999 1005.7  11.4 999.0 999.0 99.0 99.00
2023 07 14 23 00 146  2.4  2.9 99.00 99.00 99.00 999 1005.8  11.0 999.0 999.0 99.0 99.00
2023 07 15 00 00 196  5.0  5.4 99.00 99.00 99.00 999 1006.0  10.2 999.0 999.0 99.0 99.00
2023 07 15 01 00 104  5.4  6.5 99.00 99.00 99.00 999 1006.4   9.0 999.0 999.0 99.0 99.00
2023 07 15 02 00 129  5.4  5.7 99.00 99.00 99.00 999 1006.1   8.5 999.0 999.0 99.0 99.00
2023 07 15 03 00 162  7.1  7.5 99.00 99.00 99.00 999 1006.5  11.2 999.0 999.0 99.0 99.00
2023 07 15 04 00 170  5.9  6.1 99.00 99.00 99.00 999 1006.3  11.4 999.0 999.0 99.0 99.00
2023 07 15 05 00  74  1.6  1.8 99.00 99.00 99.00 999 1006.2  11.1 999.0 999.0 99.0 99.00
2023 07 15 06 00  41  2.9  3.8 99.00 99.00 99.00 999 1006.6   9.6 999.0 999.0 99.0 99.00
2023 07 15 07 00  23  2.6  3.4 99.00 99.00 99.00 999 1006.4   8.3 999.0 999.0 99.0 99.00
2023 07 15 08 00 352  1.4  1.8 99.00 99.00 99.00 999 1006.5   8.2 999.0 999.0 99.0 99.00
2023 07 15 09 00 350  1.3  1.7 99.00 99.00 99.00 999 1006.3   9.2 999.0 999.0 99.0 99.00
2023 07 15 10 00 279  1.6  1.9 99.00 99.00 99.00 999 1006.9   8.8 999.0 999.0 99.0 99.00
2023 07 15 11 00 257  1.2  1.4 99.00 99.00 99.00 999 1007.2   9.3 999.0 999.0 99.0 99.00
2023 07 15 12 00 230  1.8  2.0 99.00 99.00 99.00 999 1007.8   9.5 999.0 999.0 99.0 99.00
2023 07 15 13 00 195  1.8  2.0 99.00 99.00 99.00 999 1008.1   9.4 999.0 999.0 99.0 99.00
2023 07 15 14 00 272  2.4  2.6 99.00 99.00 99.00 999 1008.4  11.0 999.0 999.0 99.0 99.00
2023 07 15 15 00 293  2.8  3.3 99.00 99.00 99.00 999 1008.8  10.8 999.0 999.0 99.0 99.00
2023 07 15 16 00 299  6.3  6.4 99.00 99.00 99.00 999 1008.5  12.0 999.0 999.0 99.0 99.00
2023 07 15 17 00 281  5.3  5.4 99.00 99.00 99.00 999 1008.7  11.6 999.0 999.0 99.0 99.00
2023 07 15 18 00 269  6.0  6.4 99.00 99.00 99.00 999 1008.8  14.1 999.0 999.0 99.0 99.00
2023 07 15 19 00 206  3.7  3.9 99.00 99.00 99.00 999 1009.0  12.2 999.0 999.0 99.0 99.00
2023 07 15 20 00 207  6.3  6.7 99.00 99.00 99.00 999 1009.2  10.8 999.0 999.0 99.0 99.00
2023 07 15 21 00 210  6.2  6.6 99.00 99.00 99.00 999 1009.0  11.5 999.0 999.0 99.0 99.00
2023 07 15 22 00 214  9.9 10.6 99.00 99.00 99.00 999 1009.1  13.0 999.0 999.0 99.0 99.00
2023 07 15 23 00 261  9.8 10.1 99.00 99.00 99.00 999 1009.0  13.2 999.0 999.0 99.0 99.00
2023 07 16 00 00 251  5.6  6.1 99.00 99.00 99.00 999 1009.1  14.5 999.0 999.0 99.0 99.00
2023 07 16 01 00 220  2.9  3.1 99.00 99.00 99.00 999 1009.1  13.3 999.0 999.0 99.0 99.00
2023 07 16 02 00 258  5.5  5.9 99.00 99.00 99.00 999 1009.0  14.2 999.0 999.0 99.0 99.00
2023 07 16 03 00 269  2.0  2.5 99.00 99.00 99.00 999 1009.3  12.4 999.0 999.0 99.0 99.00
2023 07 16 04 00 259  4.7  6.5 99.00 99.00 99.00 999 1009.2  12.8 999.0 999.0 99.0 99.00
2023 07 16 05 00 255  6.0  6.4 99.00 99.00 99.00 999 1008.8  12.2 999.0 999.0 99.0 99.00
2023 07 16 06 00 253  4.9  5.1 99.00 99.00 99.00 999 1008.8  13.1 999.0 999.0 99.0 99.00
2023 07 16 07 00 267  8.0  8.2 99.00 99.00 99.00 999 1008.5  15.1 999.0 999.0 99.0 99.00
2023 07 16 08 00 271  7.6  7.8 99.00 99.00 99.00 999 1008.5  13.4 999.0 999.0 99.0 99.00
2023 07 16 09 00 269  8.9  9.1 99.00 99.00 99.00 999 1008.3  13.9 999.0 999.0 99.0 99.00
2023 07 16 10 00 260  8.1  8.2 99.00 99.00 99.00 999 1008.3  14.3 999.0 999.0 99.0 99.00
2023 07 16 11 00 266  9.1  9.2 99.00 99.00 99.00 999 1008.3  13.2 999.0 999.0 99.0 99.00
2023 07 16 12 00 263  7.7  8.0 99.00 99.00 99.00 999 1008.4  13.2 999.0 999.0 99.0 99.00
2023 07 16 13 00 263  7.3  7.7 99.00 99.00 99.00 999 1008.4  13.8 999.0 999.0 99.0 99.00
2023 07 16 14 00 233  3.6  3.9 99.00 99.00 99.00 999 1008.4  13.1 999.0 999.0 99.0 99.00
2023 07 16 15 00 205  3.9  4.1 99.00 99.00 99.00 999 1008.4  11.5 999.0 999.0 99.0 99.00
2023 07 16 16 00 192  4.8  4.9 99.00 99.00 99.00 999 1008.3  10.5 999.0 999.0 99.0 99.00
2023 07 16 17 00 175  3.6  3.8 99.00 99.00 99.00 999 1008.1  10.4 999.0 999.0 99.0 99.00
2023 07 16 18 00 199  3.5  4.0 99.00 99.00 99.00 999 1008.0  10.4 999.0 999.0 99.0 99.00
2023 07 16 19 00 219  4.4  4.9 99.00 99.00 99.00 999 1007.7  12.5 999.0 999.0 99.0 99.00
2023 07 16 20 00 259  8.8  9.5 99.00 99.00 99.00 999 1008.0  12.8 999.0 999.0 99.0 99.00
2023 07 16 21 00 249  2.0  2.2 99.00 99.00 99.00 999 1007.5  12.5 999.0 999.0 99.0 99.00
2023 07 16 22 00 155  4.3  4.4 99.00 99.00 99.00 999 1007.3  11.6 999.0 999.0 99.0 99.00
2023 07 16 23 00 230  5.6  6.1 99.00 99.00 99.00 999 1007.7  10.5 999.0 999.0 99.0 99.00
2023 07 17 00 00 189  4.4  4.7 99.00 99.00 99.00 999 1007.2  10.7 999.0 999.0 99.0 99.00
2023 07 17 01 00 206  5.1  5.4 99.00 99.00 99.00 999 1007.2  10.4 999.0 999.0 99.0 99.00
2023 07 17 02 00 179  2.8  3.1 99.00 99.00 99.00 999 1007.6  10.3 999.0 999.0 99.0 99.00
2023 07 17 03 00 202  0.6  0.9 99.00 99.00 99.00 999 1007.8  10.9 999.0 999.0 99.0 99.00
2023 07 17 04 00 229  1.3  1.5 99.00 99.00 99.00 999 1007.8  11.2 999.0 999.0 99.0 99.00
2023 07 17 05 00 279  2.6  3.1 99.00 99.00 99.00 999 1007.9  11.0 999.0 999.0 99.0 99.00
2023 07 17 06 00 155  0.2  0.5 99.00 99.00 99.00 999 1007.7  10.5 999.0 999.0 99.0 99.00
2023 07 17 07 00 255  3.3  3.4 99.00 99.00 99.00 999 1007.5  11.2 999.0 999.0 99.0 99.00
2023 07 17 08 00 244  2.1  2.8 99.00 99.00 99.00 999 1007.3  11.3 999.0 999.0 99.0 99.00
2023 07 17 09 00 265  6.9  7.3 99.00 99.00 99.00 999 1007.2  11.9 999.0 999.0 99.0 99.00
2023 07 17 10 00 266  8.2  8.4 99.00 99.00 99.00 999 1007.2  11.9 999.0 999.0 99.0 99.00
2023 07 17 11 00 271  6.6  6.9 99.00 99.00 99.00 999 1007.5  11.3 999.0 999.0 99.0 99.00
2023 07 17 12 00 298  5.7  5.9 99.00 99.00 99.00 999 1007.7  12.0 999.0 999.0 99.0 99.00
2023 07 17 13 00 356  2.8  3.4 99.00 99.00 99.00 999 1008.5   9.8 999.0 999.0 99.0 99.00
2023 07 17 14 00 328  8.2  8.7 99.00 99.00 99.00 999 1008.9  11.4 999.0 999.0 99.0 99.00
2023 07 17 15 00 324  6.4  6.8 99.00 99.00 99.00 999 1009.5  11.3 999.0 999.0 99.0 99.00
2023 07 17 16 00 323  8.8  9.1 99.00 99.00 99.00 999 1009.9  12.4 999.0 999.0 99.0 99.00
2023 07 17 17 00 312  5.6  5.8 99.00 99.00 99.00 999 1010.3  12.6 999.0 999.0 99.0 99.00
2023 07 17 18 00 273  5.4  5.6 99.00 99.00 99.00 999 1010.7  13.3 999.0 999.0 99.0 99.00
2023 07 17 19 00 265  6.5  7.2 99.00 99.00 99.00 999 1010.6  12.3 999.0 999.0 99.0 99.00
2023 07 17 20 00 261  7.7  8.1 99.00 99.00 99.00 999 1010.6  14.4 999.0 999.0 99.0 99.00
2023 07 17 21 00 271  6.6  6.8 99.00 99.00 99.00 999 1010.7  13.4 999.0 999.0 99.0 99.00
2023 07 17 22 00 266  7.3  7.6 99.00 99.00 99.00 999 1011.0  12.5 999.0 999.0 99.0 99.00
2023 07 17 23 00 262  8.6  8.8 99.00 99.00 99.00 999 1011.0  13.8 999.0 999.0 99.0 99.00
2023 07 18 00 00 263  7.7  8.0 99.00 99.00 99.00 999 1011.3  13.3 999.0 999.0 99.0 99.00
2023 07 18 01 00 267  6.8  7.1 99.00 99.00 99.00 999 1011.6  12.8 999.0 999.0 99.0 99.00
2023 07 18 02 00 264  8.2  8.8 99.00 99.00 99.00 999 1011.9  12.7 999.0 999.0 99.0 99.00
2023 07 18 03 00 271  8.0  8.4 99.00 99.00 99.00 999 1012.4  12.6 999.0 999.0 99.0 99.00
2023 07 18 04 00 273  6.1  6.4 99.00 99.00 99.00 999 1012.6  11.8 999.0 999.0 99.0 99.00
2023 07 18 05 00 268  6.6  6.7 99.00 99.00 99.00 999 1012.8  12.0 999.0 999.0 99.0 99.00
2023 07 18 06 00 269  6.6  6.8 99.00 99.00 99.00 999 1012.7  12.0 999.0 999.0 99.0 99.00
2023 07 18 07 00 302  3.4  3.7 99.00 99.00 99.00 999 1012.7  12.7 999.0 999.0 99.0 99.00
2023 07 18 08 00 276  4.0  4.2 99.00 99.00 99.00 999 1012.9  11.7 999.0 999.0 99.0 99.00
2023 07 18 09 00 300  3.6  4.0 99.00 99.00 99.00 999 1012.8  12.1 999.0 999.0 99.0 99.00
2023 07 18 10 00 278  3.9  4.0 99.00 99.00 99.00 999 1013.2  12.6 999.0 999.0 99.0 99.00
2023 07 18 11 00 286  5.3  5.4 99.00 99.00 99.00 999 1014.0  13.5 999.0 999.0 99.0 99.00
2023 07 18 12 00 281  5.9  6.1 99.00 99.00 99.00 999 1014.5  12.9 999.0 999.0 99.0 99.00
2023 07 18 13 00 277  4.4  4.6 99.00 99.00 99.00 999 1015.2  12.8 999.0 999.0 99.0 99.00
2023 07 18 14 00 294  3.2  3.4 99.00 99.00 99.00 999 1015.2  13.3 999.0 999.0 99.0 99.00
2023 07 18 15 00 287  3.3  3.4 99.00 99.00 99.00 999 1015.4  12.4 999.0 999.0 99.0 99.00
2023 07 18 16 00 267  3.0  3.2 99.00 99.00 99.00 999 1015.7  12.0 999.0 999.0 99.0 99.00
2023 07 18 17 00 330  1.4  1.8 99.00 99.00 99.00 999 1015.6  13.5 999.0 999.0 99.0 99.00
2023 07 18 18 00 261  2.5  2.9 99.00 99.00 99.00 999 1015.9  13.3 999.0 999.0 99.0 99.00
2023 07 18 19 00 240  1.6  2.0 99.00 99.00 99.00 999 1016.5  14.4 999.0 999.0 99.0 99.00
2023 07 18 20 00 215  3.7  4.1 99.00 99.00 99.00 999 1016.8  13.5 999.0 999.0 99.0 99.00
2023 07 18 21 00 241  3.7  4.0 99.00 99.00 99.00 999 1016.7  14.5 999.0 999.0 99.0 99.00
2023 07 18 22 00 274  6.0  6.3 99.00 99.00 99.00 999 1016.5  13.1 999.0 999.0 99.0 99.00
2023 07 18 23 00 271  6.6  7.0 99.00 99.00 99.00 999 1016.4  12.8 999.0 999.0 99.0 99.00
2023 07 19 00 00 262  5.3  5.6 99.00 99.00 99.00 999 1016.6  13.6 999.0 999.0 99.0 99.00
2023 07 19 01 00 255  6.0  6.5 99.00 99.00 99.00 999 1016.7  14.2 999.0 999.0 99.0 99.00
2023 07 19 02 00 277  3.7  3.8 99.00 99.00 99.00 999 1017.3  13.6 999.0 999.0 99.0 99.00
2023 07 19 03 00 269  5.0  5.2 99.00 99.00 99.00 999 1017.8  14.4 999.0 999.0 99.0 99.00
2023 07 19 04 00 284  4.6  4.7 99.00 99.00 99.00 999 1017.9  13.3 999.0 999.0 99.0 99.00
2023 07 19 05 00 292  3.8  4.1 99.00 99.00 99.00 999 1017.9  13.1 999.0 999.0 99.0 99.00
2023 07 19 06 00 301  3.1  3.6 99.00 99.00 99.00 999 1018.3  12.7 999.0 999.0 99.0 99.00
2023 07 19 07 00 298  3.7  3.8 99.00 99.00 99.00 999 1018.5  12.9 999.0 999.0 99.0 99.00
2023 07 19 08 00 245  2.5  2.5 99.00 99.00 99.00 999 1018.3  12.4 999.0 999.0 99.0 99.00
2023 07 19 09 00 275  2.6  2.7 99.00 99.00 99.00 999 1018.4  12.5 999.0 999.0 99.0 99.00
2023 07 19 10 00 259  1.5  1.8 99.00 99.00 99.00 999 1018.7  12.0 999.0 999.0 99.0 99.00
2023 07 19 11 00 262  1.4  1.7 99.00 99.00 99.00 999 1019.0  12.2 999.0 999.0 99.0 99.00
2023 07 19 12 00 242  0.6  0.8 99.00 99.00 99.00 999 1018.8  12.7 999.0 999.0 99.0 99.00
2023 07 19 13 00 106  1.4  1.5 99.00 99.00 99.00 999 1018.7  11.9 999.0 999.0 99.0 99.00
2023 07 19 14 00 225  1.6  1.7 99.00 99.00 99.00 999 1018.8  12.1 999.0 999.0 99.0 99.00
2023 07 19 15 00 189  2.2  2.9 99.00 99.00 99.00 999 1018.4  12.3 999.0 999.0 99.0 99.00
2023 07 19 16 00 140  0.7  0.9 99.00 99.00 99.00 999 1018.8  12.6 999.0 999.0 99.0 99.00
2023 07 19 17 00  80  2.7  2.8 99.00 99.00 99.00 999 1018.4  11.2 999.0 999.0 99.0 99.00
2023 07 19 18 00  84  4.4  4.7 99.00 99.00 99.00 999 1018.2  11.0 999.0 999.0 99.0 99.00
2023 07 19 19 00 150  4.8  5.1 99.00 99.00 99.00 999 1018.6  11.1 999.0 999.0 99.0 99.00
2023 07 19 20 00 110  3.6  4.1 99.00 99.00 99.00 999 1018.4  10.7 999.0 999.0 99.0 99.00
2023 07 19 21 00 135  3.4  3.8 99.00 99.00 99.00 999 1018.2  10.3 999.0 999.0 99.0 99.00
2023 07 19 22 00 115  4.3  4.7 99.00 99.00 99.00 999 1017.7  10.4 999.0 999.0 99.0 99.00
2023 07 19 23 00 106  4.9  5.3 99.00 99.00 99.00 999 1017.2  10.4 999.0 999.0 99.0 99.00
2023 07 20 00 00 113  5.3  5.9 99.00 99.00 99.00 999 1016.9  10.7 999.0 999.0 99.0 99.00
2023 07 20 01 00  88  5.4  6.2 99.00 99.00 99.00 999 1015.9  10.5 999.0 999.0 99.0 99.00
2023 07 20 02 00  87  4.6  5.3 99.00 99.00 99.00 999 1015.5  10.0 999.0 999.0 99.0 99.00
2023 07 20 03 00  80  5.1  5.4 99.00 99.00 99.00 999 1015.5   9.8 999.0 999.0 99.0 99.00
2023 07 20 04 00  78  6.0  6.6 99.00 99.00 99.00 999 1014.9  10.0 999.0 999.0 99.0 99.00
2023 07 20 05 00  74  5.4  5.8 99.00 99.00 99.00 999 1014.7   9.5 999.0 999.0 99.0 99.00
2023 07 20 06 00  69  8.1  8.9 99.00 99.00 99.00 999 1013.9   9.5 999.0 999.0 99.0 99.00
2023 07 20 07 00  68  8.0  8.6 99.00 99.00 99.00 999 1013.5   9.7 999.0 999.0 99.0 99.00
2023 07 20 08 00  67  8.0  8.8 99.00 99.00 99.00 999 1013.2   9.8 999.0 999.0 99.0 99.00
2023 07 20 09 00  71  8.1  9.0 99.00 99.00 99.00 999 1013.1  10.1 999.0 999.0 99.0 99.00
2023 07 20 10 00  64  7.6  9.0 99.00 99.00 99.00 999 1013.3  10.2 999.0 999.0 99.0 99.00
2023 07 20 11 00  49  6.4  8.1 99.00 99.00 99.00 999 1013.4  10.9 999.0 999.0 99.0 99.00
2023 07 20 12 00  28  5.9  7.6 99.00 99.00 99.00 999 1013.8  10.9 999.0 999.0 99.0 99.00
2023 07 20 13 00  23  4.7  6.6 99.00 99.00 99.00 999 1014.2  11.5 999.0 999.0 99.0 99.00
2023 07 20 14 00  17  4.4  5.5 99.00 99.00 99.00 999 1014.3  12.2 999.0 999.0 99.0 99.00
2023 07 20 15 00   6  3.9  5.0 99.00 99.00 99.00 999 1014.6  12.0 999.0 999.0 99.0 99.00
2023 07 20 16 00  44  3.7  5.4 99.00 99.00 99.00 999 1014.8  15.1 999.0 999.0 99.0 99.00
2023 07 20 17 00   9  2.8  3.6 99.00 99.00 99.00 999 1015.5  13.0 999.0 999.0 99.0 99.00
2023 07 20 18 00 348  2.1  2.4 99.00 99.00 99.00 999 1015.6  13.6 999.0 999.0 99.0 99.00
2023 07 20 19 00 238  1.2  1.8 99.00 99.00 99.00 999 1015.4  15.5 999.0 999.0 99.0 99.00
2023 07 20 20 00 260  4.9  5.7 99.00 99.00 99.00 999 1015.5  15.0 999.0 999.0 99.0 99.00
2023 07 20 21 00 265  6.6  6.7 99.00 99.00 99.00 999 1015.1  16.3 999.0 999.0 99.0 99.00
2023 07 20 22 00 266  6.4  7.2 99.00 99.00 99.00 999 1014.9  16.0 999.0 999.0 99.0 99.00
2023 07 20 23 00 271 11.5 12.2 99.00 99.00 99.00 999 1014.8  13.6 999.0 999.0 99.0 99.00
2023 07 21 00 00 269 11.2 12.0 99.00 99.00 99.00 999 1015.0  13.2 999.0 999.0 99.0 99.00
2023 07 21 01 00 266 11.5 12.6 99.00 99.00 99.00 999 1015.1  13.9 999.0 999.0 99.0 99.00
2023 07 21 02 00 271 10.7 11.3 99.00 99.00 99.00 999 1015.4  14.3 999.0 999.0 99.0 99.00
2023 07 21 03 00 268 10.1 10.7 99.00 99.00 99.00 999 1015.8  15.1 999.0 999.0 99.0 99.00
2023 07 21 04 00 280  7.9  8.2 99.00 99.00 99.00 999 1016.0  14.1 999.0 999.0 99.0 99.00
2023 07 21 05 00 265  6.7  7.5 99.00 99.00 99.00 999 1016.2  14.3 999.0 999.0 99.0 99.00
2023 07 21 06 00 288  7.2  8.3 99.00 99.00 99.00 999 1016.2  13.3 999.0 999.0 99.0 99.00
2023 07 21 07 00 315  3.3  3.8 99.00 99.00 99.00 999 1016.5  12.3 999.0 999.0 99.0 99.00
2023 07 21 08 00 298  3.5  3.9 99.00 99.00 99.00 999 1016.4  12.7 999.0 999.0 99.0 99.00
2023 07 21 09 00 304  3.8  4.0 99.00 99.00 99.00 999 1016.5  13.4 999.0 999.0 99.0 99.00
2023 07 21 10 00 291  4.6  4.9 99.00 99.00 99.00 999 1016.7  13.1 999.0 999.0 99.0 99.00
2023 07 21 11 00 291  3.8  4.0 99.00 99.00 99.00 999 1017.1  12.8 999.0 999.0 99.0 99.00
2023 07 21 12 00 310  2.9  3.0 99.00 99.00 99.00 999 1017.0  14.5 999.0 999.0 99.0 99.00
2023 07 21 13 00 308  2.7  2.7 99.00 99.00 99.00 999 1017.6  14.1 999.0 999.0 99.0 99.00
2023 07 21 14 00 305  3.3  3.4 99.00 99.00 99.00 999 1017.9  14.3 999.0 999.0 99.0 99.00
2023 07 21 15 00 287  2.9  3.1 99.00 99.00 99.00 999 1018.1  14.8 999.0 999.0 99.0 99.00
2023 07 21 16 00 269  2.6  2.7 99.00 99.00 99.00 999 1018.0  15.9 999.0 999.0 99.0 99.00
2023 07 21 17 00 231  0.9  1.4 99.00 99.00 99.00 999 1018.0  16.7 999.0 999.0 99.0 99.00
2023 07 21 18 00 181  3.4  3.5 99.00 99.00 99.00 999 1017.7  16.7 999.0 999.0 99.0 99.00
2023 07 21 19 00 198  6.0  6.6 99.00 99.00 99.00 999 1017.6  13.6 999.0 999.0 99.0 99.00
2023 07 21 20 00 199  6.1  6.3 99.00 99.00 99.00 999 1017.0  13.7 999.0 999.0 99.0 99.00
2023 07 21 21 00 200  6.3  6.6 99.00 99.00 99.00 999 1016.5  13.8 999.0 999.0 99.0 99.00
2023 07 21 22 00 220  6.6  7.3 99.00 99.00 99.00 999 1016.3  13.9 999.0 999.0 99.0 99.00
2023 07 21 23 00 231  6.9  7.4 99.00 99.00 99.00 999 1015.9  15.3 999.0 999.0 99.0 99.00
2023 07 22 00 00 258  5.9  6.3 99.00 99.00 99.00 999 1016.0  14.7 999.0 999.0 99.0 99.00
2023 07 22 01 00 224  5.3  5.5 99.00 99.00 99.00 999 1015.2  17.6 999.0 999.0 99.0 99.00
2023 07 22 02 00 201  4.1  4.4 99.00 99.00 99.00 999 1014.7  17.1 999.0 999.0 99.0 99.00
2023 07 22 03 00 169  3.2  3.4 99.00 99.00 99.00 999 1014.5  13.5 999.0 999.0 99.0 99.00
2023 07 22 04 00 201  4.1  4.6 99.00 99.00 99.00 999 1014.6  13.7 999.0 999.0 99.0 99.00
2023 07 22 05 00 217  3.0  3.1 99.00 99.00 99.00 999 1014.5  13.8 999.0 999.0 99.0 99.00
2023 07 22 06 00 231  3.6  4.0 99.00 99.00 99.00 999 1014.3  13.7 999.0 999.0 99.0 99.00
2023 07 22 07 00 195  3.5  3.8 99.00 99.00 99.00 999 1013.9  12.7 999.0 999.0 99.0 99.00
2023 07 22 08 00 244  2.4  2.6 99.00 99.00 99.00 999 1013.5  13.9 999.0 999.0 99.0 99.00
2023 07 22 09 00 215  3.1  3.3 99.00 99.00 99.00 999 1013.2  12.9 999.0 999.0 99.0 99.00
2023 07 22 10 00 218  3.9  4.1 99.00 99.00 99.00 999 1013.0  13.9 999.0 999.0 99.0 99.00
2023 07 22 11 00 217  3.6  3.8 99.00 99.00 99.00 999 1012.9  13.5 999.0 999.0 99.0 99.00
2023 07 22 12 00 201  2.6  2.7 99.00 99.00 99.00 999 1012.8  12.5 999.0 999.0 99.0 99.00
2023 07 22 13 00 194  3.2  3.4 99.00 99.00 99.00 999 1012.7  12.6 999.0 999.0 99.0 99.00
2023 07 22 14 00 210  2.9  3.2 99.00 99.00 99.00 999 1012.6  12.7 999.0 999.0 99.0 99.00
2023 07 22 15 00 182  3.0  3.4 99.00 99.00 99.00 999 1012.3  12.8 999.0 999.0 99.0 99.00
2023 07 22 16 00 200  3.3  3.6 99.00 99.00 99.00 999 1012.1  13.4 999.0 999.0 99.0 99.00
2023 07 22 17 00 202  4.3  4.6 99.00 99.00 99.00 999 1011.6  14.1 999.0 999.0 99.0 99.00
2023 07 22 18 00 206  2.4  3.2 99.00 99.00 99.00 999 1011.1  14.5 999.0 999.0 99.0 99.00
2023 07 22 19 00 194  4.5  5.1 99.00 99.00 99.00 999 1010.5  14.0 999.0 999.0 99.0 99.00
2023 07 22 20 00 304  2.8  2.9 99.00 99.00 99.00 999 1010.6  15.3 999.0 999.0 99.0 99.00
2023 07 22 21 00 321  0.4  1.0 99.00 99.00 99.00 999 1010.8  14.9 999.0 999.0 99.0 99.00
2023 07 22 22 00  78  3.8  3.9 99.00 99.00 99.00 999 1010.4  14.1 999.0 999.0 99.0 99.00
2023 07 22 23 00 115  4.5  4.9 99.00 99.00 99.00 999 1009.9  13.5 999.0 999.0 99.0 99.00
2023 07 23 00 00 163  4.1  4.5 99.00 99.00 99.00 999 1010.2  13.2 999.0 999.0 99.0 99.00
2023 07 23 01 00 193  4.8  5.5 99.00 99.00 99.00 999 1010.2  13.3 999.0 999.0 99.0 99.00
2023 07 23 02 00 246  5.9  6.1 99.00 99.00 99.00 999 1010.5  13.7 999.0 999.0 99.0 99.00
2023 07 23 03 00 285  4.9  5.1 99.00 99.00 99.00 999 1010.5  14.1 999.0 999.0 99.0 99.00
2023 07 23 04 00 264  4.8  5.0 99.00 99.00 99.00 999 1010.5  14.1 999.0 999.0 99.0 99.00
2023 07 23 05 00 272  3.2  3.4 99.00 99.00 99.00 999 1010.6  14.0 999.0 999.0 99.0 99.00
2023 07 23 06 00 218  2.6  2.8 99.00 99.00 99.00 999 1010.6  14.8 999.0 999.0 99.0 99.00
2023 07 23 07 00 269  1.6  1.7 99.00 99.00 99.00 999 1010.4  13.9 999.0 999.0 99.0 99.00
2023 07 23 08 00 305  3.5  3.6 99.00 99.00 99.00 999 1010.3  14.6 999.0 999.0 99.0 99.00
2023 07 23 09 00 312  4.7  5.1 99.00 99.00 99.00 999 1010.5  13.5 999.0 999.0 99.0 99.00
2023 07 23 10 00 260  1.8  2.0 99.00 99.00 99.00 999 1010.8  13.3 999.0 999.0 99.0 99.00
2023 07 23 11 00 242  2.9  3.0 99.00 99.00 99.00 999 1010.9  13.9 999.0 999.0 99.0 99.00
2023 07 23 12 00 302  2.7  3.1 99.00 99.00 99.00 999 1011.8  13.3 999.0 999.0 99.0 99.00
2023 07 23 13 00 355  2.2  2.5 99.00 99.00 99.00 999 1012.3  13.2 999.0 999.0 99.0 99.00
2023 07 23 14 00   6  1.6  2.6 99.00 99.00 99.00 999 1012.7  13.6 999.0 999.0 99.0 99.00
2023 07 23 15 00  18  2.5  3.8 99.00 99.00 99.00 999 1012.8  14.0 999.0 999.0 99.0 99.00
2023 07 23 16 00  73  0.9  1.1 99.00 99.00 99.00 999 1013.1  13.6 999.0 999.0 99.0 99.00
2023 07 23 17 00  81  1.0  1.2 99.00 99.00 99.00 999 1013.3  14.0 999.0 999.0 99.0 99.00
2023 07 23 18 00 208  1.6  1.8 99.00 99.00 99.00 999 1013.6  14.9 999.0 999.0 99.0 99.00
2023 07 23 19 00 258  0.7  1.1 99.00 99.00 99.00 999 1013.7  16.5 999.0 999.0 99.0 99.00
2023 07 23 20 00 271  3.4  3.6 99.00 99.00 99.00 999 1013.4  16.5 999.0 999.0 99.0 99.00
2023 07 23 21 00 248  1.5  1.8 99.00 99.00 99.00 999 1013.4  17.6 999.0 999.0 99.0 99.00
2023 07 23 22 00 263  2.8  3.0 99.00 99.00 99.00 999 1013.2  17.7 999.0 999.0 99.0 99.00
2023 07 23 23 00 208  2.9  3.1 99.00 99.00 99.00 999 1013.7  16.6 999.0 999.0 99.0 99.00
2023 07 24 00 00 210  3.7  3.7 99.00 99.00 99.00 999 1013.8  17.1 999.0 999.0 99.0 99.00
2023 07 24 01 00 229  4.3  4.5 99.00 99.00 99.00 999 1014.3  17.1 999.0 999.0 99.0 99.00
2023 07 24 02 00 255  4.9  5.1 99.00 99.00 99.00 999 1015.2  15.6 999.0 999.0 99.0 99.00
2023 07 24 03 00 300  2.9  3.1 99.00 99.00 99.00 999 1015.6  15.7 999.0 999.0 99.0 99.00
2023 07 24 04 00 298  3.0  3.2 99.00 99.00 99.00 999 1015.9  15.7 999.0 999.0 99.0 99.00
2023 07 24 05 00 293  2.5  2.9 99.00 99.00 99.00 999 1016.0  15.5 999.0 999.0 99.0 99.00
2023 07 24 06 00 285  2.9  3.1 99.00 99.00 99.00 999 1016.2  15.1 999.0 999.0 99.0 99.00
2023 07 24 07 00 306  2.5  2.7 99.00 99.00 99.00 999 1016.2  15.0 999.0 999.0 99.0 99.00
2023 07 24 08 00 345  3.5  3.9 99.00 99.00 99.00 999 1016.3  16.0 999.0 999.0 99.0 99.00
2023 07 24 09 00 341  3.4  3.7 99.00 99.00 99.00 999 1016.4  16.1 999.0 999.0 99.0 99.00
2023 07 24 10 00 352  2.6  2.8 99.00 99.00 99.00 999 1016.7  15.4 999.0 999.0 99.0 99.00
2023 07 24 11 00   1  4.0  4.4 99.00 99.00 99.00 999 1017.2  15.2 999.0 999.0 99.0 99.00
2023 07 24 12 00   2  2.7  3.4 99.00 99.00 99.00 999 1017.7  15.0 999.0 999.0 99.0 99.00
2023 07 24 13 00   1  2.4  3.0 99.00 99.00 99.00 999 1018.3  15.5 999.0 999.0 99.0 99.00
2023 07 24 14 00   1  2.6  2.8 99.00 99.00 99.00 999 1018.6  16.2 999.0 999.0 99.0 99.00
2023 07 24 15 00 349  0.5  0.9 99.00 99.00 99.00 999 1018.8  16.6 999.0 999.0 99.0 99.00
2023 07 24 16 00  72  1.2  1.6 99.00 99.00 99.00 999 1019.1  17.8 999.0 999.0 99.0 99.00
2023 07 24 17 00  91  1.6  1.9 99.00 99.00 99.00 999 1019.1  16.4 999.0 999.0 99.0 99.00
2023 07 24 18 00 165  1.8  2.0 99.00 99.00 99.00 999 1019.0  16.6 999.0 999.0 99.0 99.00
2023 07 24 19 00 178  3.2  3.3 99.00 99.00 99.00 999 1019.0  16.1 999.0 999.0 99.0 99.00
2023 07 24 20 00 185  4.1  4.3 99.00 99.00 99.00 999 1019.1  16.0 999.0 999.0 99.0 99.00
2023 07 24 21 00 203  5.2  5.4 99.00 99.00 99.00 999 1019.0  15.6 999.0 999.0 99.0 99.00
2023 07 24 22 00 206  4.3  4.8 99.00 99.00 99.00 999 1018.7  15.7 999.0 999.0 99.0 99.00
2023 07 24 23 00 214  5.9  6.2 99.00 99.00 99.00 999 1018.4  16.3 999.0 999.0 99.0 99.00
2023 07 25 00 00 270  3.4  3.6 99.00 99.00 99.00 999 1018.3  17.1 999.0 999.0 99.0 99.00
2023 07 25 01 00 280  1.4  2.0 99.00 99.00 99.00 999 1018.6  16.5 999.0 999.0 99.0 99.00
2023 07 25 02 00 272  4.2  4.7 99.00 99.00 99.00 999 1018.9  16.0 999.0 999.0 99.0 99.00
2023 07 25 03 00 262  4.4  4.5 99.00 99.00 99.00 999 1019.0  16.2 999.0 999.0 99.0 99.00
2023 07 25 04 00 270  4.9  5.1 99.00 99.00 99.00 999 1019.1  15.7 999.0 999.0 99.0 99.00
2023 07 25 05 00 268  4.9  5.1 99.00 99.00 99.00 999 1019.1  15.9 999.0 999.0 99.0 99.00
2023 07 25 06 00 266  5.2  5.4 99.00 99.00 99.00 999 1018.9  16.6 999.0 999.0 99.0 99.00
2023 07 25 07 00 272  5.9  6.2 99.00 99.00 99.00 999 1018.6  17.0 999.0 999.0 99.0 99.00
2023 07 25 08 00 260  5.7  5.8 99.00 99.00 99.00 999 1018.3  17.6 999.0 999.0 99.0 99.00
2023 07 25 09 00 264  5.4  5.5 99.00 99.00 99.00 999 1018.1  17.6 999.0 999.0 99.0 99.00
2023 07 25 10 00 253  5.3  5.5 99.00 99.00 99.00 999 1018.0  17.7 999.0 999.0 99.0 99.00
2023 07 25 11 00 255  4.9  5.2 99.00 99.00 99.00 999 1018.2  17.3 999.0 999.0 99.0 99.00
2023 07 25 12 00 238  3.6  3.8 99.00 99.00 99.00 999 1018.3  16.9 999.0 999.0 99.0 99.00
2023 07 25 13 00 220  3.6  3.7 99.00 99.00 99.00 999 1018.3  15.4 999.0 999.0 99.0 99.00
2023 07 25 14 00 199  3.6  3.8 99.00 99.00 99.00 999 1017.8  15.5 999.0 999.0 99.0 99.00
2023 07 25 15 00 198  2.7  3.0 99.00 99.00 99.00 999 1017.6  15.6 999.0 999.0 99.0 99.00
2023 07 25 16 00 202  4.2  4.6 99.00 99.00 99.00 999 1017.7  15.4 999.0 999.0 99.0 99.00
2023 07 25 17 00 197  7.3  7.8 99.00 99.00 99.00 999 1017.2  15.6 999.0 999.0 99.0 99.00
2023 07 25 18 00 210  7.5  7.8 99.00 99.00 99.00 999 1016.7  16.2 999.0 999.0 99.0 99.00
2023 07 25 19 00 200  5.8  6.3 99.00 99.00 99.00 999 1015.6  16.8 999.0 999.0 99.0 99.00
2023 07 25 20 00 176  4.2  4.5 99.00 99.00 99.00 999 1015.2  15.9 999.0 999.0 99.0 99.00
2023 07 25 21 00 154  5.9  6.3 99.00 99.00 99.00 999 1014.7  17.0 999.0 999.0 99.0 99.00
2023 07 25 22 00 125  2.5  2.8 99.00 99.00 99.00 999 1014.1  16.0 999.0 999.0 99.0 99.00
2023 07 25 23 00 194  3.1  3.6 99.00 99.00 99.00 999 1013.6  16.0 999.0 999.0 99.0 99.00
2023 07 26 00 00 173  1.5  1.8 99.00 99.00 99.00 999 1013.2  16.4 999.0 999.0 99.0 99.00
2023 07 26 01 00 196  6.6  6.9 99.00 99.00 99.00 999 1013.2  17.7 999.0 999.0 99.0 99.00
2023 07 26 02 00 179  5.7  5.9 99.00 99.00 99.00 999 1012.8  17.6 999.0 999.0 99.0 99.00
2023 07 26 03 00 183  5.5  5.7 99.00 99.00 99.00 999 1012.5  17.4 999.0 999.0 99.0 99.00
2023 07 26 04 00 227  3.3  3.6 99.00 99.00 99.00 999 1012.4  17.1 999.0 999.0 99.0 99.00
2023 07 26 05 00  11  1.1  1.3 99.00 99.00 99.00 999 1011.3  17.6 999.0 999.0 99.0 99.00
2023 07 26 06 00  80  2.8  3.0 99.00 99.00 99.00 999 1010.8  15.7 999.0 999.0 99.0 99.00
2023 07 26 07 00 203  4.7  5.0 99.00 99.00 99.00 999 1010.3  16.4 999.0 999.0 99.0 99.00
2023 07 26 08 00  58  3.4  4.0 99.00 99.00 99.00 999 1010.5  17.1 999.0 999.0 99.0 99.00
2023 07 26 09 00  41  4.8  6.7 99.00 99.00 99.00 999 1011.3  15.7 999.0 999.0 99.0 99.00
2023 07 26 10 00  75  4.0  4.4 99.00 99.00 99.00 999 1011.2  14.6 999.0 999.0 99.0 99.00
2023 07 26 11 00  84  2.7  3.1 99.00 99.00 99.00 999 1011.1  15.6 999.0 999.0 99.0 99.00
2023 07 26 12 00 100  6.5  6.6 99.00 99.00 99.00 999 1010.6  15.4 999.0 999.0 99.0 99.00
2023 07 26 13 00 202  3.8  4.0 99.00 99.00 99.00 999 1012.1  15.9 999.0 999.0 99.0 99.00
2023 07 26 14 00 145  4.8  4.9 99.00 99.00 99.00 999 1011.8  16.4 999.0 999.0 99.0 99.00
2023 07 26 15 00  61  8.5  9.4 99.00 99.00 99.00 999 1009.1  16.6 999.0 999.0 99.0 99.00
2023 07 26 16 00 144  6.3  7.1 99.00 99.00 99.00 999 1010.0  15.8 999.0 999.0 99.0 99.00
2023 07 26 17 00 139  1.1  1.4 99.00 99.00 99.00 999 1010.6  15.5 999.0 999.0 99.0 99.00
2023 07 26 18 00 216  1.5  1.8 99.00 99.00 99.00 999 1010.8  15.8 999.0 999.0 99.0 99.00
2023 07 26 19 00 195  2.2  2.4 99.00 99.00 99.00 999 1011.2  15.7 999.0 999.0 99.0 99.00
2023 07 26 20 00 147  0.4  0.5 99.00 99.00 99.00 999 1011.7  14.9 999.0 999.0 99.0 99.00
2023 07 26 21 00  71  4.1  4.3 99.00 99.00 99.00 999 1012.0  14.8 999.0 999.0 99.0 99.00
2023 07 26 22 00  92  3.4  3.6 99.00 99.00 99.00 999 1012.2  15.2 999.0 999.0 99.0 99.00
2023 07 26 23 00  99  3.2  3.6 99.00 99.00 99.00 999 1011.9  15.2 999.0 999.0 99.0 99.00
2023 07 27 00 00 154  3.1  3.4 99.00 99.00 99.00 999 1012.0  15.3 999.0 999.0 99.0 99.00
2023 07 27 01 00 163  4.0  4.2 99.00 99.00 99.00 999 1011.9  14.8 999.0 999.0 99.0 99.00
2023 07 27 02 00 182  4.1  4.5 99.00 99.00 99.00 999 1011.7  14.3 999.0 999.0 99.0 99.00
2023 07 27 03 00 214  4.4  4.8 99.00 99.00 99.00 999 1012.4  14.4 999.0 999.0 99.0 99.00
2023 07 27 04 00 189  4.5  4.9 99.00 99.00 99.00 999 1012.0  14.8 999.0 999.0 99.0 99.00
2023 07 27 05 00 187  3.8  4.1 99.00 99.00 99.00 999 1011.9  15.1 999.0 999.0 99.0 99.00
2023 07 27 06 00 153  2.5  2.7 99.00 99.00 99.00 999 1012.4  15.0 999.0 999.0 99.0 99.00
2023 07 27 07 00 133  3.6  3.8 99.00 99.00 99.00 999 1011.8  14.5 999.0 999.0 99.0 99.00
2023 07 27 08 00 140  5.1  5.6 99.00 99.00 99.00 999 1011.6  14.4 999.0 999.0 99.0 99.00
2023 07 27 09 00 187  2.8  3.1 99.00 99.00 99.00 999 1012.3  13.9 999.0 999.0 99.0 99.00
2023 07 27 10 00 191  4.8  5.5 99.00 99.00 99.00 999 1011.5  14.6 999.0 999.0 99.0 99.00
2023 07 27 11 00 278  5.1  6.5 99.00 99.00 99.00 999 1013.3  17.3 999.0 999.0 99.0 99.00
2023 07 27 12 00 164  7.9  8.2 99.00 99.00 99.00 999 1010.3  16.5 999.0 999.0 99.0 99.00
2023 07 27 13 00 196  6.4  7.4 99.00 99.00 99.00 999 1010.5  16.0 999.0 999.0 99.0 99.00
2023 07 27 14 00 203 11.4 12.3 99.00 99.00 99.00 999 1011.9  16.3 999.0 999.0 99.0 99.00
2023 07 27 15 00 250  7.2  7.5 99.00 99.00 99.00 999 1011.9  17.3 999.0 999.0 99.0 99.00
2023 07 27 16 00 241  2.9  3.5 99.00 99.00 99.00 999 1011.5  16.7 999.0 999.0 99.0 99.00
2023 07 27 17 00 293  4.2  4.7 99.00 99.00 99.00 999 1011.0  16.1 999.0 999.0 99.0 99.00
2023 07 27 18 00 248  7.6  8.9 99.00 99.00 99.00 999 1011.0  17.0 999.0 999.0 99.0 99.00
2023 07 27 19 00 267 10.3 11.2 99.00 99.00 99.00 999 1010.9  18.9 999.0 999.0 99.0 99.00
2023 07 27 20 00 256  7.4  7.7 99.00 99.00 99.00 999 1011.0  20.3 999.0 999.0 99.0 99.00
2023 07 27 21 00 248  7.4  9.3 99.00 99.00 99.00 999 1011.0  22.4 999.0 999.0 99.0 99.00
2023 07 27 22 00 262  3.2  4.0 99.00 99.00 99.00 999 1010.7  19.2 999.0 999.0 99.0 99.00
2023 07 27 23 00 281  9.3  9.6 99.00 99.00 99.00 999 1010.8  18.2 999.0 999.0 99.0 99.00
2023 07 28 00 00 259  6.6  7.2 99.00 99.00 99.00 999 1010.8  19.8 999.0 999.0 99.0 99.00
2023 07 28 01 00 249  6.3  6.4 99.00 99.00 99.00 999 1011.1  23.9 999.0 999.0 99.0 99.00
2023 07 28 02 00 275  6.9  7.6 99.00 99.00 99.00 999 1011.3  21.3 999.0 999.0 99.0 99.00
2023 07 28 03 00 267 11.0 11.9 99.00 99.00 99.00 999 1012.2  19.3 999.0 999.0 99.0 99.00
2023 07 28 04 00 267 10.2 10.8 99.00 99.00 99.00 999 1012.6  18.5 999.0 999.0 99.0 99.00
2023 07 28 05 00 267  6.6  7.2 99.00 99.00 99.00 999 1013.1  18.2 999.0 999.0 99.0 99.00
2023 07 28 06 00 273  3.0  3.9 99.00 99.00 99.00 999 1013.9  18.3 999.0 999.0 99.0 99.00
2023 07 28 07 00 315  3.5  3.7 99.00 99.00 99.00 999 1014.1  17.4 999.0 999.0 99.0 99.00
2023 07 28 08 00  17  2.8  5.1 99.00 99.00 99.00 999 1014.4  17.2 999.0 999.0 99.0 99.00
2023 07 28 09 00  11  3.1  4.5 99.00 99.00 99.00 999 1014.9  16.9 999.0 999.0 99.0 99.00
2023 07 28 10 00  14  5.4  7.1 99.00 99.00 99.00 999 1015.0  16.4 999.0 999.0 99.0 99.00
2023 07 28 11 00  19  5.1  7.9 99.00 99.00 99.00 999 1015.9  16.2 999.0 999.0 99.0 99.00
2023 07 28 12 00  17  5.6  7.1 99.00 99.00 99.00 999 1016.4  15.9 999.0 999.0 99.0 99.00
2023 07 28 13 00  20  3.1  5.0 99.00 99.00 99.00 999 1017.8  16.3 999.0 999.0 99.0 99.00
2023 07 28 14 00  47  3.1  4.8 99.00 99.00 99.00 999 1018.7  16.8 999.0 999.0 99.0 99.00
2023 07 28 15 00  54  4.0  5.4 99.00 99.00 99.00 999 1018.8  16.6 999.0 999.0 99.0 99.00
2023 07 28 16 00 114  2.4  2.7 99.00 99.00 99.00 999 1019.5  15.4 999.0 999.0 99.0 99.00
2023 07 28 17 00 168  2.9  3.1 99.00 99.00 99.00 999 1019.5  15.3 999.0 999.0 99.0 99.00
2023 07 28 18 00 179  2.7  2.9 99.00 99.00 99.00 999 1019.7  15.4 999.0 999.0 99.0 99.00
2023 07 28 19 00 185  3.2  3.5 99.00 99.00 99.00 999 1019.8  15.5 999.0 999.0 99.0 99.00
2023 07 28 20 00 214  3.8  4.1 99.00 99.00 99.00 999 1019.9  16.1 999.0 999.0 99.0 99.00
2023 07 28 21 00 206  3.4  3.7 99.00 99.00 99.00 999 1019.9  16.4 999.0 999.0 99.0 99.00
2023 07 28 22 00 208  3.2  3.5 99.00 99.00 99.00 999 1019.6  16.0 999.0 999.0 99.0 99.00
2023 07 28 23 00 203  2.8  3.0 99.00 99.00 99.00 999 1019.5  16.0 999.0 999.0 99.0 99.00
2023 07 29 00 00 229  2.3  2.4 99.00 99.00 99.00 999 1019.5  16.7 999.0 999.0 99.0 99.00
2023 07 29 01 00 303  0.9  1.0 99.00 99.00 99.00 999 1019.2  17.2 999.0 999.0 99.0 99.00
2023 07 29 02 00   1  1.3  2.0 99.00 99.00 99.00 999 1019.2  17.4 999.0 999.0 99.0 99.00
2023 07 29 03 00   8  2.3  3.4 99.00 99.00 99.00 999 1018.9  17.5 999.0 999.0 99.0 99.00
2023 07 29 04 00  21  2.1  2.8 99.00 99.00 99.00 999 1018.8  17.3 999.0 999.0 99.0 99.00
2023 07 29 05 00 351  2.1  2.3 99.00 99.00 99.00 999 1019.4  17.0 999.0 999.0 99.0 99.00
2023 07 29 06 00 348  1.7  2.2 99.00 99.00 99.00 999 1019.7  16.7 999.0 999.0 99.0 99.00
2023 07 29 07 00   8  1.7  3.3 99.00 99.00 99.00 999 1019.6  16.4 999.0 999.0 99.0 99.00
2023 07 29 08 00  21  0.8  2.6 99.00 99.00 99.00 999 1019.5  16.2 999.0 999.0 99.0 99.00
2023 07 29 09 00   5  2.3  2.6 99.00 99.00 99.00 999 1019.4  15.9 999.0 999.0 99.0 99.00
2023 07 29 10 00   6  2.7  3.1 99.00 99.00 99.00 999 1020.2  15.9 999.0 999.0 99.0 99.00
2023 07 29 11 00   7  3.1  3.3 99.00 99.00 99.00 999 1020.7  15.8 999.0 999.0 99.0 99.00
2023 07 29 12 00  17  3.7  4.3 99.00 99.00 99.00 999 1020.7  15.8 999.0 999.0 99.0 99.00
2023 07 29 13 00  16  2.4  4.1 99.00 99.00 99.00 999 1020.8  16.6 999.0 999.0 99.0 99.00
2023 07 29 14 00  13  1.6  3.0 99.00 99.00 99.00 999 1020.8  17.5 999.0 999.0 99.0 99.00
2023 07 29 15 00  65  2.3  2.4 99.00 99.00 99.00 999 1021.0  16.5 999.0 999.0 99.0 99.00
2023 07 29 16 00 263  0.8  1.0 99.00 99.00 99.00 999 1021.1  17.3 999.0 999.0 99.0 99.00
2023 07 29 17 00 183  2.1  2.2 99.00 99.00 99.00 999 1021.1  16.4 999.0 999.0 99.0 99.00
2023 07 29 18 00 203  4.2  4.6 99.00 99.00 99.00 999 1021.0  16.3 999.0 999.0 99.0 99.00
2023 07 29 19 00 205  4.1  4.7 99.00 99.00 99.00 999 1020.9  16.0 999.0 999.0 99.0 99.00
2023 07 29 20 00 214  5.7  6.0 99.00 99.00 99.00 999 1020.9  16.1 999.0 999.0 99.0 99.00
2023 07 29 21 00 261  6.2  6.7 99.00 99.00 99.00 999 1020.4  16.9 999.0 999.0 99.0 99.00
2023 07 29 22 00 252  5.8  6.5 99.00 99.00 99.00 999 1020.3  17.2 999.0 999.0 99.0 99.00
2023 07 29 23 00 243  5.4  5.8 99.00 99.00 99.00 999 1020.0  17.4 999.0 999.0 99.0 99.00
2023 07 30 00 00 261  7.9  8.2 99.00 99.00 99.00 999 1019.8  17.0 999.0 999.0 99.0 99.00
2023 07 30 01 00 261 10.0 11.3 99.00 99.00 99.00 999 1019.5  17.0 999.0 999.0 99.0 99.00
2023 07 30 02 00 265 10.8 11.6 99.00 99.00 99.00 999 1019.4  17.2 999.0 999.0 99.0 99.00
2023 07 30 03 00 270 10.6 11.3 99.00 99.00 99.00 999 1019.6  17.1 999.0 999.0 99.0 99.00
2023 07 30 04 00 270  8.9  9.4 99.00 99.00 99.00 999 1019.5  16.9 999.0 999.0 99.0 99.00
2023 07 30 05 00 265  8.3  9.0 99.00 99.00 99.00 999 1019.5  16.7 999.0 999.0 99.0 99.00
2023 07 30 06 00 266  8.8  9.3 99.00 99.00 99.00 999 1019.2  16.6 999.0 999.0 99.0 99.00
2023 07 30 07 00 272  9.2  9.9 99.00 99.00 99.00 999 1019.0  16.5 999.0 999.0 99.0 99.00
2023 07 30 08 00 270  9.8 10.5 99.00 99.00 99.00 999 1019.1  16.7 999.0 999.0 99.0 99.00
2023 07 30 09 00 276  9.2  9.8 99.00 99.00 99.00 999 1018.8  16.6 999.0 999.0 99.0 99.00
2023 07 30 10 00 276  9.3  9.8 99.00 99.00 99.00 999 1018.7  16.6 999.0 999.0 99.0 99.00
2023 07 30 11 00 276  8.5  9.3 99.00 99.00 99.00 999 1018.9  16.4 999.0 999.0 99.0 99.00
2023 07 30 12 00 285  7.3  8.0 99.00 99.00 99.00 999 1019.3  16.3 999.0 999.0 99.0 99.00
2023 07 30 13 00 271 10.3 10.7 99.00 99.00 99.00 999 1019.4  16.3 999.0 999.0 99.0 99.00
2023 07 30 14 00 274  6.8  7.2 99.00 99.00 99.00 999 1019.7  16.3 999.0 999.0 99.0 99.00
2023 07 30 15 00 277  7.2  7.5 99.00 99.00 99.00 999 1019.5  16.3 999.0 999.0 99.0 99.00
2023 07 30 16 00 263  8.2  8.8 99.00 99.00 99.00 999 1019.6  16.7 999.0 999.0 99.0 99.00
2023 07 30 17 00 265  7.7  8.1 99.00 99.00 99.00 999 1019.9  17.0 999.0 999.0 99.0 99.00
2023 07 30 18 00 270  7.2  7.7 99.00 99.00 99.00 999 1019.5  17.6 999.0 999.0 99.0 99.00
2023 07 30 19 00 264  7.5  7.8 99.00 99.00 99.00 999 1019.2  18.6 999.0 999.0 99.0 99.00
2023 07 30 20 00 267  8.1  8.9 99.00 99.00 99.00 999 1018.8  18.1 999.0 999.0 99.0 99.00
2023 07 30 21 00 329  1.5  2.3 99.00 99.00 99.00 999 1019.3  16.1 999.0 999.0 99.0 99.00
2023 07 30 22 00 255  6.6  7.1 99.00 99.00 99.00 999 1019.1  17.3 999.0 999.0 99.0 99.00
2023 07 30 23 00 275  6.4  6.7 99.00 99.00 99.00 999 1019.1  17.6 999.0 999.0 99.0 99.00
2023 07 31 00 00 265  5.6  5.9 99.00 99.00 99.00 999 1019.1  18.3 999.0 999.0 99.0 99.00
2023 07 31 01 00 271  5.8  6.5 99.00 99.00 99.00 999 1019.5  17.8 999.0 999.0 99.0 99.00
2023 07 31 02 00 269  7.7  8.4 99.00 99.00 99.00 999 1019.6  17.2 999.0 999.0 99.0 99.00
2023 07 31 03 00 281  3.6  3.9 99.00 99.00 99.00 999 1019.6  16.9 999.0 999.0 99.0 99.00
2023 07 31 04 00 307  4.3  4.6 99.00 99.00 99.00 999 1019.7  16.9 999.0 999.0 99.0 99.00
2023 07 31 05 00 293  4.9  5.4 99.00 99.00 99.00 999 1019.7  16.8 999.0 999.0 99.0 99.00
2023 07 31 06 00 290  4.8  5.1 99.00 99.00 99.00 999 1019.6  16.6 999.0 999.0 99.0 99.00
2023 07 31 07 00 292  5.6  5.9 99.00 99.00 99.00 999 1019.3  16.4 999.0 999.0 99.0 99.00
2023 07 31 08 00 335  4.3  4.7 99.00 99.00 99.00 999 1019.2  16.2 999.0 999.0 99.0 99.00
2023 07 31 09 00  22  3.2  3.8 99.00 99.00 99.00 999 1019.5  16.1 999.0 999.0 99.0 99.00
2023 07 31 10 00 338  0.7  0.8 99.00 99.00 99.00 999 1020.3  15.8 999.0 999.0 99.0 99.00
2023 07 31 11 00 318  1.9  1.9 99.00 99.00 99.00 999 1021.1  15.9 999.0 999.0 99.0 99.00
2023 07 31 12 00 316  1.9  2.1 99.00 99.00 99.00 999 1021.4  15.7 999.0 999.0 99.0 99.00
2023 07 31 13 00 283  3.7  3.8 99.00 99.00 99.00 999 1021.8  15.7 999.0 999.0 99.0 99.00
2023 07 31 14 00 351  1.5  2.0 99.00 99.00 99.00 999 1021.8  15.9 999.0 999.0 99.0 99.00
2023 07 31 15 00 332  0.5  0.8 99.00 99.00 99.00 999 1021.8  16.4 999.0 999.0 99.0 99.00
2023 07 31 16 00 345  0.4  0.9 99.00 99.00 99.00 999 1021.8  16.7 999.0 999.0 99.0 99.00
2023 07 31 17 00 314  1.1  1.3 99.00 99.00 99.00 999 1022.3  16.4 999.0 999.0 99.0 99.00
2023 07 31 18 00 150  0.6  0.8 99.00 99.00 99.00 999 1021.8  16.6 999.0 999.0 99.0 99.00
2023 07 31 19 00 169  2.4  2.6 99.00 99.00 99.00 999 1021.9  15.9 999.0 999.0 99.0 99.00
2023 07 31 20 00 148  1.6  1.8 99.00 99.00 99.00 999 1021.6  16.2 999.0 999.0 99.0 99.00
2023 07 31 21 00 141  2.7  3.1 99.00 99.00 99.00 999 1021.7  15.7 999.0 999.0 99.0 99.00
2023 07 31 22 00 136  2.9  3.2 99.00 99.00 99.00 999 1021.4  15.6 999.0 999.0 99.0 99.00
2023 07 31 23 00 145  3.9  4.2 99.00 99.00 99.00 999 1021.3  15.7 999.0 999.0 99.0 99.00
