#YY  MM DD hh mm WDIR WSPD GST  WVHT   DPD   APD MWD   PRES  ATMP  WTMP  DEWP  VIS  TIDE
#yr  mo dy hr mn degT m/s  m/s     m   sec   sec deg    hPa  degC  degC  degC  nmi    ft
2023 08 01 00 00 171  3.2  3.5 99.00 99.00 99.00 999 1021.6  15.7 999.0 999.0 99.0 99.00
2023 08 01 01 00 161  4.0  4.1 99.00 99.00 99.00 999 1021.6  15.8 999.0 999.0 99.0 99.00
2023 08 01 02 00 153  3.6  3.9 99.00 99.00 99.00 999 1022.1  15.7 999.0 999.0 99.0 99.00
2023 08 01 03 00 178  4.3  4.7 99.00 99.00 99.00 999 1022.2  15.9 999.0 999.0 99.0 99.00
2023 08 01 04 00 188  3.0  3.3 99.00 99.00 99.00 999 1022.2  16.0 999.0 999.0 99.0 99.00
2023 08 01 05 00 204  3.2  3.4 99.00 99.00 99.00 999 1022.2  16.0 999.0 999.0 99.0 99.00
2023 08 01 06 00 178  2.9  3.3 99.00 99.00 99.00 999 1022.2  16.1 999.0 999.0 99.0 99.00
2023 08 01 07 00 177  2.4  2.5 99.00 99.00 99.00 999 1022.3  15.9 999.0 999.0 99.0 99.00
2023 08 01 08 00 189  0.7  0.8 99.00 99.00 99.00 999 1022.6  15.8 999.0 999.0 99.0 99.00
2023 08 01 09 00 136  1.8  1.9 99.00 99.00 99.00 999 1022.2  15.7 999.0 999.0 99.0 99.00
2023 08 01 10 00 128  2.8  2.9 99.00 99.00 99.00 999 1022.9  14.3 999.0 999.0 99.0 99.00
2023 08 01 11 00 155  1.9  2.1 99.00 99.00 99.00 999 1023.4  15.0 999.0 999.0 99.0 99.00
2023 08 01 12 00 120  3.8  4.3 99.00 99.00 99.00 999 1023.2  14.5 999.0 999.0 99.0 99.00
2023 08 01 13 00  98  4.4  4.6 99.00 99.00 99.00 999 1023.3  14.6 999.0 999.0 99.0 99.00
2023 08 01 14 00 118  5.5  5.8 99.00 99.00 99.00 999 1023.2  14.3 999.0 999.0 99.0 99.00
2023 08 01 15 00 127  5.5  5.9 99.00 99.00 99.00 999 1022.9  14.9 999.0 999.0 99.0 99.00
2023 08 01 16 00 121  5.1  5.7 99.00 99.00 99.00 999 1023.1  14.9 999.0 999.0 99.0 99.00
2023 08 01 17 00 106  4.0  4.2 99.00 99.00 99.00 999 1022.8  14.5 999.0 999.0 99.0 99.00
2023 08 01 18 00 136  3.1  3.6 99.00 99.00 99.00 999 1022.3  14.8 999.0 999.0 99.0 99.00
2023 08 01 19 00 113  3.8  4.2 99.00 99.00 99.00 999 1022.0  14.6 999.0 999.0 99.0 99.00
2023 08 01 20 00 143  4.3  4.8 99.00 99.00 99.00 999 1021.8  14.8 999.0 999.0 99.0 99.00
2023 08 01 21 00 106  3.9  4.3 99.00 99.00 99.00 999 1021.2  14.9 999.0 999.0 99.0 99.00
2023 08 01 22 00 122  3.9  4.2 99.00 99.00 99.00 999 1020.6  15.0 999.0 999.0 99.0 99.00
2023 08 01 23 00 135  5.9  6.6 99.00 99.00 99.00 999 1019.7  15.1 999.0 999.0 99.0 99.00
2023 08 02 00 00 149  4.3  5.0 99.00 99.00 99.00 999 1019.3  15.7 999.0 999.0 99.0 99.00
2023 08 02 01 00 140  4.2  4.5 99.00 99.00 99.00 999 1018.9  16.0 999.0 999.0 99.0 99.00
2023 08 02 02 00 171  4.6  5.5 99.00 99.00 99.00 999 1018.8  16.4 999.0 999.0 99.0 99.00
2023 08 02 03 00 164  3.6  4.5 99.00 99.00 99.00 999 1018.7  16.4 999.0 999.0 99.0 99.00
2023 08 02 04 00 178  5.7  6.1 99.00 99.00 99.00 999 1018.1  16.6 999.0 999.0 99.0 99.00
2023 08 02 05 00 168  5.0  5.4 99.00 99.00 99.00 999 1017.6  16.7 999.0 999.0 99.0 99.00
2023 08 02 06 00 195  6.5  6.9 99.00 99.00 99.00 999 1017.1  17.6 999.0 999.0 99.0 99.00
2023 08 02 07 00 210  8.4  9.0 99.00 99.00 99.00 999 1016.4  17.8 999.0 999.0 99.0 99.00
2023 08 02 08 00 211  6.6  7.2 99.00 99.00 99.00 999 1015.9  17.1 999.0 999.0 99.0 99.00
2023 08 02 09 00 212  6.6  7.1 99.00 99.00 99.00 999 1015.6  16.6 999.0 999.0 99.0 99.00
2023 08 02 10 00 293  2.4  2.8 99.00 99.00 99.00 999 1015.4  17.2 999.0 999.0 99.0 99.00
2023 08 02 11 00 249  2.9  3.2 99.00 99.00 99.00 999 1014.9  17.2 999.0 999.0 99.0 99.00
2023 08 02 12 00 256  3.9  4.3 99.00 99.00 99.00 999 1015.0  17.1 999.0 999.0 99.0 99.00
2023 08 02 13 00 256  5.7  6.3 99.00 99.00 99.00 999 1015.1  17.3 999.0 999.0 99.0 99.00
2023 08 02 14 00 270  5.9  6.3 99.00 99.00 99.00 999 1014.9  17.5 999.0 999.0 99.0 99.00
2023 08 02 15 00 267  7.2  7.6 99.00 99.00 99.00 999 1015.1  17.8 999.0 999.0 99.0 99.00
2023 08 02 16 00 266  8.0  8.4 99.00 99.00 99.00 999 1015.1  18.4 999.0 999.0 99.0 99.00
2023 08 02 17 00 261  8.0  8.2 99.00 99.00 99.00 999 1015.3  19.4 999.0 999.0 99.0 99.00
2023 08 02 18 00 262  9.4  9.7 99.00 99.00 99.00 999 1015.2  20.2 999.0 999.0 99.0 99.00
2023 08 02 19 00 261  9.7 10.0 99.00 99.00 99.00 999 1015.1  19.2 999.0 999.0 99.0 99.00
2023 08 02 20 00 259  9.0  9.2 99.00 99.00 99.00 999 1014.5  20.0 999.0 999.0 99.0 99.00
2023 08 02 21 00 235  6.5  7.1 99.00 99.00 99.00 999 1013.9  18.9 999.0 999.0 99.0 99.00
2023 08 02 22 00 256  8.3  9.0 99.00 99.00 99.00 999 1013.3  20.2 999.0 999.0 99.0 99.00
2023 08 02 23 00 251  8.9  9.7 99.00 99.00 99.00 999 1013.0  21.2 999.0 999.0 99.0 99.00
2023 08 03 00 00 213  7.3  7.8 99.00 99.00 99.00 999 1012.3  18.7 999.0 999.0 99.0 99.00
2023 08 03 01 00 245  6.0  6.5 99.00 99.00 99.00 999 1012.0  19.2 999.0 999.0 99.0 99.00
2023 08 03 02 00 249  6.1  6.8 99.00 99.00 99.00 999 1012.2  21.1 999.0 999.0 99.0 99.00
2023 08 03 03 00 254  7.8  8.6 99.00 99.00 99.00 999 1012.5  21.3 999.0 999.0 99.0 99.00
2023 08 03 04 00  48  2.5  3.4 99.00 99.00 99.00 999 1013.6  19.8 999.0 999.0 99.0 99.00
2023 08 03 05 00 253  5.7  6.8 99.00 99.00 99.00 999 1013.1  18.7 999.0 999.0 99.0 99.00
2023 08 03 06 00 241  3.9  4.6 99.00 99.00 99.00 999 1012.5  18.6 999.0 999.0 99.0 99.00
2023 08 03 07 00 239  5.8  5.9 99.00 99.00 99.00 999 1011.8  19.4 999.0 999.0 99.0 99.00
2023 08 03 08 00 263  7.5  8.1 99.00 99.00 99.00 999 1011.7  18.4 999.0 999.0 99.0 99.00
2023 08 03 09 00 272  6.4  6.7 99.00 99.00 99.00 999 1011.5  17.9 999.0 999.0 99.0 99.00
2023 08 03 10 00 313  4.3  4.5 99.00 99.00 99.00 999 1012.0  17.8 999.0 999.0 99.0 99.00
2023 08 03 11 00 336  3.2  3.9 99.00 99.00 99.00 999 1012.1  19.3 999.0 999.0 99.0 99.00
2023 08 03 12 00 287  3.3  3.7 99.00 99.00 99.00 999 1012.6  17.7 999.0 999.0 99.0 99.00
2023 08 03 13 00 289  5.8  6.5 99.00 99.00 99.00 999 1013.1  18.3 999.0 999.0 99.0 99.00
2023 08 03 14 00 271  6.1  6.3 99.00 99.00 99.00 999 1013.3  17.9 999.0 999.0 99.0 99.00
2023 08 03 15 00 288  4.4  4.6 99.00 99.00 99.00 999 1013.4  17.4 999.0 999.0 99.0 99.00
2023 08 03 16 00 285  5.2  5.5 99.00 99.00 99.00 999 1013.4  17.8 999.0 999.0 99.0 99.00
2023 08 03 17 00 325  3.9  4.4 99.00 99.00 99.00 999 1013.8  18.9 999.0 999.0 99.0 99.00
2023 08 03 18 00 302  2.6  3.0 99.00 99.00 99.00 999 1014.1  18.5 999.0 999.0 99.0 99.00
2023 08 03 19 00 301  3.1  3.4 99.00 99.00 99.00 999 1014.3  20.2 999.0 999.0 99.0 99.00
2023 08 03 20 00 286  3.3  3.7 99.00 99.00 99.00 999 1014.6  21.8 999.0 999.0 99.0 99.00
2023 08 03 21 00 304  1.3  1.5 99.00 99.00 99.00 999 1014.5  22.7 999.0 999.0 99.0 99.00
2023 08 03 22 00 277  1.6  2.1 99.00 99.00 99.00 999 1014.3  22.6 999.0 999.0 99.0 99.00
2023 08 03 23 00 268  2.6  2.7 99.00 99.00 99.00 999 1014.3  22.8 999.0 999.0 99.0 99.00
2023 08 04 00 00 275  3.0  3.1 99.00 99.00 99.00 999 1014.7  23.3 999.0 999.0 99.0 99.00
2023 08 04 01 00 306  1.3  1.7 99.00 99.00 99.00 999 1015.1  21.6 999.0 999.0 99.0 99.00
2023 08 04 02 00 348  1.0  1.3 99.00 99.00 99.00 999 1015.9  20.6 999.0 999.0 99.0 99.00
2023 08 04 03 00 354  1.8  2.4 99.00 99.00 99.00 999 1016.4  19.6 999.0 999.0 99.0 99.00
2023 08 04 04 00 356  2.5  4.1 99.00 99.00 99.00 999 1016.6  19.0 999.0 999.0 99.0 99.00
2023 08 04 05 00  12  5.0  5.5 99.00 99.00 99.00 999 1016.7  19.4 999.0 999.0 99.0 99.00
2023 08 04 06 00   3  3.3  3.8 99.00 99.00 99.00 999 1017.6  18.6 999.0 999.0 99.0 99.00
2023 08 04 07 00  16  4.5  5.1 99.00 99.00 99.00 999 1017.8  18.6 999.0 999.0 99.0 99.00
2023 08 04 08 00  26  6.0  6.9 99.00 99.00 99.00 999 1017.9  18.3 999.0 999.0 99.0 99.00
2023 08 04 09 00  30  5.4  6.5 99.00 99.00 99.00 999 1018.4  17.6 999.0 999.0 99.0 99.00
2023 08 04 10 00  29  5.4  6.8 99.00 99.00 99.00 999 1019.0  17.4 999.0 999.0 99.0 99.00
2023 08 04 11 00  29  4.9  6.0 99.00 99.00 99.00 999 1019.5  17.3 999.0 999.0 99.0 99.00
2023 08 04 12 00  50  4.1  5.2 99.00 99.00 99.00 999 1020.0  17.5 999.0 999.0 99.0 99.00
2023 08 04 13 00  50  3.9  4.6 99.00 99.00 99.00 999 1020.4  17.8 999.0 999.0 99.0 99.00
2023 08 04 14 00  58  6.6  7.1 99.00 99.00 99.00 999 1020.7  17.4 999.0 999.0 99.0 99.00
2023 08 04 15 00  66  4.9  5.4 99.00 99.00 99.00 999 1021.3  16.9 999.0 999.0 99.0 99.00
2023 08 04 16 00  71  4.9  5.2 99.00 99.00 99.00 999 1021.5  16.9 999.0 999.0 99.0 99.00
2023 08 04 17 00  86  4.0  4.3 99.00 99.00 99.00 999 1021.8  16.9 999.0 999.0 99.0 99.00
2023 08 04 18 00 115  3.8  4.1 99.00 99.00 99.00 999 1022.1  17.1 999.0 999.0 99.0 99.00
2023 08 04 19 00 135  2.1  2.3 99.00 99.00 99.00 999 1022.3  17.5 999.0 999.0 99.0 99.00
2023 08 04 20 00 178  3.7  4.1 99.00 99.00 99.00 999 1021.4  17.5 999.0 999.0 99.0 99.00
2023 08 04 21 00 181  3.4  3.9 99.00 99.00 99.00 999 1021.2  17.8 999.0 999.0 99.0 99.00
2023 08 04 22 00 196  3.7  4.1 99.00 99.00 99.00 999 1021.1  17.9 999.0 999.0 99.0 99.00
2023 08 04 23 00 198  1.9  2.2 99.00 99.00 99.00 999 1020.7  18.0 999.0 999.0 99.0 99.00
2023 08 05 00 00 243  1.6  1.8 99.00 99.00 99.00 999 1020.7  18.4 999.0 999.0 99.0 99.00
2023 08 05 01 00 217  2.5  2.5 99.00 99.00 99.00 999 1020.7  18.6 999.0 999.0 99.0 99.00
2023 08 05 02 00 243  2.3  2.4 99.00 99.00 99.00 999 1020.9  18.7 999.0 999.0 99.0 99.00
2023 08 05 03 00 297  1.8  1.9 99.00 99.00 99.00 999 1020.8  18.8 999.0 999.0 99.0 99.00
2023 08 05 04 00 324  3.6  3.8 99.00 99.00 99.00 999 1020.9  17.9 999.0 999.0 99.0 99.00
2023 08 05 05 00 334  3.4  3.8 99.00 99.00 99.00 999 1020.9  17.9 999.0 999.0 99.0 99.00
2023 08 05 06 00 324  2.2  2.3 99.00 99.00 99.00 999 1021.3  17.8 999.0 999.0 99.0 99.00
2023 08 05 07 00  74  0.5  0.7 99.00 99.00 99.00 999 1021.4  17.8 999.0 999.0 99.0 99.00
2023 08 05 08 00 185  0.8  0.9 99.00 99.00 99.00 999 1021.4  17.4 999.0 999.0 99.0 99.00
2023 08 05 09 00 337  0.8  0.9 99.00 99.00 99.00 999 1021.7  17.4 999.0 999.0 99.0 99.00
2023 08 05 10 00  90  0.3  0.7 99.00 99.00 99.00 999 1021.5  17.3 999.0 999.0 99.0 99.00
2023 08 05 11 00   6  1.0  1.3 99.00 99.00 99.00 999 1021.4  17.7 999.0 999.0 99.0 99.00
2023 08 05 12 00  64  1.1  1.3 99.00 99.00 99.00 999 1021.6  18.0 999.0 999.0 99.0 99.00
2023 08 05 13 00  69  2.1  2.2 99.00 99.00 99.00 999 1021.5  17.4 999.0 999.0 99.0 99.00
2023 08 05 14 00 116  2.7  2.9 99.00 99.00 99.00 999 1021.7  17.3 999.0 999.0 99.0 99.00
2023 08 05 15 00 141  2.9  3.1 99.00 99.00 99.00 999 1021.5  17.2 999.0 999.0 99.0 99.00
2023 08 05 16 00 149  2.5  2.8 99.00 99.00 99.00 999 1021.2  17.2 999.0 999.0 99.0 99.00
2023 08 05 17 00 162  1.5  1.7 99.00 99.00 99.00 999 1021.2  17.4 999.0 999.0 99.0 99.00
2023 08 05 18 00 155  1.9  2.0 99.00 99.00 99.00 999 1021.1  17.9 999.0 999.0 99.0 99.00
2023 08 05 19 00 146  2.9  3.0 99.00 99.00 99.00 999 1021.0  18.4 999.0 999.0 99.0 99.00
2023 08 05 20 00 145  4.5  4.9 99.00 99.00 99.00 999 1020.2  17.9 999.0 999.0 99.0 99.00
2023 08 05 21 00 144  5.3  5.5 99.00 99.00 99.00 999 1020.1  17.7 999.0 999.0 99.0 99.00
2023 08 05 22 00 152  3.9  4.2 99.00 99.00 99.00 999 1019.8  17.6 999.0 999.0 99.0 99.00
2023 08 05 23 00 129  2.1  2.3 99.00 99.00 99.00 999 1019.4  17.8 999.0 999.0 99.0 99.00
2023 08 06 00 00 134  2.9  3.0 99.00 99.00 99.00 999 1019.1  17.7 999.0 999.0 99.0 99.00
2023 08 06 01 00 126  2.1  2.3 99.00 99.00 99.00 999 1018.9  17.6 999.0 999.0 99.0 99.00
2023 08 06 02 00 136  4.5  4.8 99.00 99.00 99.00 999 1019.0  17.5 999.0 999.0 99.0 99.00
2023 08 06 03 00 159  2.7  2.9 99.00 99.00 99.00 999 1019.1  17.5 999.0 999.0 99.0 99.00
2023 08 06 04 00 149  4.2  4.4 99.00 99.00 99.00 999 1018.9  17.6 999.0 999.0 99.0 99.00
2023 08 06 05 00 149  3.2  3.4 99.00 99.00 99.00 999 1018.8  17.5 999.0 999.0 99.0 99.00
2023 08 06 06 00 147  3.6  3.8 99.00 99.00 99.00 999 1018.4  17.5 999.0 999.0 99.0 99.00
2023 08 06 07 00 160  3.5  3.8 99.00 99.00 99.00 999 1017.9  17.5 999.0 999.0 99.0 99.00
2023 08 06 08 00 159  3.0  3.4 99.00 99.00 99.00 999 1017.4  17.6 999.0 999.0 99.0 99.00
2023 08 06 09 00 152  3.1  3.4 99.00 99.00 99.00 999 1016.7  16.9 999.0 999.0 99.0 99.00
2023 08 06 10 00 132  3.5  3.7 99.00 99.00 99.00 999 1016.6  16.9 999.0 999.0 99.0 99.00
2023 08 06 11 00 142  2.9  3.0 99.00 99.00 99.00 999 1017.0  16.9 999.0 999.0 99.0 99.00
2023 08 06 12 00 105  2.7  3.0 99.00 99.00 99.00 999 1016.9  16.9 999.0 999.0 99.0 99.00
2023 08 06 13 00 107  2.8  3.0 99.00 99.00 99.00 999 1016.7  17.1 999.0 999.0 99.0 99.00
2023 08 06 14 00  69  3.1  3.5 99.00 99.00 99.00 999 1017.0  17.0 999.0 999.0 99.0 99.00
2023 08 06 15 00 122  4.7  4.8 99.00 99.00 99.00 999 1016.7  16.5 999.0 999.0 99.0 99.00
2023 08 06 16 00 151  3.4  3.7 99.00 99.00 99.00 999 1016.4  16.8 999.0 999.0 99.0 99.00
2023 08 06 17 00 356  2.9  3.8 99.00 99.00 99.00 999 1016.4  17.7 999.0 999.0 99.0 99.00
2023 08 06 18 00  77  4.0  4.2 99.00 99.00 99.00 999 1016.3  17.1 999.0 999.0 99.0 99.00
2023 08 06 19 00  82  4.2  4.6 99.00 99.00 99.00 999 1015.9  17.1 999.0 999.0 99.0 99.00
2023 08 06 20 00  86  4.2  4.4 99.00 99.00 99.00 999 1015.4  16.9 999.0 999.0 99.0 99.00
2023 08 06 21 00 118  4.5  4.7 99.00 99.00 99.00 999 1015.2  17.0 999.0 999.0 99.0 99.00
2023 08 06 22 00 138  4.7  5.0 99.00 99.00 99.00 999 1014.7  17.6 999.0 999.0 99.0 99.00
2023 08 06 23 00 175  2.5  2.7 99.00 99.00 99.00 999 1014.4  17.8 999.0 999.0 99.0 99.00
2023 08 07 00 00 166  1.5  1.7 99.00 99.00 99.00 999 1014.2  18.0 999.0 999.0 99.0 99.00
2023 08 07 01 00 331  1.1  1.2 99.00 99.00 99.00 999 1014.3  18.3 999.0 999.0 99.0 99.00
2023 08 07 02 00  73  2.2  2.4 99.00 99.00 99.00 999 1014.7  17.9 999.0 999.0 99.0 99.00
2023 08 07 03 00 107  3.3  3.5 99.00 99.00 99.00 999 1014.5  17.7 999.0 999.0 99.0 99.00
2023 08 07 04 00 124  2.9  3.0 99.00 99.00 99.00 999 1014.2  17.4 999.0 999.0 99.0 99.00
2023 08 07 05 00 155  3.2  3.6 99.00 99.00 99.00 999 1014.1  17.6 999.0 999.0 99.0 99.00
2023 08 07 06 00 178  2.6  3.0 99.00 99.00 99.00 999 1013.6  17.7 999.0 999.0 99.0 99.00
2023 08 07 07 00 275  3.0  3.1 99.00 99.00 99.00 999 1013.4  17.8 999.0 999.0 99.0 99.00
2023 08 07 08 00 300  2.3  2.4 99.00 99.00 99.00 999 1012.9  18.0 999.0 999.0 99.0 99.00
2023 08 07 09 00 273  3.7  4.0 99.00 99.00 99.00 999 1012.6  17.9 999.0 999.0 99.0 99.00
2023 08 07 10 00 286  3.7  4.0 99.00 99.00 99.00 999 1012.8  17.6 999.0 999.0 99.0 99.00
2023 08 07 11 00 303  3.6  3.9 99.00 99.00 99.00 999 1012.9  17.7 999.0 999.0 99.0 99.00
2023 08 07 12 00 272  3.9  4.1 99.00 99.00 99.00 999 1012.9  17.4 999.0 999.0 99.0 99.00
2023 08 07 13 00 279  4.0  4.3 99.00 99.00 99.00 999 1013.0  16.7 999.0 999.0 99.0 99.00
2023 08 07 14 00 283  3.9  4.1 99.00 99.00 99.00 999 1012.9  17.4 999.0 999.0 99.0 99.00
2023 08 07 15 00 266  3.4  4.1 99.00 99.00 99.00 999 1013.0  17.9 999.0 999.0 99.0 99.00
2023 08 07 16 00 226  2.4  2.7 99.00 99.00 99.00 999 1012.9  18.4 999.0 999.0 99.0 99.00
2023 08 07 17 00 218  3.6  3.9 99.00 99.00 99.00 999 1012.8  18.5 999.0 999.0 99.0 99.00
2023 08 07 18 00 202  3.4  4.1 99.00 99.00 99.00 999 1012.5  18.8 999.0 999.0 99.0 99.00
2023 08 07 19 00 206  4.3  4.6 99.00 99.00 99.00 999 1012.1  18.9 999.0 999.0 99.0 99.00
2023 08 07 20 00 222  4.1  4.8 99.00 99.00 99.00 999 1012.0  19.5 999.0 999.0 99.0 99.00
2023 08 07 21 00 262  5.4  5.8 99.00 99.00 99.00 999 1011.9  19.6 999.0 999.0 99.0 99.00
2023 08 07 22 00 240  2.5  3.3 99.00 99.00 99.00 999 1011.9  19.9 999.0 999.0 99.0 99.00
2023 08 07 23 00 272  8.1  8.7 99.00 99.00 99.00 999 1011.3  20.1 999.0 999.0 99.0 99.00
2023 08 08 00 00 267  8.5  9.4 99.00 99.00 99.00 999 1011.1  20.2 999.0 999.0 99.0 99.00
2023 08 08 01 00 269  7.5  8.0 99.00 99.00 99.00 999 1011.1  19.9 999.0 999.0 99.0 99.00
2023 08 08 02 00 293  5.0  5.7 99.00 99.00 99.00 999 1011.6  19.3 999.0 999.0 99.0 99.00
2023 08 08 03 00 271  5.7  6.2 99.00 99.00 99.00 999 1011.4  18.9 999.0 999.0 99.0 99.00
2023 08 08 04 00 273  5.7  6.1 99.00 99.00 99.00 999 1011.5  19.2 999.0 999.0 99.0 99.00
2023 08 08 05 00 299  3.6  3.9 99.00 99.00 99.00 999 1011.6  20.3 999.0 999.0 99.0 99.00
2023 08 08 06 00 291  2.8  3.0 99.00 99.00 99.00 999 1011.7  19.5 999.0 999.0 99.0 99.00
2023 08 08 07 00 308  3.2  3.6 99.00 99.00 99.00 999 1011.6  19.6 999.0 999.0 99.0 99.00
2023 08 08 08 00 324  4.7  5.1 99.00 99.00 99.00 999 1011.8  19.5 999.0 999.0 99.0 99.00
2023 08 08 09 00 341  3.4  4.3 99.00 99.00 99.00 999 1011.7  19.1 999.0 999.0 99.0 99.00
2023 08 08 10 00 334  4.8  5.6 99.00 99.00 99.00 999 1011.9  19.0 999.0 999.0 99.0 99.00
2023 08 08 11 00 327  4.2  5.0 99.00 99.00 99.00 999 1012.2  18.9 999.0 999.0 99.0 99.00
2023 08 08 12 00 286  4.3  4.8 99.00 99.00 99.00 999 1012.4  18.9 999.0 999.0 99.0 99.00
2023 08 08 13 00 282  4.6  5.1 99.00 99.00 99.00 999 1012.4  18.5 999.0 999.0 99.0 99.00
2023 08 08 14 00 284  7.5  7.9 99.00 99.00 99.00 999 1012.2  18.1 999.0 999.0 99.0 99.00
2023 08 08 15 00 284  6.6  6.8 99.00 99.00 99.00 999 1011.9  18.2 999.0 999.0 99.0 99.00
2023 08 08 16 00 277  6.6  7.2 99.00 99.00 99.00 999 1011.8  18.4 999.0 999.0 99.0 99.00
2023 08 08 17 00 241  3.9  4.2 99.00 99.00 99.00 999 1011.7  18.8 999.0 999.0 99.0 99.00
2023 08 08 18 00 225  2.6  3.1 99.00 99.00 99.00 999 1011.3  20.2 999.0 999.0 99.0 99.00
2023 08 08 19 00 212  4.7  4.9 99.00 99.00 99.00 999 1010.9  20.2 999.0 999.0 99.0 99.00
2023 08 08 20 00 214  8.4  9.4 99.00 99.00 99.00 999 1010.1  19.7 999.0 999.0 99.0 99.00
2023 08 08 21 00 273  9.4 11.4 99.00 99.00 99.00 999 1010.6  20.1 999.0 999.0 99.0 99.00
2023 08 08 22 00 260 10.3 11.6 99.00 99.00 99.00 999 1009.5  19.1 999.0 999.0 99.0 99.00
2023 08 08 23 00 244  3.2  3.9 99.00 99.00 99.00 999 1008.8  19.8 999.0 999.0 99.0 99.00
2023 08 09 00 00 268  7.0  8.0 99.00 99.00 99.00 999 1008.2  21.3 999.0 999.0 99.0 99.00
2023 08 09 01 00 247  8.5  9.4 99.00 99.00 99.00 999 1008.0  21.0 999.0 999.0 99.0 99.00
2023 08 09 02 00 276 12.0 12.6 99.00 99.00 99.00 999 1008.8  19.7 999.0 999.0 99.0 99.00
2023 08 09 03 00 300  7.0  7.5 99.00 99.00 99.00 999 1008.8  18.8 999.0 999.0 99.0 99.00
2023 08 09 04 00  36  0.9  1.1 99.00 99.00 99.00 999 1008.4  18.0 999.0 999.0 99.0 99.00
2023 08 09 05 00 202  5.9  6.7 99.00 99.00 99.00 999 1008.1  17.6 999.0 999.0 99.0 99.00
2023 08 09 06 00 222  4.0  4.4 99.00 99.00 99.00 999 1007.6  17.7 999.0 999.0 99.0 99.00
2023 08 09 07 00 248  5.0  5.4 99.00 99.00 99.00 999 1007.3  17.7 999.0 999.0 99.0 99.00
2023 08 09 08 00 259  4.9  5.1 99.00 99.00 99.00 999 1007.2  17.1 999.0 999.0 99.0 99.00
2023 08 09 09 00 258  7.3  7.8 99.00 99.00 99.00 999 1006.9  17.1 999.0 999.0 99.0 99.00
2023 08 09 10 00 279  9.2 10.0 99.00 99.00 99.00 999 1006.7  17.5 999.0 999.0 99.0 99.00
2023 08 09 11 00 293  8.8  9.4 99.00 99.00 99.00 999 1006.9  17.0 999.0 999.0 99.0 99.00
2023 08 09 12 00 297  7.5  8.0 99.00 99.00 99.00 999 1007.3  16.6 999.0 999.0 99.0 99.00
2023 08 09 13 00 289  8.2  8.8 99.00 99.00 99.00 999 1007.4  16.6 999.0 999.0 99.0 99.00
2023 08 09 14 00 283  8.8  9.5 99.00 99.00 99.00 999 1007.3  16.9 999.0 999.0 99.0 99.00
2023 08 09 15 00 281  8.5  9.0 99.00 99.00 99.00 999 1007.5  16.7 999.0 999.0 99.0 99.00
2023 08 09 16 00 286  8.8  9.3 99.00 99.00 99.00 999 1007.4  16.9 999.0 999.0 99.0 99.00
2023 08 09 17 00 284  9.3 10.0 99.00 99.00 99.00 999 1007.0  17.7 999.0 999.0 99.0 99.00
2023 08 09 18 00 257  7.6  8.2 99.00 99.00 99.00 999 1007.1  17.7 999.0 999.0 99.0 99.00
2023 08 09 19 00 251  6.6  7.3 99.00 99.00 99.00 999 1006.9  18.2 999.0 999.0 99.0 99.00
2023 08 09 20 00 259  7.9  8.5 99.00 99.00 99.00 999 1006.6  18.4 999.0 999.0 99.0 99.00
2023 08 09 21 00 260  9.7 11.0 99.00 99.00 99.00 999 1006.2  18.7 999.0 999.0 99.0 99.00
2023 08 09 22 00 264  9.6 10.1 99.00 99.00 99.00 999 1005.5  18.7 999.0 999.0 99.0 99.00
2023 08 09 23 00 263  8.8  9.3 99.00 99.00 99.00 999 1005.6  18.6 999.0 999.0 99.0 99.00
2023 08 10 00 00 266  9.2  9.8 99.00 99.00 99.00 999 1005.7  18.4 999.0 999.0 99.0 99.00
2023 08 10 01 00 264  7.1  7.6 99.00 99.00 99.00 999 1006.0  18.3 999.0 999.0 99.0 99.00
2023 08 10 02 00 263  6.4  6.7 99.00 99.00 99.00 999 1006.3  18.0 999.0 999.0 99.0 99.00
2023 08 10 03 00 309  4.4  4.7 99.00 99.00 99.00 999 1006.3  18.0 999.0 999.0 99.0 99.00
2023 08 10 04 00 302  6.8  7.5 99.00 99.00 99.00 999 1006.0  17.7 999.0 999.0 99.0 99.00
2023 08 10 05 00 304  9.6 10.4 99.00 99.00 99.00 999 1005.5  17.5 999.0 999.0 99.0 99.00
2023 08 10 06 00 309  8.6  9.3 99.00 99.00 99.00 999 1005.6  17.1 999.0 999.0 99.0 99.00
2023 08 10 07 00 324 11.5 12.2 99.00 99.00 99.00 999 1005.2  16.7 999.0 999.0 99.0 99.00
2023 08 10 08 00 336  7.6 10.0 99.00 99.00 99.00 999 1005.1  16.1 999.0 999.0 99.0 99.00
2023 08 10 09 00 338  7.2  8.7 99.00 99.00 99.00 999 1005.6  16.0 999.0 999.0 99.0 99.00
2023 08 10 10 00 335  7.3  9.5 99.00 99.00 99.00 999 1006.1  15.4 999.0 999.0 99.0 99.00
2023 08 10 11 00 328  8.1  9.3 99.00 99.00 99.00 999 1006.7  14.8 999.0 999.0 99.0 99.00
2023 08 10 12 00 317  7.8 10.0 99.00 99.00 99.00 999 1007.3  14.3 999.0 999.0 99.0 99.00
2023 08 10 13 00 336  8.1 10.4 99.00 99.00 99.00 999 1007.6  14.5 999.0 999.0 99.0 99.00
2023 08 10 14 00 326  8.8  9.7 99.00 99.00 99.00 999 1007.8  14.4 999.0 999.0 99.0 99.00
2023 08 10 15 00 321  8.5  9.5 99.00 99.00 99.00 999 1008.1  14.9 999.0 999.0 99.0 99.00
2023 08 10 16 00 338  6.3  8.2 99.00 99.00 99.00 999 1008.6  15.9 999.0 999.0 99.0 99.00
2023 08 10 17 00 350  4.8  6.3 99.00 99.00 99.00 999 1008.7  16.5 999.0 999.0 99.0 99.00
2023 08 10 18 00 357  3.6  5.9 99.00 99.00 99.00 999 1008.7  17.0 999.0 999.0 99.0 99.00
2023 08 10 19 00 328  3.5  4.0 99.00 99.00 99.00 999 1009.0  16.7 999.0 999.0 99.0 99.00
2023 08 10 20 00 290  2.8  3.1 99.00 99.00 99.00 999 1009.2  16.9 999.0 999.0 99.0 99.00
2023 08 10 21 00 257  3.0  3.3 99.00 99.00 99.00 999 1009.4  17.1 999.0 999.0 99.0 99.00
2023 08 10 22 00 312  2.6  3.2 99.00 99.00 99.00 999 1009.8  17.5 999.0 999.0 99.0 99.00
2023 08 10 23 00 345  4.8  6.2 99.00 99.00 99.00 999 1009.9  17.6 999.0 999.0 99.0 99.00
2023 08 11 00 00 346  3.3  5.0 99.00 99.00 99.00 999 1010.1  17.5 999.0 999.0 99.0 99.00
2023 08 11 01 00  19  1.7  4.0 99.00 99.00 99.00 999 1010.5  17.5 999.0 999.0 99.0 99.00
2023 08 11 02 00  15  4.3  6.7 99.00 99.00 99.00 999 1010.6  17.1 999.0 999.0 99.0 99.00
2023 08 11 03 00  28  4.9  6.5 99.00 99.00 99.00 999 1010.9  16.2 999.0 999.0 99.0 99.00
2023 08 11 04 00  33  4.5  5.5 99.00 99.00 99.00 999 1010.9  15.7 999.0 999.0 99.0 99.00
2023 08 11 05 00  39  4.7  6.0 99.00 99.00 99.00 999 1010.5  15.5 999.0 999.0 99.0 99.00
2023 08 11 06 00  74  7.1  7.7 99.00 99.00 99.00 999 1010.2  16.2 999.0 999.0 99.0 99.00
2023 08 11 07 00  80  6.1  6.6 99.00 99.00 99.00 999 1010.5  15.8 999.0 999.0 99.0 99.00
2023 08 11 08 00  93  7.1  7.9 99.00 99.00 99.00 999 1010.4  15.4 999.0 999.0 99.0 99.00
2023 08 11 09 00  90  7.5  8.5 99.00 99.00 99.00 999 1010.3  15.1 999.0 999.0 99.0 99.00
2023 08 11 10 00  86  8.8  9.7 99.00 99.00 99.00 999 1009.9  14.8 999.0 999.0 99.0 99.00
2023 08 11 11 00  95  9.0 10.6 99.00 99.00 99.00 999 1010.3  14.7 999.0 999.0 99.0 99.00
2023 08 11 12 00  88 10.3 11.2 99.00 99.00 99.00 999 1010.3  14.5 999.0 999.0 99.0 99.00
2023 08 11 13 00  89 10.1 11.1 99.00 99.00 99.00 999 1010.1  14.6 999.0 999.0 99.0 99.00
2023 08 11 14 00 103  9.2  9.9 99.00 99.00 99.00 999 1010.3  14.5 999.0 999.0 99.0 99.00
2023 08 11 15 00  97 10.4 11.1 99.00 99.00 99.00 999 1009.6  14.5 999.0 999.0 99.0 99.00
2023 08 11 16 00  95 10.3 11.3 99.00 99.00 99.00 999 1009.1  14.4 999.0 999.0 99.0 99.00
2023 08 11 17 00  93 11.2 12.0 99.00 99.00 99.00 999 1008.7  14.3 999.0 999.0 99.0 99.00
2023 08 11 18 00  91 10.7 11.6 99.00 99.00 99.00 999 1008.5  14.3 999.0 999.0 99.0 99.00
2023 08 11 19 00  84 11.3 12.6 99.00 99.00 99.00 999 1008.4  14.5 999.0 999.0 99.0 99.00
2023 08 11 20 00  86 11.7 12.7 99.00 99.00 99.00 999 1007.8  14.8 999.0 999.0 99.0 99.00
2023 08 11 21 00  86 12.3 14.2 99.00 99.00 99.00 999 1007.6  14.8 999.0 999.0 99.0 99.00
2023 08 11 22 00  76 13.2 15.9 99.00 99.00 99.00 999 1007.4  14.7 999.0 999.0 99.0 99.00
2023 08 11 23 00  71 11.9 13.3 99.00 99.00 99.00 999 1007.4  14.6 999.0 999.0 99.0 99.00
2023 08 12 00 00  68 12.7 14.4 99.00 99.00 99.00 999 1007.0  14.8 999.0 999.0 99.0 99.00
2023 08 12 01 00  65 11.6 14.0 99.00 99.00 99.00 999 1006.9  14.8 999.0 999.0 99.0 99.00
2023 08 12 02 00  63 11.5 13.6 99.00 99.00 99.00 999 1007.6  15.1 999.0 999.0 99.0 99.00
2023 08 12 03 00  66 11.9 12.9 99.00 99.00 99.00 999 1007.6  14.8 999.0 999.0 99.0 99.00
2023 08 12 04 00  65  9.7 11.0 99.00 99.00 99.00 999 1007.5  14.4 999.0 999.0 99.0 99.00
2023 08 12 05 00  45  7.5 10.0 99.00 99.00 99.00 999 1007.3  14.3 999.0 999.0 99.0 99.00
2023 08 12 06 00  39  6.9  8.9 99.00 99.00 99.00 999 1007.3  14.5 999.0 999.0 99.0 99.00
2023 08 12 07 00  29  5.6  8.8 99.00 99.00 99.00 999 1007.6  14.5 999.0 999.0 99.0 99.00
2023 08 12 08 00  18  4.0  6.8 99.00 99.00 99.00 999 1007.9  14.6 999.0 999.0 99.0 99.00
2023 08 12 09 00  16  4.5  7.0 99.00 99.00 99.00 999 1008.1  14.4 999.0 999.0 99.0 99.00
2023 08 12 10 00  14  3.2  6.2 99.00 99.00 99.00 999 1008.7  14.4 999.0 999.0 99.0 99.00
2023 08 12 11 00  16  4.6  6.5 99.00 99.00 99.00 999 1008.8  14.3 999.0 999.0 99.0 99.00
2023 08 12 12 00  14  5.4  7.8 99.00 99.00 99.00 999 1009.3  14.3 999.0 999.0 99.0 99.00
2023 08 12 13 00  10  4.6  8.2 99.00 99.00 99.00 999 1009.8  14.5 999.0 999.0 99.0 99.00
2023 08 12 14 00   8  3.2  6.3 99.00 99.00 99.00 999 1010.1  14.4 999.0 999.0 99.0 99.00
2023 08 12 15 00 358  4.0  6.8 99.00 99.00 99.00 999 1010.5  15.0 999.0 999.0 99.0 99.00
2023 08 12 16 00  14  3.0  6.2 99.00 99.00 99.00 999 1010.8  15.3 999.0 999.0 99.0 99.00
2023 08 12 17 00 349  4.8  6.6 99.00 99.00 99.00 999 1011.3  15.5 999.0 999.0 99.0 99.00
2023 08 12 18 00 348  3.9  6.6 99.00 99.00 99.00 999 1011.6  16.2 999.0 999.0 99.0 99.00
2023 08 12 19 00  10  1.8  3.5 99.00 99.00 99.00 999 1011.9  17.4 999.0 999.0 99.0 99.00
2023 08 12 20 00  58  3.5  4.2 99.00 99.00 99.00 999 1012.5  17.1 999.0 999.0 99.0 99.00
2023 08 12 21 00  14  1.4  2.1 99.00 99.00 99.00 999 1012.9  16.9 999.0 999.0 99.0 99.00
2023 08 12 22 00 275  1.1  1.2 99.00 99.00 99.00 999 1013.4  16.6 999.0 999.0 99.0 99.00
2023 08 12 23 00   0  0.0  0.0 99.00 99.00 99.00 999 1013.9  17.5 999.0 999.0 99.0 99.00
2023 08 13 00 00 302  2.0  2.3 99.00 99.00 99.00 999 1014.4  17.3 999.0 999.0 99.0 99.00
2023 08 13 01 00 262  5.3  5.6 99.00 99.00 99.00 999 1015.0  15.4 999.0 999.0 99.0 99.00
2023 08 13 02 00 268  5.0  5.4 99.00 99.00 99.00 999 1015.4  15.1 999.0 999.0 99.0 99.00
2023 08 13 03 00 271  5.6  6.1 99.00 99.00 99.00 999 1015.7  15.1 999.0 999.0 99.0 99.00
2023 08 13 04 00 269  5.7  6.1 99.00 99.00 99.00 999 1015.8  14.7 999.0 999.0 99.0 99.00
2023 08 13 05 00 272  3.8  4.1 99.00 99.00 99.00 999 1016.1  15.1 999.0 999.0 99.0 99.00
2023 08 13 06 00 278  2.7  2.9 99.00 99.00 99.00 999 1016.3  14.9 999.0 999.0 99.0 99.00
2023 08 13 07 00 273  3.2  3.3 99.00 99.00 99.00 999 1016.5  15.1 999.0 999.0 99.0 99.00
2023 08 13 08 00 281  3.6  3.9 99.00 99.00 99.00 999 1016.6  15.1 999.0 999.0 99.0 99.00
2023 08 13 09 00 292  3.4  3.7 99.00 99.00 99.00 999 1017.2  14.8 999.0 999.0 99.0 99.00
2023 08 13 10 00  13  2.4  3.8 99.00 99.00 99.00 999 1017.1  14.7 999.0 999.0 99.0 99.00
2023 08 13 11 00  24  3.9  4.4 99.00 99.00 99.00 999 1017.5  15.2 999.0 999.0 99.0 99.00
2023 08 13 12 00  39  2.7  3.5 99.00 99.00 99.00 999 1018.3  15.3 999.0 999.0 99.0 99.00
2023 08 13 13 00  22  1.9  2.7 99.00 99.00 99.00 999 1019.2  15.9 999.0 999.0 99.0 99.00
2023 08 13 14 00  18  2.6  4.4 99.00 99.00 99.00 999 1019.5  16.4 999.0 999.0 99.0 99.00
2023 08 13 15 00   1  2.5  3.2 99.00 99.00 99.00 999 1020.2  15.6 999.0 999.0 99.0 99.00
2023 08 13 16 00 355  2.7  3.2 99.00 99.00 99.00 999 1020.3  16.3 999.0 999.0 99.0 99.00
2023 08 13 17 00  66  1.8  2.0 99.00 99.00 99.00 999 1020.3  16.1 999.0 999.0 99.0 99.00
2023 08 13 18 00  95  1.3  1.5 99.00 99.00 99.00 999 1020.4  16.3 999.0 999.0 99.0 99.00
2023 08 13 19 00 169  1.8  2.0 99.00 99.00 99.00 999 1020.3  16.7 999.0 999.0 99.0 99.00
2023 08 13 20 00 172  4.2  4.6 99.00 99.00 99.00 999 1020.1  17.0 999.0 999.0 99.0 99.00
2023 08 13 21 00 204  5.0  5.4 99.00 99.00 99.00 999 1019.9  17.0 999.0 999.0 99.0 99.00
2023 08 13 22 00 212  5.4  5.7 99.00 99.00 99.00 999 1019.7  17.2 999.0 999.0 99.0 99.00
2023 08 13 23 00 221  6.4  6.8 99.00 99.00 99.00 999 1019.8  16.8 999.0 999.0 99.0 99.00
2023 08 14 00 00 271  3.8  4.0 99.00 99.00 99.00 999 1019.6  17.0 999.0 999.0 99.0 99.00
2023 08 14 01 00 280  4.2  4.6 99.00 99.00 99.00 999 1019.8  15.5 999.0 999.0 99.0 99.00
2023 08 14 02 00 279  5.6  5.9 99.00 99.00 99.00 999 1020.3  15.0 999.0 999.0 99.0 99.00
2023 08 14 03 00 289  4.5  4.7 99.00 99.00 99.00 999 1020.2  15.8 999.0 999.0 99.0 99.00
2023 08 14 04 00 273  4.6  5.0 99.00 99.00 99.00 999 1020.2  15.5 999.0 999.0 99.0 99.00
2023 08 14 05 00 274  5.4  5.7 99.00 99.00 99.00 999 1019.9  15.8 999.0 999.0 99.0 99.00
2023 08 14 06 00 312  3.7  3.9 99.00 99.00 99.00 999 1019.7  16.0 999.0 999.0 99.0 99.00
2023 08 14 07 00 321  2.9  3.1 99.00 99.00 99.00 999 1019.6  16.4 999.0 999.0 99.0 99.00
2023 08 14 08 00   4  3.0  3.6 99.00 99.00 99.00 999 1019.3  16.1 999.0 999.0 99.0 99.00
2023 08 14 09 00  52  4.0  4.8 99.00 99.00 99.00 999 1019.4  15.7 999.0 999.0 99.0 99.00
2023 08 14 10 00  48  5.2  6.1 99.00 99.00 99.00 999 1019.5  16.0 999.0 999.0 99.0 99.00
2023 08 14 11 00  57  4.9  5.5 99.00 99.00 99.00 999 1020.0  16.0 999.0 999.0 99.0 99.00
2023 08 14 12 00  56  4.6  5.5 99.00 99.00 99.00 999 1020.3  15.9 999.0 999.0 99.0 99.00
2023 08 14 13 00  55  4.1  5.0 99.00 99.00 99.00 999 1020.7  16.2 999.0 999.0 99.0 99.00
2023 08 14 14 00  61  5.3  6.2 99.00 99.00 99.00 999 1020.9  16.4 999.0 999.0 99.0 99.00
2023 08 14 15 00  59  5.6  6.3 99.00 99.00 99.00 999 1020.7  16.4 999.0 999.0 99.0 99.00
2023 08 14 16 00  67  4.7  5.3 99.00 99.00 99.00 999 1020.7  16.3 999.0 999.0 99.0 99.00
2023 08 14 17 00  69  4.7  5.0 99.00 99.00 99.00 999 1020.6  15.8 999.0 999.0 99.0 99.00
2023 08 14 18 00  63  4.4  4.9 99.00 99.00 99.00 999 1020.2  16.2 999.0 999.0 99.0 99.00
2023 08 14 19 00  87  3.2  3.4 99.00 99.00 99.00 999 1020.1  15.9 999.0 999.0 99.0 99.00
2023 08 14 20 00 136  4.0  4.3 99.00 99.00 99.00 999 1019.7  16.4 999.0 999.0 99.0 99.00
2023 08 14 21 00 170  1.1  1.2 99.00 99.00 99.00 999 1019.6  16.8 999.0 999.0 99.0 99.00
2023 08 14 22 00 173  2.7  2.9 99.00 99.00 99.00 999 1019.4  17.1 999.0 999.0 99.0 99.00
2023 08 14 23 00 243  2.2  2.4 99.00 99.00 99.00 999 1019.1  17.4 999.0 999.0 99.0 99.00
2023 08 15 00 00 231  2.4  2.5 99.00 99.00 99.00 999 1018.8  18.6 999.0 999.0 99.0 99.00
2023 08 15 01 00 283  2.1  2.2 99.00 99.00 99.00 999 1018.6  18.5 999.0 999.0 99.0 99.00
2023 08 15 02 00 281  3.0  3.2 99.00 99.00 99.00 999 1018.6  16.6 999.0 999.0 99.0 99.00
2023 08 15 03 00 280  4.6  4.8 99.00 99.00 99.00 999 1018.7  15.8 999.0 999.0 99.0 99.00
2023 08 15 04 00 271  5.8  6.3 99.00 99.00 99.00 999 1018.6  15.6 999.0 999.0 99.0 99.00
2023 08 15 05 00 273  6.8  7.4 99.00 99.00 99.00 999 1018.5  15.6 999.0 999.0 99.0 99.00
2023 08 15 06 00 264  7.7  8.2 99.00 99.00 99.00 999 1018.2  15.9 999.0 999.0 99.0 99.00
2023 08 15 07 00 273  6.1  6.5 99.00 99.00 99.00 999 1017.8  15.9 999.0 999.0 99.0 99.00
2023 08 15 08 00 271  6.5  7.1 99.00 99.00 99.00 999 1017.5  15.7 999.0 999.0 99.0 99.00
2023 08 15 09 00 268  5.4  6.0 99.00 99.00 99.00 999 1017.3  15.9 999.0 999.0 99.0 99.00
2023 08 15 10 00 279  6.6  7.1 99.00 99.00 99.00 999 1017.1  15.9 999.0 999.0 99.0 99.00
2023 08 15 11 00 271  5.6  6.2 99.00 99.00 99.00 999 1017.3  15.2 999.0 999.0 99.0 99.00
2023 08 15 12 00 278  5.3  5.9 99.00 99.00 99.00 999 1017.5  15.3 999.0 999.0 99.0 99.00
2023 08 15 13 00 231  3.4  3.9 99.00 99.00 99.00 999 1017.2  16.4 999.0 999.0 99.0 99.00
2023 08 15 14 00 201  5.7  6.2 99.00 99.00 99.00 999 1016.6  16.3 999.0 999.0 99.0 99.00
2023 08 15 15 00 215  7.9  8.6 99.00 99.00 99.00 999 1016.2  16.5 999.0 999.0 99.0 99.00
2023 08 15 16 00 236  7.3  7.8 99.00 99.00 99.00 999 1016.2  17.0 999.0 999.0 99.0 99.00
2023 08 15 17 00 219  8.2  9.2 99.00 99.00 99.00 999 1015.4  16.6 999.0 999.0 99.0 99.00
2023 08 15 18 00 208 11.1 12.2 99.00 99.00 99.00 999 1014.5  16.3 999.0 999.0 99.0 99.00
2023 08 15 19 00 207 11.1 12.3 99.00 99.00 99.00 999 1014.0  16.6 999.0 999.0 99.0 99.00
2023 08 15 20 00 214 10.5 11.2 99.00 99.00 99.00 999 1013.4  16.8 999.0 999.0 99.0 99.00
2023 08 15 21 00 221 10.3 11.0 99.00 99.00 99.00 999 1012.4  16.7 999.0 999.0 99.0 99.00
2023 08 15 22 00 221  8.2  8.5 99.00 99.00 99.00 999 1012.2  17.4 999.0 999.0 99.0 99.00
2023 08 15 23 00 208  8.4  9.1 99.00 99.00 99.00 999 1011.2  17.6 999.0 999.0 99.0 99.00
2023 08 16 00 00 210  7.6  7.9 99.00 99.00 99.00 999 1010.9  17.6 999.0 999.0 99.0 99.00
2023 08 16 01 00 261  3.9  4.2 99.00 99.00 99.00 999 1010.7  18.1 999.0 999.0 99.0 99.00
2023 08 16 02 00 270  8.4  8.8 99.00 99.00 99.00 999 1011.0  17.6 999.0 999.0 99.0 99.00
2023 08 16 03 00 269  9.1 10.0 99.00 99.00 99.00 999 1011.2  17.7 999.0 999.0 99.0 99.00
2023 08 16 04 00 298  5.1  5.6 99.00 99.00 99.00 999 1011.4  17.6 999.0 999.0 99.0 99.00
2023 08 16 05 00 283  6.7  6.9 99.00 99.00 99.00 999 1011.3  18.2 999.0 999.0 99.0 99.00
2023 08 16 06 00 302  4.3  4.5 99.00 99.00 99.00 999 1011.3  18.4 999.0 999.0 99.0 99.00
2023 08 16 07 00 252  3.8  3.9 99.00 99.00 99.00 999 1011.3  17.7 999.0 999.0 99.0 99.00
2023 08 16 08 00 276  4.5  4.7 99.00 99.00 99.00 999 1011.6  17.2 999.0 999.0 99.0 99.00
2023 08 16 09 00 330  2.3  2.4 99.00 99.00 99.00 999 1011.4  16.9 999.0 999.0 99.0 99.00
2023 08 16 10 00 339  2.1  2.4 99.00 99.00 99.00 999 1011.3  16.5 999.0 999.0 99.0 99.00
2023 08 16 11 00  47  2.0  2.9 99.00 99.00 99.00 999 1011.0  15.8 999.0 999.0 99.0 99.00
2023 08 16 12 00  80  3.2  3.6 99.00 99.00 99.00 999 1010.9  15.4 999.0 999.0 99.0 99.00
2023 08 16 13 00 105  5.2  5.9 99.00 99.00 99.00 999 1010.5  15.0 999.0 999.0 99.0 99.00
2023 08 16 14 00 118  6.0  6.5 99.00 99.00 99.00 999 1010.3  14.5 999.0 999.0 99.0 99.00
2023 08 16 15 00 133  6.2  7.0 99.00 99.00 99.00 999 1009.3  14.3 999.0 999.0 99.0 99.00
2023 08 16 16 00 130  6.2  6.8 99.00 99.00 99.00 999 1007.9  14.4 999.0 999.0 99.0 99.00
2023 08 16 17 00 178  6.0  6.5 99.00 99.00 99.00 999 1006.8  16.5 999.0 999.0 99.0 99.00
2023 08 16 18 00 193  8.2  9.0 99.00 99.00 99.00 999 1005.8  17.3 999.0 999.0 99.0 99.00
2023 08 16 19 00 169  5.8  6.1 99.00 99.00 99.00 999 1004.6  17.3 999.0 999.0 99.0 99.00
2023 08 16 20 00 146  7.2  8.1 99.00 99.00 99.00 999 1003.2  16.8 999.0 999.0 99.0 99.00
2023 08 16 21 00 131  8.0  8.5 99.00 99.00 99.00 999 1002.0  16.4 999.0 999.0 99.0 99.00
2023 08 16 22 00 130  9.9 10.7 99.00 99.00 99.00 999  999.8  16.0 999.0 999.0 99.0 99.00
2023 08 16 23 00 152  6.5  6.7 99.00 99.00 99.00 999  998.8  18.3 999.0 999.0 99.0 99.00
2023 08 17 00 00 184  7.1  7.8 99.00 99.00 99.00 999  997.5  18.8 999.0 999.0 99.0 99.00
2023 08 17 01 00 281 13.8 15.4 99.00 99.00 99.00 999  999.1  17.2 999.0 999.0 99.0 99.00
2023 08 17 02 00 205  7.1  7.9 99.00 99.00 99.00 999  998.2  17.6 999.0 999.0 99.0 99.00
2023 08 17 03 00 213 10.6 11.2 99.00 99.00 99.00 999  997.3  18.4 999.0 999.0 99.0 99.00
2023 08 17 04 00 212 10.2 11.3 99.00 99.00 99.00 999  996.4  17.1 999.0 999.0 99.0 99.00
2023 08 17 05 00 207 10.1 11.0 99.00 99.00 99.00 999  996.0  16.8 999.0 999.0 99.0 99.00
2023 08 17 06 00 218  8.1  8.7 99.00 99.00 99.00 999  995.7  17.0 999.0 999.0 99.0 99.00
2023 08 17 07 00 268 11.7 12.5 99.00 99.00 99.00 999  995.0  17.5 999.0 999.0 99.0 99.00
2023 08 17 08 00 268 10.7 11.3 99.00 99.00 99.00 999  994.7  16.4 999.0 999.0 99.0 99.00
2023 08 17 09 00 258  9.5  9.9 99.00 99.00 99.00 999  995.1  16.2 999.0 999.0 99.0 99.00
2023 08 17 10 00 278  8.7  9.2 99.00 99.00 99.00 999  995.4  17.2 999.0 999.0 99.0 99.00
2023 08 17 11 00 301 12.0 13.2 99.00 99.00 99.00 999  996.2  17.2 999.0 999.0 99.0 99.00
2023 08 17 12 00 319 11.1 11.9 99.00 99.00 99.00 999  998.0  16.0 999.0 999.0 99.0 99.00
2023 08 17 13 00 320 13.9 15.1 99.00 99.00 99.00 999  998.3  14.8 999.0 999.0 99.0 99.00
2023 08 17 14 00 310 14.8 17.0 99.00 99.00 99.00 999  999.0  15.0 999.0 999.0 99.0 99.00
2023 08 17 15 00 316 13.1 14.3 99.00 99.00 99.00 999  999.6  15.3 999.0 999.0 99.0 99.00
2023 08 17 16 00 328 14.9 17.5 99.00 99.00 99.00 999 1000.4  15.8 999.0 999.0 99.0 99.00
2023 08 17 17 00 321 16.4 18.3 99.00 99.00 99.00 999 1001.7  16.1 999.0 999.0 99.0 99.00
2023 08 17 18 00 328 14.3 16.1 99.00 99.00 99.00 999 1002.9  15.9 999.0 999.0 99.0 99.00
2023 08 17 19 00 288 10.8 12.0 99.00 99.00 99.00 999 1003.8  15.4 999.0 999.0 99.0 99.00
2023 08 17 20 00 331 10.6 11.8 99.00 99.00 99.00 999 1004.7  16.6 999.0 999.0 99.0 99.00
2023 08 17 21 00 331 11.9 13.5 99.00 99.00 99.00 999 1005.7  17.4 999.0 999.0 99.0 99.00
2023 08 17 22 00 330  8.8 10.3 99.00 99.00 99.00 999 1006.5  17.5 999.0 999.0 99.0 99.00
2023 08 17 23 00 338  8.1  9.2 99.00 99.00 99.00 999 1007.4  18.0 999.0 999.0 99.0 99.00
2023 08 18 00 00 345  6.4  7.8 99.00 99.00 99.00 999 1008.2  17.5 999.0 999.0 99.0 99.00
2023 08 18 01 00 336  8.5 10.1 99.00 99.00 99.00 999 1009.0  17.5 999.0 999.0 99.0 99.00
2023 08 18 02 00 353  2.5  4.3 99.00 99.00 99.00 999 1010.3  16.2 999.0 999.0 99.0 99.00
2023 08 18 03 00 319  3.8  4.2 99.00 99.00 99.00 999 1011.0  15.9 999.0 999.0 99.0 99.00
2023 08 18 04 00 322  4.8  5.1 99.00 99.00 99.00 999 1011.4  16.2 999.0 999.0 99.0 99.00
2023 08 18 05 00 310  5.0  5.4 99.00 99.00 99.00 999 1012.0  15.8 999.0 999.0 99.0 99.00
2023 08 18 06 00 303  5.4  5.8 99.00 99.00 99.00 999 1012.3  15.5 999.0 999.0 99.0 99.00
2023 08 18 07 00 302  5.3  5.7 99.00 99.00 99.00 999 1012.5  15.2 999.0 999.0 99.0 99.00
2023 08 18 08 00 266  4.0  4.2 99.00 99.00 99.00 999 1012.8  14.7 999.0 999.0 99.0 99.00
2023 08 18 09 00 278  6.0  6.6 99.00 99.00 99.00 999 1013.4  14.9 999.0 999.0 99.0 99.00
2023 08 18 10 00 267  5.4  5.8 99.00 99.00 99.00 999 1013.9  14.6 999.0 999.0 99.0 99.00
2023 08 18 11 00 265  6.3  6.8 99.00 99.00 99.00 999 1014.7  14.6 999.0 999.0 99.0 99.00
2023 08 18 12 00 272  6.8  7.2 99.00 99.00 99.00 999 1015.1  14.6 999.0 999.0 99.0 99.00
2023 08 18 13 00 273  6.8  7.5 99.00 99.00 99.00 999 1015.2  14.8 999.0 999.0 99.0 99.00
2023 08 18 14 00 269  5.5  5.9 99.00 99.00 99.00 999 1015.5  14.7 999.0 999.0 99.0 99.00
2023 08 18 15 00 273  4.7  5.0 99.00 99.00 99.00 999 1015.7  15.0 999.0 999.0 99.0 99.00
2023 08 18 16 00 203  2.3  2.6 99.00 99.00 99.00 999 1015.7  15.5 999.0 999.0 99.0 99.00
2023 08 18 17 00 222  6.5  6.8 99.00 99.00 99.00 999 1015.5  15.8 999.0 999.0 99.0 99.00
2023 08 18 18 00 251  3.4  3.8 99.00 99.00 99.00 999 1015.3  16.3 999.0 999.0 99.0 99.00
2023 08 18 19 00 230  4.0  4.2 99.00 99.00 99.00 999 1015.0  17.2 999.0 999.0 99.0 99.00
2023 08 18 20 00 206  5.5  6.1 99.00 99.00 99.00 999 1014.8  16.7 999.0 999.0 99.0 99.00
2023 08 18 21 00 215  8.0  8.8 99.00 99.00 99.00 999 1014.2  16.0 999.0 999.0 99.0 99.00
2023 08 18 22 00 219  7.7  8.7 99.00 99.00 99.00 999 1013.7  16.3 999.0 999.0 99.0 99.00
2023 08 18 23 00 202  6.0  6.4 99.00 99.00 99.00 999 1013.1  16.2 999.0 999.0 99.0 99.00
2023 08 19 00 00 192  5.5  5.9 99.00 99.00 99.00 999 1012.7  16.0 999.0 999.0 99.0 99.00
2023 08 19 01 00 175  6.3  6.8 99.00 99.00 99.00 999 1012.4  15.9 999.0 999.0 99.0 99.00
2023 08 19 02 00 164  7.2  7.5 99.00 99.00 99.00 999 1012.5  16.0 999.0 999.0 99.0 99.00
2023 08 19 03 00 153  8.6  9.2 99.00 99.00 99.00 999 1012.3  16.0 999.0 999.0 99.0 99.00
2023 08 19 04 00 150 10.0 10.8 99.00 99.00 99.00 999 1012.0  16.6 999.0 999.0 99.0 99.00
2023 08 19 05 00 158  9.4 10.2 99.00 99.00 99.00 999 1011.9  16.6 999.0 999.0 99.0 99.00
2023 08 19 06 00 190  7.4  8.4 99.00 99.00 99.00 999 1012.1  16.7 999.0 999.0 99.0 99.00
2023 08 19 07 00 180  6.4  6.8 99.00 99.00 99.00 999 1012.2  16.8 999.0 999.0 99.0 99.00
2023 08 19 08 00 179  6.3  6.5 99.00 99.00 99.00 999 1012.0  16.6 999.0 999.0 99.0 99.00
2023 08 19 09 00 192  6.6  7.3 99.00 99.00 99.00 999 1011.7  16.8 999.0 999.0 99.0 99.00
2023 08 19 10 00 198  5.7  6.7 99.00 99.00 99.00 999 1011.2  16.8 999.0 999.0 99.0 99.00
2023 08 19 11 00 203  6.6  7.4 99.00 99.00 99.00 999 1011.3  16.6 999.0 999.0 99.0 99.00
2023 08 19 12 00 203  6.0  6.4 99.00 99.00 99.00 999 1011.2  16.2 999.0 999.0 99.0 99.00
2023 08 19 13 00 195  8.2  9.1 99.00 99.00 99.00 999 1011.0  16.1 999.0 999.0 99.0 99.00
2023 08 19 14 00 187  8.1  8.6 99.00 99.00 99.00 999 1010.6  16.2 999.0 999.0 99.0 99.00
2023 08 19 15 00 182  8.3  8.9 99.00 99.00 99.00 999 1010.2  16.3 999.0 999.0 99.0 99.00
2023 08 19 16 00 178  6.5  7.3 99.00 99.00 99.00 999 1010.1  16.1 999.0 999.0 99.0 99.00
2023 08 19 17 00 200  3.3  4.4 99.00 99.00 99.00 999 1009.8  16.2 999.0 999.0 99.0 99.00
2023 08 19 18 00 165  1.9  2.8 99.00 99.00 99.00 999 1009.3  16.5 999.0 999.0 99.0 99.00
2023 08 19 19 00 159  4.8  5.0 99.00 99.00 99.00 999 1009.4  16.7 999.0 999.0 99.0 99.00
2023 08 19 20 00 154  6.6  6.8 99.00 99.00 99.00 999 1009.0  17.7 999.0 999.0 99.0 99.00
2023 08 19 21 00 178  3.1  3.6 99.00 99.00 99.00 999 1009.3  16.8 999.0 999.0 99.0 99.00
2023 08 19 22 00 170  3.8  3.9 99.00 99.00 99.00 999 1009.0  18.5 999.0 999.0 99.0 99.00
2023 08 19 23 00 149  2.9  3.1 99.00 99.00 99.00 999 1008.9  18.6 999.0 999.0 99.0 99.00
2023 08 20 00 00 166  3.6  3.8 99.00 99.00 99.00 999 1009.1  19.0 999.0 999.0 99.0 99.00
2023 08 20 01 00 198  4.0  4.1 99.00 99.00 99.00 999 1009.4  19.2 999.0 999.0 99.0 99.00
2023 08 20 02 00 208  5.2  5.5 99.00 99.00 99.00 999 1009.9  19.2 999.0 999.0 99.0 99.00
2023 08 20 03 00 219  5.2  5.7 99.00 99.00 99.00 999 1010.2  18.9 999.0 999.0 99.0 99.00
2023 08 20 04 00 237  4.7  4.9 99.00 99.00 99.00 999 1010.6  18.2 999.0 999.0 99.0 99.00
2023 08 20 05 00 268  9.9 11.1 99.00 99.00 99.00 999 1010.8  18.1 999.0 999.0 99.0 99.00
2023 08 20 06 00 277  9.2  9.6 99.00 99.00 99.00 999 1011.7  17.2 999.0 999.0 99.0 99.00
2023 08 20 07 00 304  8.1  8.5 99.00 99.00 99.00 999 1012.4  19.3 999.0 999.0 99.0 99.00
2023 08 20 08 00 322  9.7 10.1 99.00 99.00 99.00 999 1013.1  19.9 999.0 999.0 99.0 99.00
2023 08 20 09 00 324  6.7  7.1 99.00 99.00 99.00 999 1014.6  19.0 999.0 999.0 99.0 99.00
2023 08 20 10 00 328  9.5 10.1 99.00 99.00 99.00 999 1015.0  18.6 999.0 999.0 99.0 99.00
2023 08 20 11 00 324  6.3  7.0 99.00 99.00 99.00 999 1016.4  18.3 999.0 999.0 99.0 99.00
2023 08 20 12 00 317  5.9  6.3 99.00 99.00 99.00 999 1017.7  17.4 999.0 999.0 99.0 99.00
2023 08 20 13 00 327  5.7  6.1 99.00 99.00 99.00 999 1018.7  17.4 999.0 999.0 99.0 99.00
2023 08 20 14 00 348  4.3  5.8 99.00 99.00 99.00 999 1019.7  17.5 999.0 999.0 99.0 99.00
2023 08 20 15 00 359  3.3  6.2 99.00 99.00 99.00 999 1021.0  17.6 999.0 999.0 99.0 99.00
2023 08 20 16 00 349  5.8  6.9 99.00 99.00 99.00 999 1021.9  17.6 999.0 999.0 99.0 99.00
2023 08 20 17 00 358  5.1  7.2 99.00 99.00 99.00 999 1022.3  18.3 999.0 999.0 99.0 99.00
2023 08 20 18 00   5  3.1  5.9 99.00 99.00 99.00 999 1022.7  18.8 999.0 999.0 99.0 99.00
2023 08 20 19 00   4  3.1  4.7 99.00 99.00 99.00 999 1022.7  19.2 999.0 999.0 99.0 99.00
2023 08 20 20 00  24  2.4  3.7 99.00 99.00 99.00 999 1023.2  20.0 999.0 999.0 99.0 99.00
2023 08 20 21 00  60  2.4  3.1 99.00 99.00 99.00 999 1023.6  19.7 999.0 999.0 99.0 99.00
2023 08 20 22 00 209  2.8  2.9 99.00 99.00 99.00 999 1023.9  18.1 999.0 999.0 99.0 99.00
2023 08 20 23 00 220  3.6  3.7 99.00 99.00 99.00 999 1024.0  18.4 999.0 999.0 99.0 99.00
2023 08 21 00 00 218  5.8  5.9 99.00 99.00 99.00 999 1024.8  18.6 999.0 999.0 99.0 99.00
2023 08 21 01 00 217  2.3  2.6 99.00 99.00 99.00 999 1025.0  17.2 999.0 999.0 99.0 99.00
2023 08 21 02 00 258  2.7  2.8 99.00 99.00 99.00 999 1025.1  17.6 999.0 999.0 99.0 99.00
2023 08 21 03 00  42  2.4  3.0 99.00 99.00 99.00 999 1025.7  16.6 999.0 999.0 99.0 99.00
2023 08 21 04 00 111  1.9  2.0 99.00 99.00 99.00 999 1026.1  17.2 999.0 999.0 99.0 99.00
2023 08 21 05 00 129  1.2  1.3 99.00 99.00 99.00 999 1026.0  17.9 999.0 999.0 99.0 99.00
2023 08 21 06 00 196  1.4  1.6 99.00 99.00 99.00 999 1026.1  17.2 999.0 999.0 99.0 99.00
2023 08 21 07 00 244  2.2  2.4 99.00 99.00 99.00 999 1026.3  17.8 999.0 999.0 99.0 99.00
2023 08 21 08 00 324  2.4  2.5 99.00 99.00 99.00 999 1026.7  16.8 999.0 999.0 99.0 99.00
2023 08 21 09 00 323  1.8  2.0 99.00 99.00 99.00 999 1027.0  16.3 999.0 999.0 99.0 99.00
2023 08 21 10 00 273  2.0  2.1 99.00 99.00 99.00 999 1027.4  16.1 999.0 999.0 99.0 99.00
2023 08 21 11 00 258  3.4  3.5 99.00 99.00 99.00 999 1027.7  16.1 999.0 999.0 99.0 99.00
2023 08 21 12 00 270  5.3  5.7 99.00 99.00 99.00 999 1028.2  16.2 999.0 999.0 99.0 99.00
2023 08 21 13 00 279  5.9  6.3 99.00 99.00 99.00 999 1028.8  16.1 999.0 999.0 99.0 99.00
2023 08 21 14 00 282  4.6  4.9 99.00 99.00 99.00 999 1028.6  16.0 999.0 999.0 99.0 99.00
2023 08 21 15 00 281  4.2  4.4 99.00 99.00 99.00 999 1029.0  15.9 999.0 999.0 99.0 99.00
2023 08 21 16 00 302  5.7  6.1 99.00 99.00 99.00 999 1028.9  15.9 999.0 999.0 99.0 99.00
2023 08 21 17 00 277  4.8  5.1 99.00 99.00 99.00 999 1028.9  15.6 999.0 999.0 99.0 99.00
2023 08 21 18 00 309  4.3  4.7 99.00 99.00 99.00 999 1028.9  15.9 999.0 999.0 99.0 99.00
2023 08 21 19 00 274  3.6  3.9 99.00 99.00 99.00 999 1028.5  15.8 999.0 999.0 99.0 99.00
2023 08 21 20 00 256  3.9  4.4 99.00 99.00 99.00 999 1027.9  16.0 999.0 999.0 99.0 99.00
2023 08 21 21 00 265  3.9  4.2 99.00 99.00 99.00 999 1027.6  16.6 999.0 999.0 99.0 99.00
2023 08 21 22 00 297  1.1  1.3 99.00 99.00 99.00 999 1027.8  16.6 999.0 999.0 99.0 99.00
2023 08 21 23 00 258  2.8  3.0 99.00 99.00 99.00 999 1027.5  16.5 999.0 999.0 99.0 99.00
2023 08 22 00 00 213  2.2  2.4 99.00 99.00 99.00 999 1027.1  17.0 999.0 999.0 99.0 99.00
2023 08 22 01 00 226  3.2  3.4 99.00 99.00 99.00 999 1027.2  16.8 999.0 999.0 99.0 99.00
2023 08 22 02 00 224  3.4  3.7 99.00 99.00 99.00 999 1027.2  16.8 999.0 999.0 99.0 99.00
2023 08 22 03 00 251  1.6  1.7 99.00 99.00 99.00 999 1026.9  16.5 999.0 999.0 99.0 99.00
2023 08 22 04 00 280  0.9  1.0 99.00 99.00 99.00 999 1026.8  16.3 999.0 999.0 99.0 99.00
2023 08 22 05 00 240  1.4  1.5 99.00 99.00 99.00 999 1027.1  16.3 999.0 999.0 99.0 99.00
2023 08 22 06 00 222  1.7  1.9 99.00 99.00 99.00 999 1026.8  16.1 999.0 999.0 99.0 99.00
2023 08 22 07 00 238  2.3  2.5 99.00 99.00 99.00 999 1027.0  16.1 999.0 999.0 99.0 99.00
2023 08 22 08 00 247  2.2  2.4 99.00 99.00 99.00 999 1026.7  15.9 999.0 999.0 99.0 99.00
2023 08 22 10 00 238  2.7  2.8 99.00 99.00 99.00 999 1027.0  15.9 999.0 999.0 99.0 99.00
2023 08 22 11 00 227  3.0  3.4 99.00 99.00 99.00 999 1027.0  15.6 999.0 999.0 99.0 99.00
2023 08 22 12 00 222  3.6  3.9 99.00 99.00 99.00 999 1027.0  15.6 999.0 999.0 99.0 99.00
2023 08 22 13 00 209  2.0  2.3 99.00 99.00 99.00 999 1027.1  15.4 999.0 999.0 99.0 99.00
2023 08 22 14 00 187  3.7  3.8 99.00 99.00 99.00 999 1026.5  15.3 999.0 999.0 99.0 99.00
2023 08 22 15 00 170  3.3  3.8 99.00 99.00 99.00 999 1026.2  15.3 999.0 999.0 99.0 99.00
2023 08 22 16 00 165  4.1  4.3 99.00 99.00 99.00 999 1025.8  15.2 999.0 999.0 99.0 99.00
2023 08 22 17 00 153  2.8  3.1 99.00 99.00 99.00 999 1025.7  15.1 999.0 999.0 99.0 99.00
2023 08 22 18 00  94  3.7  3.9 99.00 99.00 99.00 999 1025.3  15.1 999.0 999.0 99.0 99.00
2023 08 22 19 00  79  6.0  6.3 99.00 99.00 99.00 999 1024.9  15.3 999.0 999.0 99.0 99.00
2023 08 22 20 00 117  8.4  9.1 99.00 99.00 99.00 999 1023.1  15.2 999.0 999.0 99.0 99.00
2023 08 22 21 00 112  8.6  9.2 99.00 99.00 99.00 999 1022.5  15.5 999.0 999.0 99.0 99.00
2023 08 22 22 00 106  9.3 10.4 99.00 99.00 99.00 999 1022.3  15.3 999.0 999.0 99.0 99.00
2023 08 22 23 00 105  8.9  9.8 99.00 99.00 99.00 999 1022.0  15.0 999.0 999.0 99.0 99.00
2023 08 23 00 00 100  8.3  9.4 99.00 99.00 99.00 999 1022.0  14.9 999.0 999.0 99.0 99.00
2023 08 23 01 00  84  9.1  9.7 99.00 99.00 99.00 999 1022.0  14.9 999.0 999.0 99.0 99.00
2023 08 23 02 00  98 10.5 11.3 99.00 99.00 99.00 999 1021.5  14.9 999.0 999.0 99.0 99.00
2023 08 23 03 00 112 11.8 13.3 99.00 99.00 99.00 999 1020.2  14.7 999.0 999.0 99.0 99.00
2023 08 23 04 00 102  9.0 10.1 99.00 99.00 99.00 999 1020.7  14.0 999.0 999.0 99.0 99.00
2023 08 23 05 00 109 11.7 12.7 99.00 99.00 99.00 999 1019.2  14.2 999.0 999.0 99.0 99.00
2023 08 23 06 00 104 11.3 12.1 99.00 99.00 99.00 999 1019.1  14.5 999.0 999.0 99.0 99.00
2023 08 23 07 00 109 11.6 12.8 99.00 99.00 99.00 999 1018.2  14.4 999.0 999.0 99.0 99.00
2023 08 23 08 00  99 10.3 11.3 99.00 99.00 99.00 999 1018.1  14.4 999.0 999.0 99.0 99.00
2023 08 23 09 00  99 10.4 11.7 99.00 99.00 99.00 999 1017.9  14.5 999.0 999.0 99.0 99.00
2023 08 23 10 00 101  9.4 10.3 99.00 99.00 99.00 999 1017.6  14.7 999.0 999.0 99.0 99.00
2023 08 23 11 00  98  8.9  9.8 99.00 99.00 99.00 999 1017.3  14.7 999.0 999.0 99.0 99.00
2023 08 23 12 00 101  8.9  9.9 99.00 99.00 99.00 999 1017.2  14.6 999.0 999.0 99.0 99.00
2023 08 23 13 00 101  8.8  9.4 99.00 99.00 99.00 999 1017.4  14.6 999.0 999.0 99.0 99.00
2023 08 23 14 00  96  8.2  9.1 99.00 99.00 99.00 999 1017.3  14.6 999.0 999.0 99.0 99.00
2023 08 23 15 00  97  9.8 10.7 99.00 99.00 99.00 999 1016.7  14.6 999.0 999.0 99.0 99.00
2023 08 23 16 00 101 10.7 11.7 99.00 99.00 99.00 999 1016.4  14.2 999.0 999.0 99.0 99.00
2023 08 23 17 00  97  9.5 10.2 99.00 99.00 99.00 999 1017.4  14.3 999.0 999.0 99.0 99.00
2023 08 23 18 00 101  8.6  9.9 99.00 99.00 99.00 999 1017.0  14.5 999.0 999.0 99.0 99.00
2023 08 23 19 00  88  9.0  9.6 99.00 99.00 99.00 999 1016.2  14.7 999.0 999.0 99.0 99.00
2023 08 23 20 00  90  8.7  9.3 99.00 99.00 99.00 999 1016.0  14.6 999.0 999.0 99.0 99.00
2023 08 23 21 00  97  7.7  8.3 99.00 99.00 99.00 999 1016.1  14.7 999.0 999.0 99.0 99.00
2023 08 23 22 00  94  7.5  8.6 99.00 99.00 99.00 999 1015.7  14.9 999.0 999.0 99.0 99.00
2023 08 23 23 00 100  7.6  8.1 99.00 99.00 99.00 999 1015.7  15.0 999.0 999.0 99.0 99.00
2023 08 24 00 00 103  6.2  7.1 99.00 99.00 99.00 999 1015.4  15.1 999.0 999.0 99.0 99.00
2023 08 24 01 00  95  6.2  6.9 99.00 99.00 99.00 999 1015.4  15.1 999.0 999.0 99.0 99.00
2023 08 24 02 00  98  6.3  6.9 99.00 99.00 99.00 999 1015.5  15.2 999.0 999.0 99.0 99.00
2023 08 24 03 00 105  6.2  6.7 99.00 99.00 99.00 999 1015.3  15.3 999.0 999.0 99.0 99.00
2023 08 24 04 00 101  5.6  6.1 99.00 99.00 99.00 999 1015.0  15.2 999.0 999.0 99.0 99.00
2023 08 24 05 00 100  6.2  7.0 99.00 99.00 99.00 999 1014.2  15.2 999.0 999.0 99.0 99.00
2023 08 24 06 00 108  6.6  7.6 99.00 99.00 99.00 999 1013.5  15.0 999.0 999.0 99.0 99.00
2023 08 24 07 00 131  7.2  7.9 99.00 99.00 99.00 999 1012.7  14.7 999.0 999.0 99.0 99.00
2023 08 24 08 00 119  2.1  2.8 99.00 99.00 99.00 999 1014.1  14.7 999.0 999.0 99.0 99.00
2023 08 24 09 00  91  2.8  3.0 99.00 99.00 99.00 999 1013.2  14.6 999.0 999.0 99.0 99.00
2023 08 24 10 00 147  4.1  4.6 99.00 99.00 99.00 999 1013.1  14.5 999.0 999.0 99.0 99.00
2023 08 24 11 00 131  4.9  5.2 99.00 99.00 99.00 999 1011.8  14.4 999.0 999.0 99.0 99.00
2023 08 24 12 00  86  1.5  1.6 99.00 99.00 99.00 999 1012.8  14.4 999.0 999.0 99.0 99.00
2023 08 24 13 00  83  2.2  2.3 99.00 99.00 99.00 999 1012.9  14.4 999.0 999.0 99.0 99.00
2023 08 24 14 00  68  1.9  2.0 99.00 99.00 99.00 999 1013.5  14.5 999.0 999.0 99.0 99.00
2023 08 24 15 00  67  1.4  1.5 99.00 99.00 99.00 999 1013.7  14.6 999.0 999.0 99.0 99.00
2023 08 24 16 00  89  1.6  1.7 99.00 99.00 99.00 999 1013.5  14.8 999.0 999.0 99.0 99.00
2023 08 24 17 00  67  0.9  1.0 99.00 99.00 99.00 999 1013.4  14.9 999.0 999.0 99.0 99.00
2023 08 24 18 00 350  2.2  3.1 99.00 99.00 99.00 999 1013.3  15.2 999.0 999.0 99.0 99.00
2023 08 24 19 00 343  1.9  2.3 99.00 99.00 99.00 999 1013.5  15.6 999.0 999.0 99.0 99.00
2023 08 24 20 00 180  1.0  1.3 99.00 99.00 99.00 999 1013.3  16.1 999.0 999.0 99.0 99.00
2023 08 24 21 00 131  1.7  1.8 99.00 99.00 99.00 999 1013.6  15.9 999.0 999.0 99.0 99.00
2023 08 24 22 00 155  1.9  2.1 99.00 99.00 99.00 999 1013.6  16.1 999.0 999.0 99.0 99.00
2023 08 24 23 00 186  4.9  5.4 99.00 99.00 99.00 999 1014.0  14.8 999.0 999.0 99.0 99.00
2023 08 25 00 00 186  5.2  6.2 99.00 99.00 99.00 999 1013.9  14.8 999.0 999.0 99.0 99.00
2023 08 25 01 00 201  5.9  6.5 99.00 99.00 99.00 999 1014.3  14.4 999.0 999.0 99.0 99.00
2023 08 25 02 00 202  5.8  6.2 99.00 99.00 99.00 999 1014.4  14.3 999.0 999.0 99.0 99.00
2023 08 25 03 00 214  6.0  6.4 99.00 99.00 99.00 999 1014.3  14.7 999.0 999.0 99.0 99.00
2023 08 25 04 00 220  4.2  4.2 99.00 99.00 99.00 999 1013.9  14.7 999.0 999.0 99.0 99.00
2023 08 25 05 00 254  7.0  7.5 99.00 99.00 99.00 999 1014.1  14.5 999.0 999.0 99.0 99.00
2023 08 25 06 00 246  5.3  6.1 99.00 99.00 99.00 999 1014.1  14.2 999.0 999.0 99.0 99.00
2023 08 25 07 00 243  3.7  4.8 99.00 99.00 99.00 999 1014.0  16.9 999.0 999.0 99.0 99.00
2023 08 25 08 00 244  4.6  5.4 99.00 99.00 99.00 999 1013.6  15.1 999.0 999.0 99.0 99.00
2023 08 25 09 00 268  9.5 10.2 99.00 99.00 99.00 999 1013.7  16.4 999.0 999.0 99.0 99.00
2023 08 25 10 00 275  7.3  7.6 99.00 99.00 99.00 999 1013.8  15.9 999.0 999.0 99.0 99.00
2023 08 25 11 00 271  6.0  6.6 99.00 99.00 99.00 999 1014.2  15.6 999.0 999.0 99.0 99.00
2023 08 25 12 00 276  3.7  4.0 99.00 99.00 99.00 999 1014.6  16.3 999.0 999.0 99.0 99.00
2023 08 25 13 00 227  4.8  5.1 99.00 99.00 99.00 999 1013.8  16.7 999.0 999.0 99.0 99.00
2023 08 25 14 00 249  2.4  2.6 99.00 99.00 99.00 999 1013.6  16.2 999.0 999.0 99.0 99.00
2023 08 25 15 00 214  4.6  4.9 99.00 99.00 99.00 999 1013.4  16.6 999.0 999.0 99.0 99.00
2023 08 25 16 00 197  6.9  7.9 99.00 99.00 99.00 999 1012.4  15.6 999.0 999.0 99.0 99.00
2023 08 25 17 00 313  6.3  6.8 99.00 99.00 99.00 999 1014.1  16.0 999.0 999.0 99.0 99.00
2023 08 25 18 00  78  3.0  3.7 99.00 99.00 99.00 999 1012.3  16.2 999.0 999.0 99.0 99.00
2023 08 25 19 00 292  5.2  5.7 99.00 99.00 99.00 999 1014.8  15.9 999.0 999.0 99.0 99.00
2023 08 25 20 00 279  5.0  5.4 99.00 99.00 99.00 999 1015.0  15.9 999.0 999.0 99.0 99.00
2023 08 25 21 00   5  2.7  3.7 99.00 99.00 99.00 999 1013.3  18.8 999.0 999.0 99.0 99.00
2023 08 25 22 00 316  5.3  5.9 99.00 99.00 99.00 999 1014.8  17.1 999.0 999.0 99.0 99.00
2023 08 25 23 00 310  4.3  4.6 99.00 99.00 99.00 999 1015.4  17.5 999.0 999.0 99.0 99.00
2023 08 26 00 00 351  3.4  4.4 99.00 99.00 99.00 999 1016.1  17.2 999.0 999.0 99.0 99.00
2023 08 26 01 00  44  6.9  9.2 99.00 99.00 99.00 999 1017.7  15.7 999.0 999.0 99.0 99.00
2023 08 26 02 00  42  6.5  8.2 99.00 99.00 99.00 999 1019.3  14.8 999.0 999.0 99.0 99.00
2023 08 26 03 00  28  7.3 10.2 99.00 99.00 99.00 999 1020.0  14.6 999.0 999.0 99.0 99.00
2023 08 26 04 00  31  7.3  9.7 99.00 99.00 99.00 999 1020.9  14.2 999.0 999.0 99.0 99.00
2023 08 26 05 00  32  6.8  9.9 99.00 99.00 99.00 999 1021.6  14.0 999.0 999.0 99.0 99.00
2023 08 26 06 00  46  8.1 10.5 99.00 99.00 99.00 999 1022.3  13.3 999.0 999.0 99.0 99.00
2023 08 26 07 00  42  6.5  7.6 99.00 99.00 99.00 999 1022.9  12.7 999.0 999.0 99.0 99.00
2023 08 26 08 00  31  5.4  7.5 99.00 99.00 99.00 999 1023.2  12.5 999.0 999.0 99.0 99.00
2023 08 26 09 00  33  4.5  5.8 99.00 99.00 99.00 999 1023.8  12.2 999.0 999.0 99.0 99.00
2023 08 26 10 00  24  4.0  5.4 99.00 99.00 99.00 999 1024.4  11.7 999.0 999.0 99.0 99.00
2023 08 26 11 00  17  4.9  7.2 99.00 99.00 99.00 999 1025.3  11.7 999.0 999.0 99.0 99.00
2023 08 26 12 00  27  4.3  5.2 99.00 99.00 99.00 999 1025.9  11.7 999.0 999.0 99.0 99.00
2023 08 26 13 00  26  3.6  4.8 99.00 99.00 99.00 999 1026.3  12.2 999.0 999.0 99.0 99.00
2023 08 26 14 00  45  4.0  6.3 99.00 99.00 99.00 999 1027.0  13.2 999.0 999.0 99.0 99.00
2023 08 26 15 00  43  4.2  5.8 99.00 99.00 99.00 999 1027.1  13.2 999.0 999.0 99.0 99.00
2023 08 26 16 00  42  3.9  5.6 99.00 99.00 99.00 999 1027.1  13.6 999.0 999.0 99.0 99.00
2023 08 26 17 00  64  3.7  4.0 99.00 99.00 99.00 999 1026.8  12.7 999.0 999.0 99.0 99.00
2023 08 26 18 00  75  2.4  2.6 99.00 99.00 99.00 999 1026.6  12.8 999.0 999.0 99.0 99.00
2023 08 26 19 00 114  1.9  2.2 99.00 99.00 99.00 999 1026.1  13.0 999.0 999.0 99.0 99.00
2023 08 26 20 00 171  1.8  2.0 99.00 99.00 99.00 999 1025.8  13.3 999.0 999.0 99.0 99.00
2023 08 26 21 00 230  2.0  2.2 99.00 99.00 99.00 999 1025.3  13.7 999.0 999.0 99.0 99.00
2023 08 26 22 00 284  1.4  1.6 99.00 99.00 99.00 999 1024.9  14.3 999.0 999.0 99.0 99.00
2023 08 26 23 00 296  2.0  2.1 99.00 99.00 99.00 999 1024.6  14.2 999.0 999.0 99.0 99.00
2023 08 27 00 00 253  2.3  2.7 99.00 99.00 99.00 999 1024.6  14.3 999.0 999.0 99.0 99.00
2023 08 27 01 00 264  3.2  3.4 99.00 99.00 99.00 999 1024.5  14.2 999.0 999.0 99.0 99.00
2023 08 27 02 00 275  6.1  6.4 99.00 99.00 99.00 999 1024.4  14.1 999.0 999.0 99.0 99.00
2023 08 27 03 00 291  3.8  4.1 99.00 99.00 99.00 999 1024.3  13.9 999.0 999.0 99.0 99.00
2023 08 27 04 00 287  5.9  6.2 99.00 99.00 99.00 999 1024.3  13.8 999.0 999.0 99.0 99.00
2023 08 27 05 00 285  3.7  4.1 99.00 99.00 99.00 999 1024.2  13.6 999.0 999.0 99.0 99.00
2023 08 27 06 00 279  4.2  4.5 99.00 99.00 99.00 999 1024.1  13.1 999.0 999.0 99.0 99.00
2023 08 27 07 00 273  3.6  3.9 99.00 99.00 99.00 999 1024.0  12.9 999.0 999.0 99.0 99.00
2023 08 27 08 00 266  4.2  4.6 99.00 99.00 99.00 999 1023.7  13.1 999.0 999.0 99.0 99.00
2023 08 27 09 00 261  3.7  3.9 99.00 99.00 99.00 999 1023.6  13.0 999.0 999.0 99.0 99.00
2023 08 27 10 00 257  3.4  3.8 99.00 99.00 99.00 999 1023.6  13.2 999.0 999.0 99.0 99.00
2023 08 27 11 00 248  2.7  2.9 99.00 99.00 99.00 999 1023.5  13.1 999.0 999.0 99.0 99.00
2023 08 27 12 00 197  2.4  2.7 99.00 99.00 99.00 999 1023.7  13.3 999.0 999.0 99.0 99.00
2023 08 27 13 00 191  2.8  3.0 99.00 99.00 99.00 999 1023.6  13.4 999.0 999.0 99.0 99.00
2023 08 27 14 00 197  2.8  2.9 99.00 99.00 99.00 999 1023.5  13.7 999.0 999.0 99.0 99.00
2023 08 27 15 00 200  3.8  4.4 99.00 99.00 99.00 999 1023.1  13.9 999.0 999.0 99.0 99.00
2023 08 27 16 00 219  4.0  4.1 99.00 99.00 99.00 999 1022.7  13.8 999.0 999.0 99.0 99.00
2023 08 27 17 00 194  4.6  5.2 99.00 99.00 99.00 999 1022.3  14.0 999.0 999.0 99.0 99.00
2023 08 27 18 00 199  5.8  6.4 99.00 99.00 99.00 999 1021.6  14.0 999.0 999.0 99.0 99.00
2023 08 27 19 00 204  6.6  7.2 99.00 99.00 99.00 999 1021.1  14.3 999.0 999.0 99.0 99.00
2023 08 27 20 00 219  5.8  6.4 99.00 99.00 99.00 999 1020.7  14.2 999.0 999.0 99.0 99.00
2023 08 27 21 00 219  5.5  5.9 99.00 99.00 99.00 999 1020.0  14.5 999.0 999.0 99.0 99.00
2023 08 27 22 00 217  4.3  4.6 99.00 99.00 99.00 999 1019.8  14.9 999.0 999.0 99.0 99.00
2023 08 27 23 00 192  3.7  4.1 99.00 99.00 99.00 999 1018.8  14.9 999.0 999.0 99.0 99.00
2023 08 28 00 00 212  6.9  7.4 99.00 99.00 99.00 999 1018.4  14.6 999.0 999.0 99.0 99.00
2023 08 28 01 00 212  6.6  7.2 99.00 99.00 99.00 999 1018.2  14.5 999.0 999.0 99.0 99.00
2023 08 28 02 00 201  5.4  6.4 99.00 99.00 99.00 999 1018.1  14.3 999.0 999.0 99.0 99.00
2023 08 28 03 00 197  5.0  5.7 99.00 99.00 99.00 999 1017.7  14.1 999.0 999.0 99.0 99.00
2023 08 28 04 00 206  5.5  6.0 99.00 99.00 99.00 999 1017.6  14.1 999.0 999.0 99.0 99.00
2023 08 28 05 00 201  6.0  6.4 99.00 99.00 99.00 999 1017.1  14.2 999.0 999.0 99.0 99.00
2023 08 28 06 00 227  4.4  4.9 99.00 99.00 99.00 999 1016.9  13.6 999.0 999.0 99.0 99.00
2023 08 28 07 00 224  5.0  5.6 99.00 99.00 99.00 999 1016.8  13.9 999.0 999.0 99.0 99.00
2023 08 28 08 00 224  5.0  5.7 99.00 99.00 99.00 999 1016.1  13.6 999.0 999.0 99.0 99.00
2023 08 28 09 00 230  5.3  5.7 99.00 99.00 99.00 999 1016.0  13.9 999.0 999.0 99.0 99.00
2023 08 28 10 00 228  5.7  6.2 99.00 99.00 99.00 999 1015.9  13.8 999.0 999.0 99.0 99.00
2023 08 28 11 00 229  5.6  6.1 99.00 99.00 99.00 999 1015.7  13.9 999.0 999.0 99.0 99.00
2023 08 28 12 00 222  4.8  5.1 99.00 99.00 99.00 999 1015.5  14.2 999.0 999.0 99.0 99.00
2023 08 28 13 00 226  5.6  6.0 99.00 99.00 99.00 999 1015.2  14.6 999.0 999.0 99.0 99.00
2023 08 28 14 00 247  6.7  7.2 99.00 99.00 99.00 999 1015.2  15.8 999.0 999.0 99.0 99.00
2023 08 28 15 00 237  5.4  5.7 99.00 99.00 99.00 999 1015.0  15.6 999.0 999.0 99.0 99.00
2023 08 28 16 00 227  7.2  7.7 99.00 99.00 99.00 999 1015.0  15.3 999.0 999.0 99.0 99.00
2023 08 28 17 00 224  4.9  5.1 99.00 99.00 99.00 999 1014.7  15.5 999.0 999.0 99.0 99.00
2023 08 28 18 00 219  6.0  6.5 99.00 99.00 99.00 999 1014.0  15.4 999.0 999.0 99.0 99.00
2023 08 28 19 00 239  4.7  5.0 99.00 99.00 99.00 999 1014.2  15.7 999.0 999.0 99.0 99.00
2023 08 28 20 00 215  3.3  3.7 99.00 99.00 99.00 999 1013.6  15.1 999.0 999.0 99.0 99.00
2023 08 28 21 00 218  4.1  4.2 99.00 99.00 99.00 999 1013.5  15.4 999.0 999.0 99.0 99.00
2023 08 28 22 00 262  2.8  3.3 99.00 99.00 99.00 999 1013.3  15.6 999.0 999.0 99.0 99.00
2023 08 28 23 00 225  2.6  2.8 99.00 99.00 99.00 999 1012.9  15.7 999.0 999.0 99.0 99.00
2023 08 29 00 00 282  0.7  0.8 99.00 99.00 99.00 999 1012.6  16.4 999.0 999.0 99.0 99.00
2023 08 29 01 00 296  1.6  1.9 99.00 99.00 99.00 999 1012.5  16.3 999.0 999.0 99.0 99.00
2023 08 29 02 00 300  1.9  2.2 99.00 99.00 99.00 999 1012.9  16.1 999.0 999.0 99.0 99.00
2023 08 29 03 00 325  5.5  6.0 99.00 99.00 99.00 999 1012.7  16.1 999.0 999.0 99.0 99.00
2023 08 29 04 00 315  0.2  0.8 99.00 99.00 99.00 999 1012.5  16.9 999.0 999.0 99.0 99.00
2023 08 29 05 00 337  1.9  3.0 99.00 99.00 99.00 999 1012.5  15.3 999.0 999.0 99.0 99.00
2023 08 29 06 00  21  2.8  4.2 99.00 99.00 99.00 999 1012.0  15.1 999.0 999.0 99.0 99.00
2023 08 29 07 00  35  3.6  4.8 99.00 99.00 99.00 999 1012.0  15.0 999.0 999.0 99.0 99.00
2023 08 29 08 00  50  4.6  6.1 99.00 99.00 99.00 999 1012.2  14.7 999.0 999.0 99.0 99.00
2023 08 29 09 00  36  3.0  4.4 99.00 99.00 99.00 999 1012.3  14.7 999.0 999.0 99.0 99.00
2023 08 29 10 00  14  4.1  5.6 99.00 99.00 99.00 999 1012.6  14.5 999.0 999.0 99.0 99.00
2023 08 29 11 00  11  3.6  5.4 99.00 99.00 99.00 999 1013.2  14.2 999.0 999.0 99.0 99.00
2023 08 29 12 00  17  3.3  5.1 99.00 99.00 99.00 999 1014.0  14.1 999.0 999.0 99.0 99.00
2023 08 29 13 00  29  5.4  7.2 99.00 99.00 99.00 999 1014.7  13.8 999.0 999.0 99.0 99.00
2023 08 29 14 00  16  5.0  7.7 99.00 99.00 99.00 999 1015.4  13.4 999.0 999.0 99.0 99.00
2023 08 29 15 00  30  4.4  7.8 99.00 99.00 99.00 999 1016.0  13.6 999.0 999.0 99.0 99.00
2023 08 29 16 00  31  4.4  7.2 99.00 99.00 99.00 999 1017.0  14.1 999.0 999.0 99.0 99.00
2023 08 29 17 00  34  4.0  6.7 99.00 99.00 99.00 999 1017.3  14.5 999.0 999.0 99.0 99.00
2023 08 29 18 00  45  5.5  7.4 99.00 99.00 99.00 999 1017.8  14.1 999.0 999.0 99.0 99.00
2023 08 29 19 00  50  5.3  6.3 99.00 99.00 99.00 999 1018.4  14.0 999.0 999.0 99.0 99.00
2023 08 29 20 00  43  4.1  6.6 99.00 99.00 99.00 999 1018.7  14.0 999.0 999.0 99.0 99.00
2023 08 29 21 00  42  5.4  7.5 99.00 99.00 99.00 999 1018.7  13.9 999.0 999.0 99.0 99.00
2023 08 29 22 00  56  5.6  6.6 99.00 99.00 99.00 999 1019.2  13.4 999.0 999.0 99.0 99.00
2023 08 29 23 00  52  3.8  5.1 99.00 99.00 99.00 999 1019.4  13.8 999.0 999.0 99.0 99.00
2023 08 30 00 00  22  3.4  4.7 99.00 99.00 99.00 999 1019.7  14.5 999.0 999.0 99.0 99.00
2023 08 30 01 00  23  2.6  3.4 99.00 99.00 99.00 999 1019.9  14.2 999.0 999.0 99.0 99.00
2023 08 30 02 00  83  1.9  2.1 99.00 99.00 99.00 999 1020.3  13.7 999.0 999.0 99.0 99.00
2023 08 30 03 00  41  2.3  2.3 99.00 99.00 99.00 999 1020.4  14.0 999.0 999.0 99.0 99.00
2023 08 30 04 00  35  3.3  3.8 99.00 99.00 99.00 999 1021.0  14.0 999.0 999.0 99.0 99.00
2023 08 30 06 00 188  2.4  2.7 99.00 99.00 99.00 999 1021.1  13.5 999.0 999.0 99.0 99.00
2023 08 30 07 00 226  3.4  3.7 99.00 99.00 99.00 999 1021.0  13.4 999.0 999.0 99.0 99.00
2023 08 30 08 00 229  4.8  5.3 99.00 99.00 99.00 999 1021.1  13.2 999.0 999.0 99.0 99.00
2023 08 30 09 00 252  4.4  4.6 99.00 99.00 99.00 999 1021.1  13.2 999.0 999.0 99.0 99.00
2023 08 30 10 00 268  4.8  5.3 99.00 99.00 99.00 999 1021.2  12.9 999.0 999.0 99.0 99.00
2023 08 30 11 00 283  5.3  5.5 99.00 99.00 99.00 999 1021.4  13.3 999.0 999.0 99.0 99.00
2023 08 30 12 00 282  5.4  6.1 99.00 99.00 99.00 999 1021.7  13.5 999.0 999.0 99.0 99.00
2023 08 30 13 00 288  5.3  5.8 99.00 99.00 99.00 999 1021.9  13.3 999.0 999.0 99.0 99.00
2023 08 30 14 00 274  7.1  7.4 99.00 99.00 99.00 999 1022.0  13.4 999.0 999.0 99.0 99.00
2023 08 30 15 00 273  6.1  6.5 99.00 99.00 99.00 999 1021.7  13.5 999.0 999.0 99.0 99.00
2023 08 30 16 00 261  6.8  7.3 99.00 99.00 99.00 999 1021.7  14.0 999.0 999.0 99.0 99.00
2023 08 30 17 00 263  8.4  9.5 99.00 99.00 99.00 999 1021.1  14.3 999.0 999.0 99.0 99.00
2023 08 30 18 00 262  8.4  9.2 99.00 99.00 99.00 999 1020.5  14.8 999.0 999.0 99.0 99.00
2023 08 30 19 00 260  8.0  8.5 99.00 99.00 99.00 999 1019.7  15.2 999.0 999.0 99.0 99.00
2023 08 30 20 00 263  7.9  8.2 99.00 99.00 99.00 999 1019.1  15.6 999.0 999.0 99.0 99.00
2023 08 30 21 00 267  9.9 10.9 99.00 99.00 99.00 999 1018.6  15.5 999.0 999.0 99.0 99.00
2023 08 30 22 00 262 10.0 10.9 99.00 99.00 99.00 999 1018.3  15.6 999.0 999.0 99.0 99.00
2023 08 30 23 00 248  8.6  9.0 99.00 99.00 99.00 999 1018.1  15.7 999.0 999.0 99.0 99.00
2023 08 31 00 00 259  8.3  8.8 99.00 99.00 99.00 999 1017.9  15.8 999.0 999.0 99.0 99.00
2023 08 31 01 00 255  7.4  8.0 99.00 99.00 99.00 999 1018.0  15.9 999.0 999.0 99.0 99.00
2023 08 31 02 00 262 10.2 11.1 99.00 99.00 99.00 999 1018.0  16.2 999.0 999.0 99.0 99.00
2023 08 31 03 00 245  6.0  6.4 99.00 99.00 99.00 999 1018.4  15.9 999.0 999.0 99.0 99.00
2023 08 31 04 00 255  6.8  7.3 99.00 99.00 99.00 999 1018.5  16.0 999.0 999.0 99.0 99.00
2023 08 31 05 00 257  6.8  7.4 99.00 99.00 99.00 999 1018.5  16.0 999.0 999.0 99.0 99.00
2023 08 31 06 00 262  5.5  6.3 99.00 99.00 99.00 999 1018.5  16.0 999.0 999.0 99.0 99.00
2023 08 31 07 00 269  7.4  7.9 99.00 99.00 99.00 999 1018.6  15.9 999.0 999.0 99.0 99.00
2023 08 31 08 00 270  6.0  6.4 99.00 99.00 99.00 999 1018.7  15.8 999.0 999.0 99.0 99.00
2023 08 31 09 00 261  4.8  5.4 99.00 99.00 99.00 999 1018.9  15.6 999.0 999.0 99.0 99.00
2023 08 31 10 00 266  5.0  5.3 99.00 99.00 99.00 999 1019.0  15.7 999.0 999.0 99.0 99.00
2023 08 31 11 00 272  5.1  5.5 99.00 99.00 99.00 999 1019.3  15.6 999.0 999.0 99.0 99.00
2023 08 31 12 00 259  3.8  4.0 99.00 99.00 99.00 999 1019.8  15.6 999.0 999.0 99.0 99.00
2023 08 31 13 00 262  3.8  4.0 99.00 99.00 99.00 999 1020.3  15.9 999.0 999.0 99.0 99.00
2023 08 31 14 00 240  3.2  3.3 99.00 99.00 99.00 999 1020.6  16.1 999.0 999.0 99.0 99.00
2023 08 31 15 00 208  2.5  2.8 99.00 99.00 99.00 999 1020.9  16.3 999.0 999.0 99.0 99.00
2023 08 31 16 00 207  2.4  2.6 99.00 99.00 99.00 999 1020.9  15.9 999.0 999.0 99.0 99.00
2023 08 31 17 00 209  4.0  4.3 99.00 99.00 99.00 999 1020.9  15.8 999.0 999.0 99.0 99.00
2023 08 31 18 00 195  3.3  3.6 99.00 99.00 99.00 999 1020.7  16.1 999.0 999.0 99.0 99.00
2023 08 31 19 00 195  4.8  5.3 99.00 99.00 99.00 999 1020.7  16.2 999.0 999.0 99.0 99.00
2023 08 31 20 00 198  4.6  4.9 99.00 99.00 99.00 999 1020.3  16.0 999.0 999.0 99.0 99.00
2023 08 31 21 00 176  3.3  3.4 99.00 99.00 99.00 999 1020.0  15.9 999.0 999.0 99.0 99.00
2023 08 31 22 00 148  4.3  4.6 99.00 99.00 99.00 999 1019.7  15.6 999.0 999.0 99.0 99.00
2023 08 31 23 00 129  5.0  5.4 99.00 99.00 99.00 999 1019.0  15.4 999.0 999.0 99.0 99.00
