#YY  MM DD hh mm WDIR WSPD GST  WVHT   DPD   APD MWD   PRES  ATMP  WTMP  DEWP  VIS  TIDE
#yr  mo dy hr mn degT m/s  m/s     m   sec   sec deg    hPa  degC  degC  degC  nmi    ft
2023 09 01 00 00 134  6.6  7.0 99.00 99.00 99.00 999 1018.5  15.7 999.0 999.0 99.0 99.00
2023 09 01 01 00 129  5.7  6.2 99.00 99.00 99.00 999 1018.3  16.4 999.0 999.0 99.0 99.00
2023 09 01 02 00 143  7.5  8.0 99.00 99.00 99.00 999 1018.5  16.8 999.0 999.0 99.0 99.00
2023 09 01 03 00 138  7.2  8.2 99.00 99.00 99.00 999 1018.5  16.5 999.0 999.0 99.0 99.00
2023 09 01 04 00 153  7.4  8.1 99.00 99.00 99.00 999 1018.2  16.6 999.0 999.0 99.0 99.00
2023 09 01 05 00 175  7.7  9.4 99.00 99.00 99.00 999 1018.2  17.6 999.0 999.0 99.0 99.00
2023 09 01 06 00 192  9.5 10.3 99.00 99.00 99.00 999 1018.4  17.3 999.0 999.0 99.0 99.00
2023 09 01 07 00 200  7.6  8.2 99.00 99.00 99.00 999 1018.3  17.2 999.0 999.0 99.0 99.00
2023 09 01 08 00 193  9.4 10.1 99.00 99.00 99.00 999 1018.1  17.0 999.0 999.0 99.0 99.00
2023 09 01 09 00 194  9.3 10.4 99.00 99.00 99.00 999 1018.0  16.7 999.0 999.0 99.0 99.00
2023 09 01 10 00 193  8.1  8.9 99.00 99.00 99.00 999 1018.0  16.3 999.0 999.0 99.0 99.00
2023 09 01 11 00 198  6.7  7.8 99.00 99.00 99.00 999 1017.4  16.2 999.0 999.0 99.0 99.00
2023 09 01 12 00 193  7.6  8.9 99.00 99.00 99.00 999 1017.2  16.3 999.0 999.0 99.0 99.00
2023 09 01 13 00 197  9.3 10.6 99.00 99.00 99.00 999 1016.8  16.3 999.0 999.0 99.0 99.00
2023 09 01 14 00 201  9.4 10.1 99.00 99.00 99.00 999 1016.7  16.4 999.0 999.0 99.0 99.00
2023 09 01 15 00 200  7.4  8.8 99.00 99.00 99.00 999 1016.3  16.2 999.0 999.0 99.0 99.00
2023 09 01 16 00 204  8.4  9.9 99.00 99.00 99.00 999 1015.8  16.3 999.0 999.0 99.0 99.00
2023 09 01 17 00 203  6.9  7.8 99.00 99.00 99.00 999 1015.3  16.6 999.0 999.0 99.0 99.00
2023 09 01 18 00 187  5.1  6.0 99.00 99.00 99.00 999 1015.0  16.7 999.0 999.0 99.0 99.00
2023 09 01 19 00 197  7.1  8.3 99.00 99.00 99.00 999 1014.3  17.1 999.0 999.0 99.0 99.00
2023 09 01 20 00 202  8.0  8.8 99.00 99.00 99.00 999 1013.2  17.7 999.0 999.0 99.0 99.00
2023 09 01 21 00 195  8.0  8.6 99.00 99.00 99.00 999 1012.1  17.9 999.0 999.0 99.0 99.00
2023 09 01 22 00 194  7.6  8.2 99.00 99.00 99.00 999 1011.3  17.7 999.0 999.0 99.0 99.00
2023 09 01 23 00 194  6.2  7.0 99.00 99.00 99.00 999 1010.5  17.8 999.0 999.0 99.0 99.00
2023 09 02 00 00 219  9.5 10.5 99.00 99.00 99.00 999 1009.4  17.8 999.0 999.0 99.0 99.00
2023 09 02 01 00 219  9.7 10.0 99.00 99.00 99.00 999 1009.5  17.7 999.0 999.0 99.0 99.00
2023 09 02 02 00 210  9.4 10.0 99.00 99.00 99.00 999 1009.7  17.4 999.0 999.0 99.0 99.00
2023 09 02 03 00 221 10.6 11.3 99.00 99.00 99.00 999 1009.3  18.3 999.0 999.0 99.0 99.00
2023 09 02 04 00 217 13.3 13.9 99.00 99.00 99.00 999 1008.8  18.6 999.0 999.0 99.0 99.00
2023 09 02 05 00 214 12.5 13.6 99.00 99.00 99.00 999 1009.0  17.8 999.0 999.0 99.0 99.00
2023 09 02 06 00 217  9.5 10.7 99.00 99.00 99.00 999 1009.3  17.4 999.0 999.0 99.0 99.00
2023 09 02 07 00 238  8.1  8.9 99.00 99.00 99.00 999 1009.3  18.8 999.0 999.0 99.0 99.00
2023 09 02 08 00 259 11.3 11.8 99.00 99.00 99.00 999 1009.4  18.9 999.0 999.0 99.0 99.00
2023 09 02 09 00 262 11.8 12.5 99.00 99.00 99.00 999 1009.5  18.4 999.0 999.0 99.0 99.00
2023 09 02 10 00 262 12.3 12.8 99.00 99.00 99.00 999 1009.6  18.0 999.0 999.0 99.0 99.00
2023 09 02 11 00 268 10.3 11.0 99.00 99.00 99.00 999 1010.3  17.6 999.0 999.0 99.0 99.00
2023 09 02 12 00 260  8.3  8.6 99.00 99.00 99.00 999 1011.2  17.8 999.0 999.0 99.0 99.00
2023 09 02 13 00 261  8.0  8.5 99.00 99.00 99.00 999 1011.1  18.3 999.0 999.0 99.0 99.00
2023 09 02 14 00 263  8.8  9.3 99.00 99.00 99.00 999 1011.1  18.4 999.0 999.0 99.0 99.00
2023 09 02 15 00 263 11.1 11.4 99.00 99.00 99.00 999 1011.0  18.5 999.0 999.0 99.0 99.00
2023 09 02 16 00 265 11.0 11.2 99.00 99.00 99.00 999 1011.2  19.3 999.0 999.0 99.0 99.00
2023 09 02 17 00 261  7.1  7.8 99.00 99.00 99.00 999 1011.0  18.5 999.0 999.0 99.0 99.00
2023 09 02 18 00 223  4.3  4.5 99.00 99.00 99.00 999 1010.6  19.6 999.0 999.0 99.0 99.00
2023 09 02 19 00 217  6.2  6.7 99.00 99.00 99.00 999 1010.0  20.2 999.0 999.0 99.0 99.00
2023 09 02 20 00 204  7.4  8.1 99.00 99.00 99.00 999 1009.8  17.5 999.0 999.0 99.0 99.00
2023 09 02 21 00 205  9.9 10.8 99.00 99.00 99.00 999 1008.9  17.6 999.0 999.0 99.0 99.00
2023 09 02 22 00 225  8.7  9.1 99.00 99.00 99.00 999 1008.5  17.9 999.0 999.0 99.0 99.00
2023 09 02 23 00 214  7.0  7.6 99.00 99.00 99.00 999 1008.2  18.8 999.0 999.0 99.0 99.00
2023 09 03 00 00 227  8.2  8.5 99.00 99.00 99.00 999 1007.7  19.4 999.0 999.0 99.0 99.00
2023 09 03 01 00 216  6.4  6.6 99.00 99.00 99.00 999 1007.7  18.4 999.0 999.0 99.0 99.00
2023 09 03 02 00 212  8.0  8.3 99.00 99.00 99.00 999 1007.7  18.9 999.0 999.0 99.0 99.00
2023 09 03 03 00 215  7.0  7.6 99.00 99.00 99.00 999 1007.8  17.7 999.0 999.0 99.0 99.00
2023 09 03 04 00 217  9.5  9.9 99.00 99.00 99.00 999 1007.4  17.9 999.0 999.0 99.0 99.00
2023 09 03 05 00 207  6.9  7.4 99.00 99.00 99.00 999 1006.9  18.2 999.0 999.0 99.0 99.00
2023 09 03 06 00 188  5.2  5.6 99.00 99.00 99.00 999 1006.5  17.4 999.0 999.0 99.0 99.00
2023 09 03 07 00 194  6.2  6.8 99.00 99.00 99.00 999 1005.9  17.7 999.0 999.0 99.0 99.00
2023 09 03 08 00 211  5.0  5.3 99.00 99.00 99.00 999 1005.7  17.6 999.0 999.0 99.0 99.00
2023 09 03 09 00 206  4.7  5.4 99.00 99.00 99.00 999 1005.6  17.8 999.0 999.0 99.0 99.00
2023 09 03 10 00 172  4.6  4.8 99.00 99.00 99.00 999 1004.9  17.6 999.0 999.0 99.0 99.00
2023 09 03 11 00 245  7.5  8.2 99.00 99.00 99.00 999 1005.0  21.9 999.0 999.0 99.0 99.00
2023 09 03 12 00 260  4.7  4.9 99.00 99.00 99.00 999 1005.1  18.8 999.0 999.0 99.0 99.00
2023 09 03 13 00 259  6.8  7.2 99.00 99.00 99.00 999 1005.1  18.6 999.0 999.0 99.0 99.00
2023 09 03 14 00 232  3.0  3.7 99.00 99.00 99.00 999 1005.7  18.4 999.0 999.0 99.0 99.00
2023 09 03 15 00 266  9.7 10.2 99.00 99.00 99.00 999 1005.6  18.6 999.0 999.0 99.0 99.00
2023 09 03 16 00 264  8.8  8.9 99.00 99.00 99.00 999 1005.8  19.2 999.0 999.0 99.0 99.00
2023 09 03 17 00 267  6.8  7.2 99.00 99.00 99.00 999 1005.9  18.4 999.0 999.0 99.0 99.00
2023 09 03 18 00 272  8.0  8.4 99.00 99.00 99.00 999 1006.2  19.5 999.0 999.0 99.0 99.00
2023 09 03 19 00 260  7.7  8.1 99.00 99.00 99.00 999 1006.6  19.8 999.0 999.0 99.0 99.00
2023 09 03 20 00 249  2.1  2.3 99.00 99.00 99.00 999 1006.6  20.5 999.0 999.0 99.0 99.00
2023 09 03 21 00 283  3.3  3.6 99.00 99.00 99.00 999 1006.8  20.1 999.0 999.0 99.0 99.00
2023 09 03 22 00 291  4.0  4.4 99.00 99.00 99.00 999 1006.9  21.5 999.0 999.0 99.0 99.00
2023 09 03 23 00 306  3.9  4.2 99.00 99.00 99.00 999 1007.4  21.3 999.0 999.0 99.0 99.00
2023 09 04 00 00 296  3.1  3.2 99.00 99.00 99.00 999 1007.3  22.4 999.0 999.0 99.0 99.00
2023 09 04 01 00  28  2.2  2.7 99.00 99.00 99.00 999 1007.9  21.9 999.0 999.0 99.0 99.00
2023 09 04 02 00 123  2.4  2.7 99.00 99.00 99.00 999 1008.6  19.0 999.0 999.0 99.0 99.00
2023 09 04 03 00 143  2.7  2.8 99.00 99.00 99.00 999 1009.0  19.1 999.0 999.0 99.0 99.00
2023 09 04 04 00  69  2.9  3.6 99.00 99.00 99.00 999 1009.3  20.0 999.0 999.0 99.0 99.00
2023 09 04 05 00  92  2.4  2.5 99.00 99.00 99.00 999 1009.5  19.4 999.0 999.0 99.0 99.00
2023 09 04 06 00  66  3.1  3.2 99.00 99.00 99.00 999 1009.3  20.3 999.0 999.0 99.0 99.00
2023 09 04 07 00  65  5.1  5.4 99.00 99.00 99.00 999 1009.1  19.5 999.0 999.0 99.0 99.00
2023 09 04 08 00  65  5.8  6.1 99.00 99.00 99.00 999 1008.7  16.7 999.0 999.0 99.0 99.00
2023 09 04 09 00  64  4.8  5.2 99.00 99.00 99.00 999 1009.1  16.7 999.0 999.0 99.0 99.00
2023 09 04 10 00  66  5.9  6.2 99.00 99.00 99.00 999 1009.2  16.9 999.0 999.0 99.0 99.00
2023 09 04 11 00  72  5.5  5.7 99.00 99.00 99.00 999 1009.0  16.5 999.0 999.0 99.0 99.00
2023 09 04 12 00  69  6.3  6.5 99.00 99.00 99.00 999 1009.0  16.4 999.0 999.0 99.0 99.00
2023 09 04 13 00  72  5.8  6.0 99.00 99.00 99.00 999 1009.0  16.6 999.0 999.0 99.0 99.00
2023 09 04 14 00  85  5.4  6.0 99.00 99.00 99.00 999 1008.7  16.7 999.0 999.0 99.0 99.00
2023 09 04 15 00  98  4.7  4.9 99.00 99.00 99.00 999 1008.7  16.7 999.0 999.0 99.0 99.00
2023 09 04 16 00  98  3.8  3.9 99.00 99.00 99.00 999 1008.7  16.5 999.0 999.0 99.0 99.00
2023 09 04 17 00 102  4.1  4.4 99.00 99.00 99.00 999 1008.0  16.6 999.0 999.0 99.0 99.00
2023 09 04 18 00 134  5.9  6.2 99.00 99.00 99.00 999 1007.6  17.5 999.0 999.0 99.0 99.00
2023 09 04 19 00 179  3.1  3.5 99.00 99.00 99.00 999 1008.3  18.0 999.0 999.0 99.0 99.00
2023 09 04 20 00 109  4.2  4.4 99.00 99.00 99.00 999 1007.6  17.7 999.0 999.0 99.0 99.00
2023 09 04 21 00 120  6.2  6.4 99.00 99.00 99.00 999 1007.4  18.2 999.0 999.0 99.0 99.00
2023 09 04 22 00 121  6.5  6.9 99.00 99.00 99.00 999 1006.9  17.9 999.0 999.0 99.0 99.00
2023 09 04 23 00 137  6.1  6.4 99.00 99.00 99.00 999 1006.7  17.9 999.0 999.0 99.0 99.00
2023 09 05 00 00 145  6.3  6.6 99.00 99.00 99.00 999 1006.1  18.7 999.0 999.0 99.0 99.00
2023 09 05 01 00 204  2.2  3.2 99.00 99.00 99.00 999 1005.5  19.3 999.0 999.0 99.0 99.00
2023 09 05 02 00 159  8.6  9.2 99.00 99.00 99.00 999 1005.5  20.7 999.0 999.0 99.0 99.00
2023 09 05 03 00 258  6.4  6.8 99.00 99.00 99.00 999 1006.2  24.3 999.0 999.0 99.0 99.00
2023 09 05 04 00 235  4.0  5.2 99.00 99.00 99.00 999 1006.1  23.7 999.0 999.0 99.0 99.00
2023 09 05 05 00 266  8.2  9.3 99.00 99.00 99.00 999 1006.4  22.9 999.0 999.0 99.0 99.00
2023 09 05 06 00 196  4.6  5.1 99.00 99.00 99.00 999 1006.7  20.7 999.0 999.0 99.0 99.00
2023 09 05 07 00 228  4.3  4.9 99.00 99.00 99.00 999 1006.7  19.8 999.0 999.0 99.0 99.00
2023 09 05 08 00 232  5.7  6.6 99.00 99.00 99.00 999 1006.9  21.5 999.0 999.0 99.0 99.00
2023 09 05 09 00 213  4.5  5.0 99.00 99.00 99.00 999 1006.8  20.4 999.0 999.0 99.0 99.00
2023 09 05 10 00 205  8.8  9.4 99.00 99.00 99.00 999 1006.7  21.1 999.0 999.0 99.0 99.00
2023 09 05 11 00 199  9.3  9.7 99.00 99.00 99.00 999 1006.9  20.8 999.0 999.0 99.0 99.00
2023 09 05 12 00 200  8.6  9.2 99.00 99.00 99.00 999 1007.0  19.7 999.0 999.0 99.0 99.00
2023 09 05 13 00 230  6.9  7.9 99.00 99.00 99.00 999 1007.1  19.3 999.0 999.0 99.0 99.00
2023 09 05 14 00 227  8.2  9.0 99.00 99.00 99.00 999 1006.8  19.9 999.0 999.0 99.0 99.00
2023 09 05 15 00 219  8.6  9.0 99.00 99.00 99.00 999 1007.0  20.6 999.0 999.0 99.0 99.00
2023 09 05 16 00 217  8.1  8.6 99.00 99.00 99.00 999 1007.1  21.8 999.0 999.0 99.0 99.00
2023 09 05 17 00 208  6.6  7.1 99.00 99.00 99.00 999 1006.8  21.5 999.0 999.0 99.0 99.00
2023 09 05 18 00 176  4.8  4.9 99.00 99.00 99.00 999 1006.8  21.0 999.0 999.0 99.0 99.00
2023 09 05 19 00 138  4.4  4.6 99.00 99.00 99.00 999 1006.6  20.3 999.0 999.0 99.0 99.00
2023 09 05 20 00 145  4.2  4.3 99.00 99.00 99.00 999 1006.2  20.9 999.0 999.0 99.0 99.00
2023 09 05 21 00 168  6.2  6.4 99.00 99.00 99.00 999 1005.4  20.9 999.0 999.0 99.0 99.00
2023 09 05 22 00 192  6.0  7.2 99.00 99.00 99.00 999 1005.2  21.5 999.0 999.0 99.0 99.00
2023 09 05 23 00 187  4.4  4.4 99.00 99.00 99.00 999 1005.0  22.2 999.0 999.0 99.0 99.00
2023 09 06 00 00 157  4.8  5.1 99.00 99.00 99.00 999 1004.8  23.2 999.0 999.0 99.0 99.00
2023 09 06 01 00   0  2.8  4.9 99.00 99.00 99.00 999 1005.0  21.2 999.0 999.0 99.0 99.00
2023 09 06 02 00 324  7.6  8.5 99.00 99.00 99.00 999 1008.7  17.9 999.0 999.0 99.0 99.00
2023 09 06 03 00 355  4.5  5.4 99.00 99.00 99.00 999 1007.2  18.3 999.0 999.0 99.0 99.00
2023 09 06 04 00  82  9.5 10.2 99.00 99.00 99.00 999 1004.8  18.1 999.0 999.0 99.0 99.00
2023 09 06 05 00 115  2.1  2.5 99.00 99.00 99.00 999 1007.9  17.8 999.0 999.0 99.0 99.00
2023 09 06 06 00 334  3.6  4.0 99.00 99.00 99.00 999 1008.0  18.0 999.0 999.0 99.0 99.00
2023 09 06 07 00 286  2.9  3.1 99.00 99.00 99.00 999 1008.7  17.8 999.0 999.0 99.0 99.00
2023 09 06 08 00 346  1.0  1.4 99.00 99.00 99.00 999 1007.8  17.8 999.0 999.0 99.0 99.00
2023 09 06 09 00  82  5.1  5.3 99.00 99.00 99.00 999 1006.5  17.5 999.0 999.0 99.0 99.00
2023 09 06 10 00 316  6.9  7.7 99.00 99.00 99.00 999 1008.3  17.3 999.0 999.0 99.0 99.00
2023 09 06 11 00   9  5.5  8.1 99.00 99.00 99.00 999 1009.4  16.1 999.0 999.0 99.0 99.00
2023 09 06 12 00  11  6.6  9.9 99.00 99.00 99.00 999 1008.8  16.3 999.0 999.0 99.0 99.00
2023 09 06 13 00  12  5.3  9.3 99.00 99.00 99.00 999 1009.8  15.6 999.0 999.0 99.0 99.00
2023 09 06 14 00  22  4.5  7.4 99.00 99.00 99.00 999 1010.8  14.4 999.0 999.0 99.0 99.00
2023 09 06 15 00  17  7.5 11.3 99.00 99.00 99.00 999 1011.4  14.2 999.0 999.0 99.0 99.00
2023 09 06 16 00  16  8.3 11.5 99.00 99.00 99.00 999 1011.9  13.7 999.0 999.0 99.0 99.00
2023 09 06 17 00  16  7.4  9.9 99.00 99.00 99.00 999 1012.6  13.4 999.0 999.0 99.0 99.00
2023 09 06 18 00  17  5.5  8.8 99.00 99.00 99.00 999 1013.2  13.0 999.0 999.0 99.0 99.00
2023 09 06 19 00  22  6.1  9.4 99.00 99.00 99.00 999 1013.2  13.0 999.0 999.0 99.0 99.00
2023 09 06 20 00  14  6.4  9.2 99.00 99.00 99.00 999 1013.8  12.3 999.0 999.0 99.0 99.00
2023 09 06 21 00  13  6.5  9.3 99.00 99.00 99.00 999 1014.1  12.4 999.0 999.0 99.0 99.00
2023 09 06 22 00  14  6.4  9.1 99.00 99.00 99.00 999 1014.7  11.9 999.0 999.0 99.0 99.00
2023 09 06 23 00  16  5.6  8.9 99.00 99.00 99.00 999 1015.2  11.6 999.0 999.0 99.0 99.00
2023 09 07 00 00  24  6.3  8.9 99.00 99.00 99.00 999 1016.0  11.4 999.0 999.0 99.0 99.00
2023 09 07 01 00  22  6.5 10.7 99.00 99.00 99.00 999 1016.5  11.2 999.0 999.0 99.0 99.00
2023 09 07 02 00  27  7.5  9.7 99.00 99.00 99.00 999 1017.2  10.9 999.0 999.0 99.0 99.00
2023 09 07 03 00  25  7.0  8.9 99.00 99.00 99.00 999 1017.5  11.0 999.0 999.0 99.0 99.00
2023 09 07 04 00  33  7.1 11.6 99.00 99.00 99.00 999 1017.5  10.7 999.0 999.0 99.0 99.00
2023 09 07 05 00  30  6.8  8.5 99.00 99.00 99.00 999 1017.5  10.3 999.0 999.0 99.0 99.00
2023 09 07 06 00  28  5.7  8.7 99.00 99.00 99.00 999 1017.3  10.8 999.0 999.0 99.0 99.00
2023 09 07 07 00  29  6.7  8.2 99.00 99.00 99.00 999 1017.4  10.8 999.0 999.0 99.0 99.00
2023 09 07 08 00  17  6.4 10.5 99.00 99.00 99.00 999 1017.7  10.6 999.0 999.0 99.0 99.00
2023 09 07 09 00  19  5.5  9.3 99.00 99.00 99.00 999 1018.1  10.3 999.0 999.0 99.0 99.00
2023 09 07 10 00  25  4.7  6.4 99.00 99.00 99.00 999 1018.6  10.2 999.0 999.0 99.0 99.00
2023 09 07 11 00  21  6.5  8.8 99.00 99.00 99.00 999 1018.9   9.9 999.0 999.0 99.0 99.00
2023 09 07 12 00  21  5.8  9.3 99.00 99.00 99.00 999 1019.3   9.7 999.0 999.0 99.0 99.00
2023 09 07 13 00  24  5.0  7.0 99.00 99.00 99.00 999 1019.9   9.2 999.0 999.0 99.0 99.00
2023 09 07 14 00  20  5.7  9.2 99.00 99.00 99.00 999 1020.2   9.2 999.0 999.0 99.0 99.00
2023 09 07 15 00  32  4.4  7.4 99.00 99.00 99.00 999 1020.4   9.1 999.0 999.0 99.0 99.00
2023 09 07 16 00  31  4.1  6.6 99.00 99.00 99.00 999 1020.7   9.4 999.0 999.0 99.0 99.00
2023 09 07 17 00  26  3.9  6.5 99.00 99.00 99.00 999 1020.7   9.2 999.0 999.0 99.0 99.00
2023 09 07 18 00  27  2.9  4.4 99.00 99.00 99.00 999 1020.9   9.1 999.0 999.0 99.0 99.00
2023 09 07 19 00  18  3.4  5.7 99.00 99.00 99.00 999 1020.9   9.5 999.0 999.0 99.0 99.00
2023 09 07 20 00  23  3.2  4.6 99.00 99.00 99.00 999 1020.7   9.9 999.0 999.0 99.0 99.00
2023 09 07 21 00  35  2.7  4.1 99.00 99.00 99.00 999 1020.5  10.3 999.0 999.0 99.0 99.00
2023 09 07 22 00  49  3.1  3.8 99.00 99.00 99.00 999 1020.6  10.4 999.0 999.0 99.0 99.00
2023 09 07 23 00  28  1.3  1.6 99.00 99.00 99.00 999 1020.4  10.4 999.0 999.0 99.0 99.00
2023 09 08 00 00   8  2.1  2.6 99.00 99.00 99.00 999 1020.3  10.6 999.0 999.0 99.0 99.00
2023 09 08 01 00  28  0.6  0.7 99.00 99.00 99.00 999 1020.7  10.6 999.0 999.0 99.0 99.00
2023 09 08 02 00  41  2.4  2.6 99.00 99.00 99.00 999 1021.0  11.1 999.0 999.0 99.0 99.00
2023 09 08 03 00  33  1.7  2.0 99.00 99.00 99.00 999 1021.3  11.4 999.0 999.0 99.0 99.00
2023 09 08 04 00  78  2.7  3.2 99.00 99.00 99.00 999 1021.4  11.5 999.0 999.0 99.0 99.00
2023 09 08 05 00  51  2.7  3.0 99.00 99.00 99.00 999 1021.2  11.3 999.0 999.0 99.0 99.00
2023 09 08 06 00  22  1.9  2.2 99.00 99.00 99.00 999 1021.4  11.5 999.0 999.0 99.0 99.00
2023 09 08 07 00  44  1.5  1.7 99.00 99.00 99.00 999 1021.5  11.5 999.0 999.0 99.0 99.00
2023 09 08 08 00  37  1.1  1.4 99.00 99.00 99.00 999 1021.5  11.5 999.0 999.0 99.0 99.00
2023 09 08 09 00 276  3.3  3.8 99.00 99.00 99.00 999 1021.4  11.4 999.0 999.0 99.0 99.00
2023 09 08 10 00 242  0.5  1.4 99.00 99.00 99.00 999 1021.7  11.5 999.0 999.0 99.0 99.00
2023 09 08 11 00 276  3.9  4.2 99.00 99.00 99.00 999 1022.3  11.7 999.0 999.0 99.0 99.00
2023 09 08 12 00 295  3.9  4.3 99.00 99.00 99.00 999 1022.6  11.8 999.0 999.0 99.0 99.00
2023 09 08 13 00 283  3.8  4.4 99.00 99.00 99.00 999 1022.8  11.7 999.0 999.0 99.0 99.00
2023 09 08 14 00 276  2.8  3.3 99.00 99.00 99.00 999 1023.0  11.6 999.0 999.0 99.0 99.00
2023 09 08 15 00 304  2.8  3.3 99.00 99.00 99.00 999 1023.1  11.7 999.0 999.0 99.0 99.00
2023 09 08 16 00 264  3.5  4.1 99.00 99.00 99.00 999 1023.0  11.5 999.0 999.0 99.0 99.00
2023 09 08 17 00 265  2.0  2.6 99.00 99.00 99.00 999 1023.0  11.7 999.0 999.0 99.0 99.00
2023 09 08 18 00 161  1.1  1.3 99.00 99.00 99.00 999 1022.8  12.4 999.0 999.0 99.0 99.00
2023 09 08 19 00 176  2.6  3.2 99.00 99.00 99.00 999 1022.6  12.2 999.0 999.0 99.0 99.00
2023 09 08 20 00 192  3.7  4.2 99.00 99.00 99.00 999 1022.4  12.6 999.0 999.0 99.0 99.00
2023 09 08 21 00 196  5.0  5.7 99.00 99.00 99.00 999 1022.1  12.9 999.0 999.0 99.0 99.00
2023 09 08 22 00 206  5.7  6.5 99.00 99.00 99.00 999 1022.2  13.4 999.0 999.0 99.0 99.00
2023 09 08 23 00 260  4.2  4.5 99.00 99.00 99.00 999 1022.1  13.4 999.0 999.0 99.0 99.00
2023 09 09 00 00 258  5.4  6.0 99.00 99.00 99.00 999 1021.9  13.5 999.0 999.0 99.0 99.00
2023 09 09 01 00 260  3.9  4.2 99.00 99.00 99.00 999 1022.1  13.3 999.0 999.0 99.0 99.00
2023 09 09 02 00 276  1.7  1.8 99.00 99.00 99.00 999 1022.6  13.2 999.0 999.0 99.0 99.00
2023 09 09 03 00 270  4.3  4.9 99.00 99.00 99.00 999 1022.7  13.4 999.0 999.0 99.0 99.00
2023 09 09 04 00 264  4.2  4.7 99.00 99.00 99.00 999 1022.8  13.2 999.0 999.0 99.0 99.00
2023 09 09 05 00 250  3.7  4.0 99.00 99.00 99.00 999 1022.6  13.3 999.0 999.0 99.0 99.00
2023 09 09 06 00 234  3.7  4.1 99.00 99.00 99.00 999 1022.8  13.6 999.0 999.0 99.0 99.00
2023 09 09 07 00 244  3.5  3.8 99.00 99.00 99.00 999 1022.9  13.5 999.0 999.0 99.0 99.00
2023 09 09 08 00 232  4.0  4.4 99.00 99.00 99.00 999 1023.0  13.5 999.0 999.0 99.0 99.00
2023 09 09 09 00 268  3.4  3.7 99.00 99.00 99.00 999 1023.0  13.4 999.0 999.0 99.0 99.00
2023 09 09 10 00 234  3.4  3.8 99.00 99.00 99.00 999 1023.2  13.5 999.0 999.0 99.0 99.00
2023 09 09 11 00 240  2.1  2.5 99.00 99.00 99.00 999 1023.4  13.4 999.0 999.0 99.0 99.00
2023 09 09 12 00 176  1.6  1.8 99.00 99.00 99.00 999 1023.7  13.6 999.0 999.0 99.0 99.00
2023 09 09 13 00 220  3.0  3.2 99.00 99.00 99.00 999 1023.8  13.8 999.0 999.0 99.0 99.00
2023 09 09 14 00 222  4.9  5.4 99.00 99.00 99.00 999 1024.1  14.0 999.0 999.0 99.0 99.00
2023 09 09 15 00 261  3.2  3.6 99.00 99.00 99.00 999 1024.6  14.1 999.0 999.0 99.0 99.00
2023 09 09 16 00 262  2.4  2.7 99.00 99.00 99.00 999 1024.8  14.3 999.0 999.0 99.0 99.00
2023 09 09 17 00 239  1.3  1.7 99.00 99.00 99.00 999 1024.6  14.9 999.0 999.0 99.0 99.00
2023 09 09 18 00 186  3.3  3.8 99.00 99.00 99.00 999 1024.2  14.9 999.0 999.0 99.0 99.00
2023 09 09 19 00 189  3.8  4.4 99.00 99.00 99.00 999 1024.2  14.8 999.0 999.0 99.0 99.00
2023 09 09 20 00 195  3.0  3.7 99.00 99.00 99.00 999 1023.8  14.9 999.0 999.0 99.0 99.00
2023 09 09 21 00 197  2.3  2.7 99.00 99.00 99.00 999 1023.6  14.8 999.0 999.0 99.0 99.00
2023 09 09 22 00 178  3.8  4.1 99.00 99.00 99.00 999 1023.6  14.8 999.0 999.0 99.0 99.00
2023 09 09 23 00 209  2.2  2.5 99.00 99.00 99.00 999 1023.7  14.7 999.0 999.0 99.0 99.00
2023 09 10 00 00 244  2.1  2.3 99.00 99.00 99.00 999 1023.9  14.7 999.0 999.0 99.0 99.00
2023 09 10 01 00 275  2.6  3.0 99.00 99.00 99.00 999 1024.3  14.3 999.0 999.0 99.0 99.00
2023 09 10 02 00 261  2.2  2.3 99.00 99.00 99.00 999 1024.2  14.2 999.0 999.0 99.0 99.00
2023 09 10 03 00 171  2.0  2.1 99.00 99.00 99.00 999 1023.7  14.2 999.0 999.0 99.0 99.00
2023 09 10 04 00 219  1.4  1.6 99.00 99.00 99.00 999 1023.8  14.2 999.0 999.0 99.0 99.00
2023 09 10 05 00 252  3.3  3.6 99.00 99.00 99.00 999 1024.0  14.1 999.0 999.0 99.0 99.00
2023 09 10 06 00 281  3.6  3.8 99.00 99.00 99.00 999 1024.0  14.0 999.0 999.0 99.0 99.00
2023 09 10 07 00 269  3.3  3.6 99.00 99.00 99.00 999 1023.6  14.1 999.0 999.0 99.0 99.00
2023 09 10 08 00 240  2.8  3.1 99.00 99.00 99.00 999 1023.4  14.0 999.0 999.0 99.0 99.00
2023 09 10 09 00 255  1.4  1.6 99.00 99.00 99.00 999 1023.4  14.2 999.0 999.0 99.0 99.00
2023 09 10 10 00 290  1.7  2.0 99.00 99.00 99.00 999 1023.5  14.1 999.0 999.0 99.0 99.00
2023 09 10 11 00 326  1.9  2.0 99.00 99.00 99.00 999 1023.9  13.4 999.0 999.0 99.0 99.00
2023 09 10 12 00 272  2.4  2.6 99.00 99.00 99.00 999 1024.3  13.4 999.0 999.0 99.0 99.00
2023 09 10 13 00 345  1.5  2.1 99.00 99.00 99.00 999 1024.5  13.8 999.0 999.0 99.0 99.00
2023 09 10 14 00 313  1.3  1.8 99.00 99.00 99.00 999 1024.6  14.0 999.0 999.0 99.0 99.00
2023 09 10 15 00 346  3.4  5.3 99.00 99.00 99.00 999 1024.8  13.5 999.0 999.0 99.0 99.00
2023 09 10 16 00 352  2.0  2.4 99.00 99.00 99.00 999 1025.1  13.8 999.0 999.0 99.0 99.00
2023 09 10 17 00 351  2.0  2.7 99.00 99.00 99.00 999 1025.2  14.8 999.0 999.0 99.0 99.00
2023 09 10 18 00 344  2.1  2.6 99.00 99.00 99.00 999 1025.1  15.0 999.0 999.0 99.0 99.00
2023 09 10 19 00 354  1.6  2.2 99.00 99.00 99.00 999 1025.1  15.6 999.0 999.0 99.0 99.00
2023 09 10 20 00  72  3.1  3.4 99.00 99.00 99.00 999 1024.5  15.6 999.0 999.0 99.0 99.00
2023 09 10 21 00  73  3.1  3.3 99.00 99.00 99.00 999 1024.4  15.6 999.0 999.0 99.0 99.00
2023 09 10 22 00  95  0.2  0.6 99.00 99.00 99.00 999 1024.3  16.3 999.0 999.0 99.0 99.00
2023 09 10 23 00 349  1.4  1.8 99.00 99.00 99.00 999 1024.6  15.8 999.0 999.0 99.0 99.00
2023 09 11 00 00  20  2.2  3.0 99.00 99.00 99.00 999 1024.6  15.6 999.0 999.0 99.0 99.00
2023 09 11 01 00  18  2.5  3.3 99.00 99.00 99.00 999 1024.7  15.7 999.0 999.0 99.0 99.00
2023 09 11 02 00  38  3.9  5.4 99.00 99.00 99.00 999 1025.2  15.9 999.0 999.0 99.0 99.00
2023 09 11 03 00  52  6.2  7.5 99.00 99.00 99.00 999 1025.3  15.5 999.0 999.0 99.0 99.00
2023 09 11 04 00  57  7.7  9.0 99.00 99.00 99.00 999 1025.2  15.3 999.0 999.0 99.0 99.00
2023 09 11 05 00  57  7.9  9.6 99.00 99.00 99.00 999 1025.1  15.0 999.0 999.0 99.0 99.00
2023 09 11 06 00  65  9.1 10.0 99.00 99.00 99.00 999 1024.9  14.8 999.0 999.0 99.0 99.00
2023 09 11 07 00  64  8.5  9.6 99.00 99.00 99.00 999 1024.7  14.3 999.0 999.0 99.0 99.00
2023 09 11 08 00  67  9.1  9.8 99.00 99.00 99.00 999 1025.0  14.0 999.0 999.0 99.0 99.00
2023 09 11 09 00  58  8.2  9.6 99.00 99.00 99.00 999 1024.9  13.1 999.0 999.0 99.0 99.00
2023 09 11 10 00  67  9.7 11.4 99.00 99.00 99.00 999 1024.9  12.9 999.0 999.0 99.0 99.00
2023 09 11 11 00  53  6.6  8.0 99.00 99.00 99.00 999 1025.4  12.3 999.0 999.0 99.0 99.00
2023 09 11 12 00  57  8.3  9.7 99.00 99.00 99.00 999 1025.7  12.1 999.0 999.0 99.0 99.00
2023 09 11 13 00  68  9.5 10.2 99.00 99.00 99.00 999 1026.1  12.1 999.0 999.0 99.0 99.00
2023 09 11 14 00  54  7.0  8.9 99.00 99.00 99.00 999 1026.2  12.4 999.0 999.0 99.0 99.00
2023 09 11 15 00  62  9.8 10.8 99.00 99.00 99.00 999 1026.4  12.2 999.0 999.0 99.0 99.00
2023 09 11 16 00  59  8.8  9.7 99.00 99.00 99.00 999 1026.5  12.2 999.0 999.0 99.0 99.00
2023 09 11 17 00  64  9.0  9.8 99.00 99.00 99.00 999 1026.2  12.6 999.0 999.0 99.0 99.00
2023 09 11 18 00  60  7.4  8.3 99.00 99.00 99.00 999 1026.1  12.8 999.0 999.0 99.0 99.00
2023 09 11 19 00  49  4.4  5.6 99.00 99.00 99.00 999 1025.8  13.9 999.0 999.0 99.0 99.00
2023 09 11 20 00  48  3.1  4.5 99.00 99.00 99.00 999 1025.4  14.4 999.0 999.0 99.0 99.00
2023 09 11 21 00  30  1.4  2.8 99.00 99.00 99.00 999 1025.2  14.1 999.0 999.0 99.0 99.00
2023 09 11 22 00  15  3.9  5.5 99.00 99.00 99.00 999 1024.7  14.3 999.0 999.0 99.0 99.00
2023 09 11 23 00  28  3.7  5.3 99.00 99.00 99.00 999 1024.7  14.0 999.0 999.0 99.0 99.00
2023 09 12 00 00  71  6.9  7.5 99.00 99.00 99.00 999 1024.5  13.7 999.0 999.0 99.0 99.00
2023 09 12 01 00  56  7.2  9.4 99.00 99.00 99.00 999 1024.8  13.8 999.0 999.0 99.0 99.00
2023 09 12 02 00  69 11.2 12.4 99.00 99.00 99.00 999 1024.9  12.5 999.0 999.0 99.0 99.00
2023 09 12 03 00  52  7.7  9.7 99.00 99.00 99.00 999 1025.0  12.2 999.0 999.0 99.0 99.00
2023 09 12 04 00  56  9.7 11.5 99.00 99.00 99.00 999 1025.1  11.6 999.0 999.0 99.0 99.00
2023 09 12 05 00  48  8.4 10.6 99.00 99.00 99.00 999 1025.1  11.3 999.0 999.0 99.0 99.00
2023 09 12 06 00  56  8.8 11.3 99.00 99.00 99.00 999 1025.0  11.2 999.0 999.0 99.0 99.00
2023 09 12 07 00  51  8.0 10.7 99.00 99.00 99.00 999 1024.7  10.7 999.0 999.0 99.0 99.00
2023 09 12 08 00  43  8.2 10.7 99.00 99.00 99.00 999 1024.4  10.5 999.0 999.0 99.0 99.00
2023 09 12 09 00  39  5.4  7.9 99.00 99.00 99.00 999 1024.3  10.2 999.0 999.0 99.0 99.00
2023 09 12 10 00  38  6.0  8.1 99.00 99.00 99.00 999 1024.5  10.3 999.0 999.0 99.0 99.00
2023 09 12 11 00  29  6.4  9.0 99.00 99.00 99.00 999 1024.5  10.2 999.0 999.0 99.0 99.00
2023 09 12 12 00  30  5.6  8.2 99.00 99.00 99.00 999 1024.7  10.0 999.0 999.0 99.0 99.00
2023 09 12 13 00  37  5.4  7.4 99.00 99.00 99.00 999 1024.8  10.0 999.0 999.0 99.0 99.00
2023 09 12 14 00  27  5.6  7.9 99.00 99.00 99.00 999 1024.6  10.1 999.0 999.0 99.0 99.00
2023 09 12 15 00  28  5.4  7.6 99.00 99.00 99.00 999 1024.6  10.8 999.0 999.0 99.0 99.00
2023 09 12 16 00  25  4.0  5.9 99.00 99.00 99.00 999 1024.6  10.7 999.0 999.0 99.0 99.00
2023 09 12 17 00  13  3.8  5.5 99.00 99.00 99.00 999 1024.2  11.2 999.0 999.0 99.0 99.00
2023 09 12 18 00   6  3.4  4.8 99.00 99.00 99.00 999 1024.0  11.8 999.0 999.0 99.0 99.00
2023 09 12 19 00  21  1.8  2.9 99.00 99.00 99.00 999 1023.5  12.1 999.0 999.0 99.0 99.00
2023 09 12 20 00 357  1.1  2.2 99.00 99.00 99.00 999 1023.1  12.5 999.0 999.0 99.0 99.00
2023 09 12 21 00  87  0.1  0.6 99.00 99.00 99.00 999 1023.0  12.3 999.0 999.0 99.0 99.00
2023 09 12 22 00 131  0.5  1.0 99.00 99.00 99.00 999 1022.7  12.8 999.0 999.0 99.0 99.00
2023 09 12 23 00  90  4.7  5.3 99.00 99.00 99.00 999 1022.8  11.7 999.0 999.0 99.0 99.00
2023 09 13 00 00 100  3.2  4.0 99.00 99.00 99.00 999 1022.9  11.7 999.0 999.0 99.0 99.00
2023 09 13 01 00  51  4.6  5.4 99.00 99.00 99.00 999 1022.9  11.8 999.0 999.0 99.0 99.00
2023 09 13 02 00  45  2.7  3.9 99.00 99.00 99.00 999 1023.0  11.3 999.0 999.0 99.0 99.00
2023 09 13 03 00  43  3.8  5.4 99.00 99.00 99.00 999 1023.1  11.1 999.0 999.0 99.0 99.00
2023 09 13 04 00  28  3.0  3.8 99.00 99.00 99.00 999 1023.0  10.7 999.0 999.0 99.0 99.00
2023 09 13 05 00  37  3.0  3.6 99.00 99.00 99.00 999 1022.9  10.8 999.0 999.0 99.0 99.00
2023 09 13 06 00  42  3.3  4.5 99.00 99.00 99.00 999 1022.8  11.0 999.0 999.0 99.0 99.00
2023 09 13 07 00  39  2.4  3.4 99.00 99.00 99.00 999 1022.9  10.9 999.0 999.0 99.0 99.00
2023 09 13 08 00  21  2.1  3.1 99.00 99.00 99.00 999 1022.9  10.8 999.0 999.0 99.0 99.00
2023 09 13 09 00  16  1.9  3.7 99.00 99.00 99.00 999 1023.0  10.8 999.0 999.0 99.0 99.00
2023 09 13 10 00  27  2.1  2.4 99.00 99.00 99.00 999 1023.2  10.8 999.0 999.0 99.0 99.00
2023 09 13 11 00 343  2.3  3.6 99.00 99.00 99.00 999 1023.4  10.8 999.0 999.0 99.0 99.00
2023 09 13 12 00  32  2.2  2.6 99.00 99.00 99.00 999 1023.7  10.9 999.0 999.0 99.0 99.00
2023 09 13 13 00 358  1.7  2.4 99.00 99.00 99.00 999 1023.9  11.2 999.0 999.0 99.0 99.00
2023 09 13 14 00  18  0.9  1.9 99.00 99.00 99.00 999 1024.0  11.7 999.0 999.0 99.0 99.00
2023 09 13 15 00  12  2.7  4.3 99.00 99.00 99.00 999 1024.0  11.8 999.0 999.0 99.0 99.00
2023 09 13 16 00 340  1.9  2.6 99.00 99.00 99.00 999 1023.9  12.0 999.0 999.0 99.0 99.00
2023 09 13 17 00 105  0.3  0.6 99.00 99.00 99.00 999 1023.5  12.5 999.0 999.0 99.0 99.00
2023 09 13 18 00 137  1.5  1.7 99.00 99.00 99.00 999 1023.4  12.3 999.0 999.0 99.0 99.00
2023 09 13 19 00 184  1.4  1.7 99.00 99.00 99.00 999 1022.9  12.4 999.0 999.0 99.0 99.00
2023 09 13 20 00 205  1.5  2.4 99.00 99.00 99.00 999 1022.5  12.6 999.0 999.0 99.0 99.00
2023 09 13 21 00 257  2.0  2.2 99.00 99.00 99.00 999 1022.1  12.5 999.0 999.0 99.0 99.00
2023 09 13 22 00 201  3.0  3.8 99.00 99.00 99.00 999 1021.7  12.5 999.0 999.0 99.0 99.00
2023 09 13 23 00 214  4.8  5.1 99.00 99.00 99.00 999 1021.5  12.8 999.0 999.0 99.0 99.00
2023 09 14 00 00 224  5.9  6.6 99.00 99.00 99.00 999 1021.1  12.7 999.0 999.0 99.0 99.00
2023 09 14 01 00 234  5.4  5.8 99.00 99.00 99.00 999 1021.3  12.3 999.0 999.0 99.0 99.00
2023 09 14 02 00 253  4.3  4.6 99.00 99.00 99.00 999 1021.3  12.1 999.0 999.0 99.0 99.00
2023 09 14 03 00 252  5.0  5.5 99.00 99.00 99.00 999 1021.1  12.1 999.0 999.0 99.0 99.00
2023 09 14 04 00 248  5.7  6.2 99.00 99.00 99.00 999 1021.1  12.3 999.0 999.0 99.0 99.00
2023 09 14 05 00 236  4.6  5.3 99.00 99.00 99.00 999 1021.0  12.1 999.0 999.0 99.0 99.00
2023 09 14 06 00 240  5.4  6.1 99.00 99.00 99.00 999 1021.0  11.9 999.0 999.0 99.0 99.00
2023 09 14 07 00 245  4.2  5.0 99.00 99.00 99.00 999 1021.1  11.8 999.0 999.0 99.0 99.00
2023 09 14 08 00 246  3.3  4.1 99.00 99.00 99.00 999 1021.1  11.9 999.0 999.0 99.0 99.00
2023 09 14 09 00 228  4.1  4.4 99.00 99.00 99.00 999 1021.2  11.7 999.0 999.0 99.0 99.00
2023 09 14 10 00 237  3.2  3.5 99.00 99.00 99.00 999 1021.3  11.8 999.0 999.0 99.0 99.00
2023 09 14 11 00 247  4.7  4.9 99.00 99.00 99.00 999 1021.5  12.3 999.0 999.0 99.0 99.00
2023 09 14 12 00 252  5.6  6.0 99.00 99.00 99.00 999 1021.7  12.5 999.0 999.0 99.0 99.00
2023 09 14 13 00 237  4.7  5.2 99.00 99.00 99.00 999 1021.8  12.8 999.0 999.0 99.0 99.00
2023 09 14 14 00 228  3.6  4.3 99.00 99.00 99.00 999 1021.8  13.1 999.0 999.0 99.0 99.00
2023 09 14 15 00 215  4.9  5.5 99.00 99.00 99.00 999 1021.7  13.5 999.0 999.0 99.0 99.00
2023 09 14 16 00 204  6.9  8.0 99.00 99.00 99.00 999 1021.6  13.5 999.0 999.0 99.0 99.00
2023 09 14 17 00 204  7.4  8.8 99.00 99.00 99.00 999 1021.2  14.0 999.0 999.0 99.0 99.00
2023 09 14 18 00 197  7.6  8.5 99.00 99.00 99.00 999 1020.5  13.9 999.0 999.0 99.0 99.00
2023 09 14 19 00 200  6.0  6.5 99.00 99.00 99.00 999 1020.1  13.7 999.0 999.0 99.0 99.00
2023 09 14 20 00 187  5.4  5.8 99.00 99.00 99.00 999 1019.6  13.8 999.0 999.0 99.0 99.00
2023 09 14 21 00 184  6.3  6.8 99.00 99.00 99.00 999 1019.3  14.1 999.0 999.0 99.0 99.00
2023 09 14 22 00 150  7.2  7.9 99.00 99.00 99.00 999 1018.9  13.8 999.0 999.0 99.0 99.00
2023 09 14 23 00 141  6.9  8.0 99.00 99.00 99.00 999 1018.6  13.8 999.0 999.0 99.0 99.00
2023 09 15 00 00 148  7.6  8.4 99.00 99.00 99.00 999 1017.9  14.3 999.0 999.0 99.0 99.00
2023 09 15 01 00 142  9.2 10.0 99.00 99.00 99.00 999 1017.1  14.4 999.0 999.0 99.0 99.00
2023 09 15 02 00 147  8.7  9.4 99.00 99.00 99.00 999 1016.9  14.4 999.0 999.0 99.0 99.00
2023 09 15 03 00 168  6.4  7.2 99.00 99.00 99.00 999 1016.9  14.5 999.0 999.0 99.0 99.00
2023 09 15 04 00 186  6.3  6.9 99.00 99.00 99.00 999 1016.8  15.1 999.0 999.0 99.0 99.00
2023 09 15 05 00 218  7.4  8.4 99.00 99.00 99.00 999 1016.5  15.8 999.0 999.0 99.0 99.00
2023 09 15 06 00 215  9.0  9.6 99.00 99.00 99.00 999 1016.3  15.8 999.0 999.0 99.0 99.00
2023 09 15 07 00 211  6.5  6.8 99.00 99.00 99.00 999 1015.9  15.1 999.0 999.0 99.0 99.00
2023 09 15 08 00 213  7.2  7.8 99.00 99.00 99.00 999 1015.7  15.1 999.0 999.0 99.0 99.00
2023 09 15 09 00 220  5.8  6.1 99.00 99.00 99.00 999 1015.7  15.2 999.0 999.0 99.0 99.00
2023 09 15 10 00 186  3.6  3.8 99.00 99.00 99.00 999 1015.5  15.0 999.0 999.0 99.0 99.00
2023 09 15 11 00 175  6.5  6.9 99.00 99.00 99.00 999 1015.4  14.9 999.0 999.0 99.0 99.00
2023 09 15 12 00 182  6.8  7.2 99.00 99.00 99.00 999 1015.5  14.5 999.0 999.0 99.0 99.00
2023 09 15 13 00 176  6.1  6.6 99.00 99.00 99.00 999 1015.1  14.3 999.0 999.0 99.0 99.00
2023 09 15 14 00 173  7.2  7.9 99.00 99.00 99.00 999 1015.2  14.3 999.0 999.0 99.0 99.00
2023 09 15 15 00 206  6.4  7.1 99.00 99.00 99.00 999 1015.1  14.3 999.0 999.0 99.0 99.00
2023 09 15 16 00 220  7.1  7.8 99.00 99.00 99.00 999 1014.5  14.3 999.0 999.0 99.0 99.00
2023 09 15 17 00 216  5.7  6.3 99.00 99.00 99.00 999 1014.3  14.3 999.0 999.0 99.0 99.00
2023 09 15 18 00 226  6.6  7.4 99.00 99.00 99.00 999 1014.2  14.5 999.0 999.0 99.0 99.00
2023 09 15 19 00 227  8.1  9.1 99.00 99.00 99.00 999 1014.1  14.7 999.0 999.0 99.0 99.00
2023 09 15 20 00 223  8.2  9.3 99.00 99.00 99.00 999 1013.6  14.5 999.0 999.0 99.0 99.00
2023 09 15 21 00 219 11.6 12.8 99.00 99.00 99.00 999 1013.2  14.4 999.0 999.0 99.0 99.00
2023 09 15 22 00 220 10.2 10.9 99.00 99.00 99.00 999 1012.9  14.4 999.0 999.0 99.0 99.00
2023 09 15 23 00 230  9.0  9.7 99.00 99.00 99.00 999 1013.1  14.8 999.0 999.0 99.0 99.00
2023 09 16 00 00 216 10.5 11.4 99.00 99.00 99.00 999 1013.2  14.9 999.0 999.0 99.0 99.00
2023 09 16 01 00 211  9.8 10.6 99.00 99.00 99.00 999 1013.3  14.7 999.0 999.0 99.0 99.00
2023 09 16 02 00 222  8.5  9.3 99.00 99.00 99.00 999 1013.4  14.4 999.0 999.0 99.0 99.00
2023 09 16 03 00 246  6.4  6.9 99.00 99.00 99.00 999 1013.6  15.2 999.0 999.0 99.0 99.00
2023 09 16 04 00 265  9.2  9.9 99.00 99.00 99.00 999 1013.7  15.4 999.0 999.0 99.0 99.00
2023 09 16 05 00 269  8.8  9.3 99.00 99.00 99.00 999 1013.9  15.5 999.0 999.0 99.0 99.00
2023 09 16 06 00 277  6.7  7.2 99.00 99.00 99.00 999 1014.2  15.3 999.0 999.0 99.0 99.00
2023 09 16 07 00 289  7.0  7.5 99.00 99.00 99.00 999 1014.2  15.5 999.0 999.0 99.0 99.00
2023 09 16 08 00 284  6.9  7.3 99.00 99.00 99.00 999 1014.3  15.0 999.0 999.0 99.0 99.00
2023 09 16 09 00 296  7.9  8.8 99.00 99.00 99.00 999 1014.4  14.7 999.0 999.0 99.0 99.00
2023 09 16 10 00 297  8.2  8.6 99.00 99.00 99.00 999 1014.8  14.0 999.0 999.0 99.0 99.00
2023 09 16 11 00 285  6.5  6.9 99.00 99.00 99.00 999 1015.5  13.8 999.0 999.0 99.0 99.00
2023 09 16 12 00 289  5.5  6.0 99.00 99.00 99.00 999 1016.0  13.4 999.0 999.0 99.0 99.00
2023 09 16 13 00 297  9.7 10.3 99.00 99.00 99.00 999 1016.3  13.1 999.0 999.0 99.0 99.00
2023 09 16 14 00 306  6.6  7.3 99.00 99.00 99.00 999 1016.8  12.3 999.0 999.0 99.0 99.00
2023 09 16 15 00 311  6.2  6.9 99.00 99.00 99.00 999 1017.2  13.0 999.0 999.0 99.0 99.00
2023 09 16 16 00 318  4.7  5.1 99.00 99.00 99.00 999 1017.3  13.2 999.0 999.0 99.0 99.00
2023 09 16 17 00 271  5.3  5.8 99.00 99.00 99.00 999 1017.7  13.4 999.0 999.0 99.0 99.00
2023 09 16 18 00 287  8.3  8.8 99.00 99.00 99.00 999 1017.2  13.9 999.0 999.0 99.0 99.00
2023 09 16 19 00 282  6.7  7.2 99.00 99.00 99.00 999 1017.1  14.5 999.0 999.0 99.0 99.00
2023 09 16 20 00 255  4.4  5.1 99.00 99.00 99.00 999 1017.3  15.0 999.0 999.0 99.0 99.00
2023 09 16 21 00 272  6.1  6.5 99.00 99.00 99.00 999 1017.2  15.7 999.0 999.0 99.0 99.00
2023 09 16 22 00 289  5.2  5.6 99.00 99.00 99.00 999 1017.2  15.9 999.0 999.0 99.0 99.00
2023 09 16 23 00   7  1.1  2.3 99.00 99.00 99.00 999 1017.8  15.6 999.0 999.0 99.0 99.00
2023 09 17 00 00 273  4.2  4.5 99.00 99.00 99.00 999 1017.8  15.4 999.0 999.0 99.0 99.00
2023 09 17 01 00 303  3.7  3.8 99.00 99.00 99.00 999 1018.1  15.4 999.0 999.0 99.0 99.00
2023 09 17 02 00 352  3.4  5.4 99.00 99.00 99.00 999 1018.5  15.2 999.0 999.0 99.0 99.00
2023 09 17 03 00 343  5.6  6.8 99.00 99.00 99.00 999 1018.3  14.7 999.0 999.0 99.0 99.00
2023 09 17 04 00   2  3.3  6.5 99.00 99.00 99.00 999 1018.3  14.1 999.0 999.0 99.0 99.00
2023 09 17 05 00  15  4.9  6.6 99.00 99.00 99.00 999 1018.3  13.8 999.0 999.0 99.0 99.00
2023 09 17 06 00  12  4.2  7.5 99.00 99.00 99.00 999 1018.4  13.4 999.0 999.0 99.0 99.00
2023 09 17 07 00   8  5.1  6.8 99.00 99.00 99.00 999 1018.8  13.1 999.0 999.0 99.0 99.00
2023 09 17 08 00  12  3.9  5.9 99.00 99.00 99.00 999 1019.0  12.8 999.0 999.0 99.0 99.00
2023 09 17 09 00  10  4.5  8.4 99.00 99.00 99.00 999 1019.3  12.4 999.0 999.0 99.0 99.00
2023 09 17 10 00   5  3.3  6.2 99.00 99.00 99.00 999 1019.6  11.9 999.0 999.0 99.0 99.00
2023 09 17 11 00  16  4.5  7.4 99.00 99.00 99.00 999 1019.9  11.7 999.0 999.0 99.0 99.00
2023 09 17 12 00  15  2.6  5.1 99.00 99.00 99.00 999 1020.1  11.8 999.0 999.0 99.0 99.00
2023 09 17 13 00  18  3.2  4.7 99.00 99.00 99.00 999 1020.5  12.3 999.0 999.0 99.0 99.00
2023 09 17 14 00  19  5.7  7.7 99.00 99.00 99.00 999 1020.6  12.5 999.0 999.0 99.0 99.00
2023 09 17 15 00  18  4.7  7.7 99.00 99.00 99.00 999 1020.6  12.6 999.0 999.0 99.0 99.00
2023 09 17 16 00  16  3.7  6.9 99.00 99.00 99.00 999 1020.9  12.9 999.0 999.0 99.0 99.00
2023 09 17 17 00  13  3.3  4.3 99.00 99.00 99.00 999 1021.0  13.1 999.0 999.0 99.0 99.00
2023 09 17 18 00  20  3.4  5.0 99.00 99.00 99.00 999 1020.8  13.1 999.0 999.0 99.0 99.00
2023 09 17 19 00   9  4.1  6.0 99.00 99.00 99.00 999 1020.5  13.2 999.0 999.0 99.0 99.00
2023 09 17 20 00 342  3.9  6.0 99.00 99.00 99.00 999 1020.4  13.0 999.0 999.0 99.0 99.00
2023 09 17 21 00 332  4.1  4.8 99.00 99.00 99.00 999 1020.3  12.9 999.0 999.0 99.0 99.00
2023 09 17 22 00 338  1.8  2.2 99.00 99.00 99.00 999 1020.2  13.9 999.0 999.0 99.0 99.00
2023 09 17 23 00   0  0.0  0.0 99.00 99.00 99.00 999 1020.2  14.0 999.0 999.0 99.0 99.00
2023 09 18 00 00   0  0.0  0.0 99.00 99.00 99.00 999 1020.1  13.5 999.0 999.0 99.0 99.00
2023 09 18 01 00 255  2.5  2.7 99.00 99.00 99.00 999 1020.2  13.3 999.0 999.0 99.0 99.00
2023 09 18 02 00 229  2.8  3.0 99.00 99.00 99.00 999 1020.2  13.1 999.0 999.0 99.0 99.00
2023 09 18 03 00 231  2.9  3.4 99.00 99.00 99.00 999 1020.1  13.1 999.0 999.0 99.0 99.00
2023 09 18 04 00 316  4.6  5.0 99.00 99.00 99.00 999 1019.8  13.8 999.0 999.0 99.0 99.00
2023 09 18 05 00 332  3.2  3.9 99.00 99.00 99.00 999 1019.6  13.4 999.0 999.0 99.0 99.00
2023 09 18 06 00 335  2.3  3.0 99.00 99.00 99.00 999 1019.5  12.9 999.0 999.0 99.0 99.00
2023 09 18 07 00 342  1.6  2.8 99.00 99.00 99.00 999 1019.6  12.7 999.0 999.0 99.0 99.00
2023 09 18 08 00  12  1.3  3.0 99.00 99.00 99.00 999 1019.4  12.6 999.0 999.0 99.0 99.00
2023 09 18 09 00  15  2.4  3.9 99.00 99.00 99.00 999 1019.7  12.3 999.0 999.0 99.0 99.00
2023 09 18 10 00  18  2.6  3.0 99.00 99.00 99.00 999 1019.7  12.5 999.0 999.0 99.0 99.00
2023 09 18 11 00   5  2.2  2.6 99.00 99.00 99.00 999 1019.8  12.6 999.0 999.0 99.0 99.00
2023 09 18 12 00   1  2.1  2.4 99.00 99.00 99.00 999 1019.9  12.5 999.0 999.0 99.0 99.00
2023 09 18 13 00 350  1.0  1.2 99.00 99.00 99.00 999 1020.3  12.6 999.0 999.0 99.0 99.00
2023 09 18 14 00 354  1.4  1.8 99.00 99.00 99.00 999 1020.3  13.2 999.0 999.0 99.0 99.00
2023 09 18 15 00 103  0.7  1.0 99.00 99.00 99.00 999 1020.4  13.8 999.0 999.0 99.0 99.00
2023 09 18 16 00  56  0.1  0.7 99.00 99.00 99.00 999 1020.3  14.7 999.0 999.0 99.0 99.00
2023 09 18 17 00 186  0.3  0.7 99.00 99.00 99.00 999 1019.9  14.1 999.0 999.0 99.0 99.00
2023 09 18 18 00 150  2.7  3.2 99.00 99.00 99.00 999 1019.7  13.4 999.0 999.0 99.0 99.00
2023 09 18 19 00 139  4.1  4.4 99.00 99.00 99.00 999 1019.2  13.3 999.0 999.0 99.0 99.00
2023 09 18 20 00 147  4.2  4.4 99.00 99.00 99.00 999 1019.1  13.4 999.0 999.0 99.0 99.00
2023 09 18 21 00 151  4.2  4.7 99.00 99.00 99.00 999 1018.6  13.3 999.0 999.0 99.0 99.00
2023 09 18 22 00 160  3.9  4.4 99.00 99.00 99.00 999 1018.4  13.5 999.0 999.0 99.0 99.00
2023 09 18 23 00 143  4.9  5.2 99.00 99.00 99.00 999 1018.3  13.4 999.0 999.0 99.0 99.00
2023 09 19 00 00 155  4.7  5.6 99.00 99.00 99.00 999 1018.3  13.2 999.0 999.0 99.0 99.00
2023 09 19 01 00 153  5.1  5.7 99.00 99.00 99.00 999 1018.2  12.9 999.0 999.0 99.0 99.00
2023 09 19 02 00 151  5.4  5.8 99.00 99.00 99.00 999 1018.3  12.8 999.0 999.0 99.0 99.00
2023 09 19 03 00 153  5.2  5.6 99.00 99.00 99.00 999 1018.1  12.8 999.0 999.0 99.0 99.00
2023 09 19 04 00 150  5.1  5.8 99.00 99.00 99.00 999 1018.2  13.0 999.0 999.0 99.0 99.00
2023 09 19 05 00 160  5.4  5.7 99.00 99.00 99.00 999 1018.1  13.0 999.0 999.0 99.0 99.00
2023 09 19 06 00 162  5.9  6.3 99.00 99.00 99.00 999 1017.8  12.9 999.0 999.0 99.0 99.00
2023 09 19 07 00 164  6.7  7.3 99.00 99.00 99.00 999 1017.7  13.0 999.0 999.0 99.0 99.00
2023 09 19 08 00 151  6.7  7.3 99.00 99.00 99.00 999 1017.3  13.0 999.0 999.0 99.0 99.00
2023 09 19 09 00 144  6.5  6.8 99.00 99.00 99.00 999 1017.2  13.0 999.0 999.0 99.0 99.00
2023 09 19 10 00 152  7.3  7.7 99.00 99.00 99.00 999 1017.4  13.1 999.0 999.0 99.0 99.00
2023 09 19 11 00 148  7.7  8.4 99.00 99.00 99.00 999 1017.4  13.1 999.0 999.0 99.0 99.00
2023 09 19 12 00 150  8.2  8.5 99.00 99.00 99.00 999 1017.5  13.2 999.0 999.0 99.0 99.00
2023 09 19 13 00 136  8.2  8.7 99.00 99.00 99.00 999 1017.6  13.3 999.0 999.0 99.0 99.00
2023 09 19 14 00 140  9.2  9.6 99.00 99.00 99.00 999 1017.3  13.3 999.0 999.0 99.0 99.00
2023 09 19 15 00 144  8.4  9.7 99.00 99.00 99.00 999 1017.4  13.4 999.0 999.0 99.0 99.00
2023 09 19 16 00 138  9.4 10.1 99.00 99.00 99.00 999 1017.2  13.4 999.0 999.0 99.0 99.00
2023 09 19 17 00 137  8.6  9.1 99.00 99.00 99.00 999 1017.1  13.6 999.0 999.0 99.0 99.00
2023 09 19 18 00 126  8.6  9.5 99.00 99.00 99.00 999 1016.7  13.6 999.0 999.0 99.0 99.00
2023 09 19 19 00 123  9.3 10.1 99.00 99.00 99.00 999 1016.5  13.5 999.0 999.0 99.0 99.00
2023 09 19 20 00 120 10.1 10.9 99.00 99.00 99.00 999 1016.0  13.5 999.0 999.0 99.0 99.00
2023 09 19 21 00 123 10.5 11.4 99.00 99.00 99.00 999 1015.8  13.6 999.0 999.0 99.0 99.00
2023 09 19 22 00 121 10.5 11.7 99.00 99.00 99.00 999 1015.7  13.9 999.0 999.0 99.0 99.00
2023 09 19 23 00 117 10.2 11.0 99.00 99.00 99.00 999 1015.6  14.0 999.0 999.0 99.0 99.00
2023 09 20 00 00 115 10.1 11.8 99.00 99.00 99.00 999 1015.2  14.0 999.0 999.0 99.0 99.00
2023 09 20 01 00 121 11.0 11.8 99.00 99.00 99.00 999 1015.4  14.1 999.0 999.0 99.0 99.00
2023 09 20 02 00 128 11.8 13.3 99.00 99.00 99.00 999 1015.6  14.3 999.0 999.0 99.0 99.00
2023 09 20 03 00 139 11.1 12.1 99.00 99.00 99.00 999 1015.7  14.4 999.0 999.0 99.0 99.00
2023 09 20 04 00 151  9.0 10.1 99.00 99.00 99.00 999 1016.0  14.7 999.0 999.0 99.0 99.00
2023 09 20 05 00 161  7.7  8.8 99.00 99.00 99.00 999 1016.2  14.7 999.0 999.0 99.0 99.00
2023 09 20 06 00 168  5.5  6.0 99.00 99.00 99.00 999 1016.2  14.5 999.0 999.0 99.0 99.00
2023 09 20 07 00 200  2.8  3.4 99.00 99.00 99.00 999 1015.5  14.5 999.0 999.0 99.0 99.00
2023 09 20 08 00 149  5.9  6.4 99.00 99.00 99.00 999 1015.5  14.2 999.0 999.0 99.0 99.00
2023 09 20 09 00 140  7.4  8.4 99.00 99.00 99.00 999 1015.6  14.1 999.0 999.0 99.0 99.00
2023 09 20 10 00 149  7.8  8.3 99.00 99.00 99.00 999 1016.2  14.2 999.0 999.0 99.0 99.00
2023 09 20 11 00 150  7.2  8.4 99.00 99.00 99.00 999 1016.5  14.2 999.0 999.0 99.0 99.00
2023 09 20 12 00 146  7.2  7.8 99.00 99.00 99.00 999 1016.8  14.2 999.0 999.0 99.0 99.00
2023 09 20 13 00 145  6.8  7.9 99.00 99.00 99.00 999 1017.1  14.2 999.0 999.0 99.0 99.00
2023 09 20 14 00 149  6.1  6.6 99.00 99.00 99.00 999 1017.2  14.3 999.0 999.0 99.0 99.00
2023 09 20 15 00 150  5.7  6.1 99.00 99.00 99.00 999 1017.4  14.3 999.0 999.0 99.0 99.00
2023 09 20 16 00 141  5.4  5.8 99.00 99.00 99.00 999 1017.6  14.3 999.0 999.0 99.0 99.00
2023 09 20 17 00 149  5.0  5.3 99.00 99.00 99.00 999 1017.9  14.6 999.0 999.0 99.0 99.00
2023 09 20 18 00 138  4.5  4.9 99.00 99.00 99.00 999 1018.0  14.8 999.0 999.0 99.0 99.00
2023 09 20 19 00 139  4.5  4.9 99.00 99.00 99.00 999 1017.9  14.7 999.0 999.0 99.0 99.00
2023 09 20 20 00 127  5.8  6.5 99.00 99.00 99.00 999 1017.5  14.5 999.0 999.0 99.0 99.00
2023 09 20 21 00 120  5.5  5.8 99.00 99.00 99.00 999 1017.6  14.6 999.0 999.0 99.0 99.00
2023 09 20 22 00 119  5.4  5.8 99.00 99.00 99.00 999 1017.8  14.8 999.0 999.0 99.0 99.00
2023 09 20 23 00 119  5.7  6.2 99.00 99.00 99.00 999 1017.9  14.9 999.0 999.0 99.0 99.00
2023 09 21 00 00 122  7.7  8.3 99.00 99.00 99.00 999 1018.1  15.0 999.0 999.0 99.0 99.00
2023 09 21 01 00 125  7.5  8.1 99.00 99.00 99.00 999 1018.5  14.9 999.0 999.0 99.0 99.00
2023 09 21 02 00 135  7.4  8.0 99.00 99.00 99.00 999 1018.7  15.1 999.0 999.0 99.0 99.00
2023 09 21 03 00 146  7.1  7.8 99.00 99.00 99.00 999 1018.5  15.3 999.0 999.0 99.0 99.00
2023 09 21 04 00 183  3.2  3.6 99.00 99.00 99.00 999 1019.2  15.2 999.0 999.0 99.0 99.00
2023 09 21 05 00 178  0.5  0.7 99.00 99.00 99.00 999 1019.4  15.2 999.0 999.0 99.0 99.00
2023 09 21 06 00  57  1.9  2.1 99.00 99.00 99.00 999 1019.3  15.2 999.0 999.0 99.0 99.00
2023 09 21 07 00  75  1.1  1.2 99.00 99.00 99.00 999 1019.9  15.2 999.0 999.0 99.0 99.00
2023 09 21 08 00  94  2.3  2.4 99.00 99.00 99.00 999 1019.7  15.3 999.0 999.0 99.0 99.00
2023 09 21 09 00 147  2.6  3.1 99.00 99.00 99.00 999 1019.9  15.0 999.0 999.0 99.0 99.00
2023 09 21 10 00 187  2.1  2.2 99.00 99.00 99.00 999 1020.2  15.5 999.0 999.0 99.0 99.00
2023 09 21 11 00 187  1.5  1.6 99.00 99.00 99.00 999 1021.0  15.3 999.0 999.0 99.0 99.00
2023 09 21 12 00 190  1.2  1.3 99.00 99.00 99.00 999 1021.6  15.2 999.0 999.0 99.0 99.00
2023 09 21 13 00 257  3.0  3.0 99.00 99.00 99.00 999 1022.1  15.0 999.0 999.0 99.0 99.00
2023 09 21 14 00 284  2.7  3.0 99.00 99.00 99.00 999 1022.6  14.7 999.0 999.0 99.0 99.00
2023 09 21 15 00 297  2.6  2.7 99.00 99.00 99.00 999 1022.9  15.1 999.0 999.0 99.0 99.00
2023 09 21 16 00  63  0.4  0.9 99.00 99.00 99.00 999 1022.7  17.1 999.0 999.0 99.0 99.00
2023 09 21 17 00   4  1.3  1.9 99.00 99.00 99.00 999 1023.0  16.8 999.0 999.0 99.0 99.00
2023 09 21 18 00  86  2.0  2.1 99.00 99.00 99.00 999 1023.2  15.5 999.0 999.0 99.0 99.00
2023 09 21 19 00  70  1.2  1.3 99.00 99.00 99.00 999 1023.4  15.9 999.0 999.0 99.0 99.00
2023 09 21 20 00  54  2.8  3.4 99.00 99.00 99.00 999 1023.1  16.6 999.0 999.0 99.0 99.00
2023 09 21 21 00  87  1.9  2.0 99.00 99.00 99.00 999 1023.6  15.0 999.0 999.0 99.0 99.00
2023 09 21 22 00 114  2.9  3.1 99.00 99.00 99.00 999 1023.3  15.4 999.0 999.0 99.0 99.00
2023 09 21 23 00  77  2.8  2.9 99.00 99.00 99.00 999 1023.2  15.8 999.0 999.0 99.0 99.00
2023 09 22 00 00  51  1.4  1.6 99.00 99.00 99.00 999 1023.7  15.8 999.0 999.0 99.0 99.00
2023 09 22 01 00  70  2.9  3.1 99.00 99.00 99.00 999 1023.7  15.3 999.0 999.0 99.0 99.00
2023 09 22 02 00  38  2.2  2.4 99.00 99.00 99.00 999 1024.3  15.4 999.0 999.0 99.0 99.00
2023 09 22 03 00  46  2.8  3.7 99.00 99.00 99.00 999 1024.2  13.9 999.0 999.0 99.0 99.00
2023 09 22 04 00  55  2.8  3.7 99.00 99.00 99.00 999 1024.4  13.8 999.0 999.0 99.0 99.00
2023 09 22 05 00  75  5.4  5.6 99.00 99.00 99.00 999 1024.1  13.7 999.0 999.0 99.0 99.00
2023 09 22 06 00  84  3.9  4.1 99.00 99.00 99.00 999 1024.7  13.8 999.0 999.0 99.0 99.00
2023 09 22 07 00  59  5.7  6.1 99.00 99.00 99.00 999 1024.8  13.4 999.0 999.0 99.0 99.00
2023 09 22 08 00  37  3.1  4.1 99.00 99.00 99.00 999 1024.8  13.4 999.0 999.0 99.0 99.00
2023 09 22 09 00  63  4.3  5.2 99.00 99.00 99.00 999 1025.0  13.5 999.0 999.0 99.0 99.00
2023 09 22 10 00  65  5.3  5.7 99.00 99.00 99.00 999 1025.0  13.4 999.0 999.0 99.0 99.00
2023 09 22 11 00  53  5.1  5.7 99.00 99.00 99.00 999 1025.2  13.4 999.0 999.0 99.0 99.00
2023 09 22 12 00  76  4.6  4.9 99.00 99.00 99.00 999 1025.6  13.7 999.0 999.0 99.0 99.00
2023 09 22 13 00  56  4.2  4.5 99.00 99.00 99.00 999 1026.2  13.9 999.0 999.0 99.0 99.00
2023 09 22 14 00  73  5.4  5.8 99.00 99.00 99.00 999 1026.0  13.7 999.0 999.0 99.0 99.00
2023 09 22 15 00  50  2.9  4.1 99.00 99.00 99.00 999 1026.3  14.0 999.0 999.0 99.0 99.00
2023 09 22 16 00  63  6.7  7.2 99.00 99.00 99.00 999 1025.6  14.0 999.0 999.0 99.0 99.00
2023 09 22 17 00  49  5.3  6.1 99.00 99.00 99.00 999 1025.6  14.1 999.0 999.0 99.0 99.00
2023 09 22 18 00  59  6.2  7.2 99.00 99.00 99.00 999 1025.3  14.5 999.0 999.0 99.0 99.00
2023 09 22 19 00  59  7.7  8.6 99.00 99.00 99.00 999 1025.0  14.7 999.0 999.0 99.0 99.00
2023 09 22 20 00  61  7.8  9.2 99.00 99.00 99.00 999 1024.9  15.0 999.0 999.0 99.0 99.00
2023 09 22 21 00  65  7.5  8.2 99.00 99.00 99.00 999 1024.6  15.2 999.0 999.0 99.0 99.00
2023 09 22 22 00  78  7.2  7.8 99.00 99.00 99.00 999 1024.3  15.6 999.0 999.0 99.0 99.00
2023 09 22 23 00  65  6.1  6.7 99.00 99.00 99.00 999 1024.3  15.8 999.0 999.0 99.0 99.00
2023 09 23 00 00  54  6.3  7.5 99.00 99.00 99.00 999 1024.2  16.1 999.0 999.0 99.0 99.00
2023 09 23 01 00  61  6.7  7.7 99.00 99.00 99.00 999 1024.1  16.5 999.0 999.0 99.0 99.00
2023 09 23 02 00  44  5.5  6.8 99.00 99.00 99.00 999 1024.3  16.4 999.0 999.0 99.0 99.00
2023 09 23 03 00  54  7.4  8.5 99.00 99.00 99.00 999 1024.5  16.4 999.0 999.0 99.0 99.00
2023 09 23 04 00  68  7.1  7.7 99.00 99.00 99.00 999 1024.8  16.0 999.0 999.0 99.0 99.00
2023 09 23 05 00  59  7.3  7.9 99.00 99.00 99.00 999 1024.6  15.6 999.0 999.0 99.0 99.00
2023 09 23 06 00  58  7.3  8.8 99.00 99.00 99.00 999 1024.1  15.5 999.0 999.0 99.0 99.00
2023 09 23 07 00  72  8.2  9.1 99.00 99.00 99.00 999 1023.4  15.4 999.0 999.0 99.0 99.00
2023 09 23 08 00  60  8.3  9.3 99.00 99.00 99.00 999 1023.3  15.2 999.0 999.0 99.0 99.00
2023 09 23 09 00  64 10.5 11.6 99.00 99.00 99.00 999 1023.7  15.2 999.0 999.0 99.0 99.00
2023 09 23 10 00  75 11.1 12.5 99.00 99.00 99.00 999 1023.5  15.2 999.0 999.0 99.0 99.00
2023 09 23 11 00  85  9.8 10.7 99.00 99.00 99.00 999 1023.6  15.2 999.0 999.0 99.0 99.00
2023 09 23 12 00  93  9.3  9.9 99.00 99.00 99.00 999 1023.9  15.2 999.0 999.0 99.0 99.00
2023 09 23 13 00  91  9.5 10.2 99.00 99.00 99.00 999 1023.9  15.5 999.0 999.0 99.0 99.00
2023 09 23 14 00 101 11.4 12.7 99.00 99.00 99.00 999 1023.7  15.5 999.0 999.0 99.0 99.00
2023 09 23 15 00 109 11.6 12.8 99.00 99.00 99.00 999 1023.5  16.1 999.0 999.0 99.0 99.00
2023 09 23 16 00 120 12.2 12.9 99.00 99.00 99.00 999 1023.2  16.3 999.0 999.0 99.0 99.00
2023 09 23 17 00 101  8.9  9.6 99.00 99.00 99.00 999 1023.5  16.0 999.0 999.0 99.0 99.00
2023 09 23 18 00  89  8.1  9.1 99.00 99.00 99.00 999 1023.2  15.6 999.0 999.0 99.0 99.00
2023 09 23 19 00  93  7.4  8.1 99.00 99.00 99.00 999 1023.1  15.3 999.0 999.0 99.0 99.00
2023 09 23 20 00  90  7.8  8.4 99.00 99.00 99.00 999 1022.7  15.1 999.0 999.0 99.0 99.00
2023 09 23 21 00  85  8.2  9.1 99.00 99.00 99.00 999 1022.4  15.2 999.0 999.0 99.0 99.00
2023 09 23 22 00  93  8.1  8.8 99.00 99.00 99.00 999 1022.5  15.3 999.0 999.0 99.0 99.00
2023 09 23 23 00  90  8.4  9.0 99.00 99.00 99.00 999 1021.9  15.4 999.0 999.0 99.0 99.00
2023 09 24 00 00  98  8.8  9.7 99.00 99.00 99.00 999 1021.8  15.7 999.0 999.0 99.0 99.00
2023 09 24 01 00 106  8.3  9.0 99.00 99.00 99.00 999 1021.9  16.1 999.0 999.0 99.0 99.00
2023 09 24 02 00 103  7.7  8.5 99.00 99.00 99.00 999 1021.8  16.1 999.0 999.0 99.0 99.00
2023 09 24 03 00  95  8.9  9.5 99.00 99.00 99.00 999 1021.5  16.2 999.0 999.0 99.0 99.00
2023 09 24 04 00  99  9.1  9.8 99.00 99.00 99.00 999 1021.5  16.2 999.0 999.0 99.0 99.00
2023 09 24 05 00 103  9.1  9.6 99.00 99.00 99.00 999 1021.5  15.9 999.0 999.0 99.0 99.00
2023 09 24 06 00 100 10.5 11.4 99.00 99.00 99.00 999 1021.3  15.7 999.0 999.0 99.0 99.00
2023 09 24 07 00  98  9.7 10.4 99.00 99.00 99.00 999 1021.4  15.7 999.0 999.0 99.0 99.00
2023 09 24 08 00 105 11.2 12.3 99.00 99.00 99.00 999 1021.1  15.8 999.0 999.0 99.0 99.00
2023 09 24 09 00 108 10.3 11.7 99.00 99.00 99.00 999 1021.7  15.4 999.0 999.0 99.0 99.00
2023 09 24 10 00 105 10.1 10.9 99.00 99.00 99.00 999 1021.6  15.0 999.0 999.0 99.0 99.00
2023 09 24 11 00 113 10.5 11.7 99.00 99.00 99.00 999 1021.7  15.0 999.0 999.0 99.0 99.00
2023 09 24 12 00 110 10.2 11.2 99.00 99.00 99.00 999 1022.1  15.1 999.0 999.0 99.0 99.00
2023 09 24 13 00 106  9.5 10.5 99.00 99.00 99.00 999 1022.3  14.9 999.0 999.0 99.0 99.00
2023 09 24 14 00 106  9.9 10.7 99.00 99.00 99.00 999 1022.3  14.9 999.0 999.0 99.0 99.00
2023 09 24 15 00 109 10.0 10.9 99.00 99.00 99.00 999 1022.7  15.1 999.0 999.0 99.0 99.00
2023 09 24 16 00 108  9.5 11.2 99.00 99.00 99.00 999 1022.9  15.2 999.0 999.0 99.0 99.00
2023 09 24 17 00 104 10.0 11.0 99.00 99.00 99.00 999 1022.8  15.2 999.0 999.0 99.0 99.00
2023 09 24 18 00 107  9.3  9.9 99.00 99.00 99.00 999 1022.6  15.2 999.0 999.0 99.0 99.00
2023 09 24 19 00 106  8.9 10.1 99.00 99.00 99.00 999 1022.4  15.1 999.0 999.0 99.0 99.00
2023 09 24 20 00  99  8.3  9.1 99.00 99.00 99.00 999 1022.3  15.2 999.0 999.0 99.0 99.00
2023 09 24 21 00  98  7.7  8.6 99.00 99.00 99.00 999 1022.1  15.4 999.0 999.0 99.0 99.00
2023 09 24 22 00  88  6.4  6.9 99.00 99.00 99.00 999 1022.2  15.1 999.0 999.0 99.0 99.00
2023 09 24 23 00  76  7.5  7.9 99.00 99.00 99.00 999 1022.2  15.4 999.0 999.0 99.0 99.00
2023 09 25 00 00  99  7.2  7.9 99.00 99.00 99.00 999 1022.2  16.1 999.0 999.0 99.0 99.00
2023 09 25 01 00  89  5.9  6.4 99.00 99.00 99.00 999 1022.6  15.9 999.0 999.0 99.0 99.00
2023 09 25 02 00  85  5.9  6.4 99.00 99.00 99.00 999 1022.8  15.8 999.0 999.0 99.0 99.00
2023 09 25 03 00  84  7.3  7.9 99.00 99.00 99.00 999 1022.8  16.3 999.0 999.0 99.0 99.00
2023 09 25 04 00  88  7.4  8.0 99.00 99.00 99.00 999 1022.9  15.7 999.0 999.0 99.0 99.00
2023 09 25 05 00  88  8.4  9.0 99.00 99.00 99.00 999 1022.7  15.7 999.0 999.0 99.0 99.00
2023 09 25 06 00  88  7.6  8.1 99.00 99.00 99.00 999 1022.9  15.3 999.0 999.0 99.0 99.00
2023 09 25 07 00  98  7.1  7.7 99.00 99.00 99.00 999 1023.2  15.5 999.0 999.0 99.0 99.00
2023 09 25 08 00 101  7.3  8.0 99.00 99.00 99.00 999 1023.3  15.3 999.0 999.0 99.0 99.00
2023 09 25 09 00 103  5.8  6.2 99.00 99.00 99.00 999 1023.5  15.4 999.0 999.0 99.0 99.00
2023 09 25 10 00  93  6.4  6.8 99.00 99.00 99.00 999 1023.8  15.4 999.0 999.0 99.0 99.00
2023 09 25 11 00  87  6.5  7.1 99.00 99.00 99.00 999 1024.0  15.2 999.0 999.0 99.0 99.00
2023 09 25 12 00  86  5.4  6.2 99.00 99.00 99.00 999 1024.2  15.2 999.0 999.0 99.0 99.00
2023 09 25 13 00  97  7.1  8.0 99.00 99.00 99.00 999 1024.3  15.5 999.0 999.0 99.0 99.00
2023 09 25 14 00  91  6.6  7.3 99.00 99.00 99.00 999 1024.9  15.2 999.0 999.0 99.0 99.00
2023 09 25 15 00  87  7.8  8.4 99.00 99.00 99.00 999 1025.0  15.1 999.0 999.0 99.0 99.00
2023 09 25 16 00  89  7.7  8.7 99.00 99.00 99.00 999 1025.3  15.2 999.0 999.0 99.0 99.00
2023 09 25 17 00  85  7.2  7.9 99.00 99.00 99.00 999 1025.7  15.1 999.0 999.0 99.0 99.00
2023 09 25 18 00  80  6.8  7.5 99.00 99.00 99.00 999 1025.6  15.1 999.0 999.0 99.0 99.00
2023 09 25 19 00  89  6.6  7.6 99.00 99.00 99.00 999 1025.4  15.4 999.0 999.0 99.0 99.00
2023 09 25 20 00  87  6.7  7.4 99.00 99.00 99.00 999 1025.3  15.6 999.0 999.0 99.0 99.00
2023 09 25 21 00  78  6.0  6.7 99.00 99.00 99.00 999 1025.2  15.5 999.0 999.0 99.0 99.00
2023 09 25 22 00  80  6.1  6.6 99.00 99.00 99.00 999 1025.2  15.7 999.0 999.0 99.0 99.00
2023 09 25 23 00  73  6.6  7.0 99.00 99.00 99.00 999 1025.5  15.6 999.0 999.0 99.0 99.00
2023 09 26 00 00  74  5.5  6.0 99.00 99.00 99.00 999 1025.5  15.8 999.0 999.0 99.0 99.00
2023 09 26 01 00  74  5.4  6.1 99.00 99.00 99.00 999 1025.8  16.0 999.0 999.0 99.0 99.00
2023 09 26 02 00  75  5.8  6.2 99.00 99.00 99.00 999 1026.0  16.0 999.0 999.0 99.0 99.00
2023 09 26 03 00  73  7.2  7.9 99.00 99.00 99.00 999 1026.3  15.8 999.0 999.0 99.0 99.00
2023 09 26 05 00  91  8.4  9.5 99.00 99.00 99.00 999 1026.6  16.1 999.0 999.0 99.0 99.00
2023 09 26 06 00  91  6.9  7.5 99.00 99.00 99.00 999 1026.8  15.9 999.0 999.0 99.0 99.00
2023 09 26 07 00  77  6.4  7.1 99.00 99.00 99.00 999 1027.1  15.4 999.0 999.0 99.0 99.00
2023 09 26 08 00  71  4.1  4.5 99.00 99.00 99.00 999 1027.0  15.3 999.0 999.0 99.0 99.00
2023 09 26 09 00  68  4.3  4.7 99.00 99.00 99.00 999 1027.4  15.2 999.0 999.0 99.0 99.00
2023 09 26 10 00  67  6.3  6.8 99.00 99.00 99.00 999 1027.5  15.0 999.0 999.0 99.0 99.00
2023 09 26 11 00  74  6.7  7.3 99.00 99.00 99.00 999 1027.8  14.8 999.0 999.0 99.0 99.00
2023 09 26 12 00  75  5.8  6.4 99.00 99.00 99.00 999 1028.5  14.7 999.0 999.0 99.0 99.00
2023 09 26 13 00  80  5.6  6.1 99.00 99.00 99.00 999 1028.9  14.9 999.0 999.0 99.0 99.00
2023 09 26 14 00  80  6.0  6.7 99.00 99.00 99.00 999 1029.1  14.9 999.0 999.0 99.0 99.00
2023 09 26 15 00  83  5.5  6.1 99.00 99.00 99.00 999 1029.3  14.9 999.0 999.0 99.0 99.00
2023 09 26 16 00  89  6.2  6.5 99.00 99.00 99.00 999 1029.5  14.9 999.0 999.0 99.0 99.00
2023 09 26 17 00  85  5.6  6.3 99.00 99.00 99.00 999 1029.7  14.8 999.0 999.0 99.0 99.00
2023 09 26 18 00  82  5.3  5.9 99.00 99.00 99.00 999 1029.3  14.8 999.0 999.0 99.0 99.00
2023 09 26 19 00  78  4.6  5.0 99.00 99.00 99.00 999 1029.1  14.9 999.0 999.0 99.0 99.00
2023 09 26 20 00  77  5.3  5.8 99.00 99.00 99.00 999 1028.8  14.9 999.0 999.0 99.0 99.00
2023 09 26 21 00  74  4.4  4.9 99.00 99.00 99.00 999 1028.5  14.8 999.0 999.0 99.0 99.00
2023 09 26 22 00  59  4.8  5.1 99.00 99.00 99.00 999 1028.1  14.9 999.0 999.0 99.0 99.00
2023 09 26 23 00  62  4.2  5.2 99.00 99.00 99.00 999 1028.0  15.0 999.0 999.0 99.0 99.00
2023 09 27 00 00  76  5.1  5.6 99.00 99.00 99.00 999 1028.3  15.2 999.0 999.0 99.0 99.00
2023 09 27 01 00  76  5.0  5.4 99.00 99.00 99.00 999 1028.4  15.4 999.0 999.0 99.0 99.00
2023 09 27 02 00  72  5.2  5.7 99.00 99.00 99.00 999 1028.2  15.2 999.0 999.0 99.0 99.00
2023 09 27 03 00  69  5.2  5.6 99.00 99.00 99.00 999 1028.1  15.3 999.0 999.0 99.0 99.00
2023 09 27 04 00  74  7.2  7.7 99.00 99.00 99.00 999 1028.1  15.3 999.0 999.0 99.0 99.00
2023 09 27 05 00  83  7.2  7.7 99.00 99.00 99.00 999 1027.9  15.6 999.0 999.0 99.0 99.00
2023 09 27 06 00  93  6.4  7.0 99.00 99.00 99.00 999 1027.8  15.5 999.0 999.0 99.0 99.00
2023 09 27 07 00 106  6.4  6.8 99.00 99.00 99.00 999 1027.5  15.4 999.0 999.0 99.0 99.00
2023 09 27 08 00 109  7.4  7.9 99.00 99.00 99.00 999 1027.3  15.2 999.0 999.0 99.0 99.00
2023 09 27 09 00 118  7.2  8.1 99.00 99.00 99.00 999 1027.3  14.9 999.0 999.0 99.0 99.00
2023 09 27 10 00 115  7.2  8.3 99.00 99.00 99.00 999 1027.4  14.8 999.0 999.0 99.0 99.00
2023 09 27 11 00 112  6.9  7.7 99.00 99.00 99.00 999 1027.7  14.7 999.0 999.0 99.0 99.00
2023 09 27 12 00 116  7.4  8.3 99.00 99.00 99.00 999 1028.0  14.6 999.0 999.0 99.0 99.00
2023 09 27 13 00 126  8.3  9.0 99.00 99.00 99.00 999 1028.2  14.7 999.0 999.0 99.0 99.00
2023 09 27 14 00 122  8.8  9.5 99.00 99.00 99.00 999 1028.4  14.8 999.0 999.0 99.0 99.00
2023 09 27 15 00 118  7.8  8.4 99.00 99.00 99.00 999 1028.5  14.8 999.0 999.0 99.0 99.00
2023 09 27 16 00 113  7.8  8.5 99.00 99.00 99.00 999 1028.3  14.7 999.0 999.0 99.0 99.00
2023 09 27 17 00 110  6.8  7.5 99.00 99.00 99.00 999 1028.0  14.7 999.0 999.0 99.0 99.00
2023 09 27 18 00 117  6.8  7.6 99.00 99.00 99.00 999 1027.5  14.8 999.0 999.0 99.0 99.00
2023 09 27 19 00 112  7.1  7.6 99.00 99.00 99.00 999 1027.0  14.8 999.0 999.0 99.0 99.00
2023 09 27 20 00 107  6.5  7.6 99.00 99.00 99.00 999 1026.4  14.8 999.0 999.0 99.0 99.00
2023 09 27 21 00 108  7.1  8.2 99.00 99.00 99.00 999 1025.9  14.8 999.0 999.0 99.0 99.00
2023 09 27 22 00 110  6.4  6.9 99.00 99.00 99.00 999 1025.6  14.9 999.0 999.0 99.0 99.00
2023 09 27 23 00 107  6.5  7.2 99.00 99.00 99.00 999 1025.4  14.9 999.0 999.0 99.0 99.00
2023 09 28 00 00 111  5.9  6.5 99.00 99.00 99.00 999 1025.4  15.1 999.0 999.0 99.0 99.00
2023 09 28 01 00 103  5.5  6.0 99.00 99.00 99.00 999 1025.3  14.9 999.0 999.0 99.0 99.00
2023 09 28 02 00  91  5.0  5.7 99.00 99.00 99.00 999 1025.2  14.7 999.0 999.0 99.0 99.00
2023 09 28 03 00  99  5.2  5.7 99.00 99.00 99.00 999 1025.1  14.7 999.0 999.0 99.0 99.00
2023 09 28 04 00 110  5.8  6.4 99.00 99.00 99.00 999 1024.8  15.0 999.0 999.0 99.0 99.00
2023 09 28 05 00 134  8.3  9.2 99.00 99.00 99.00 999 1024.5  15.1 999.0 999.0 99.0 99.00
2023 09 28 06 00 149  6.5  7.1 99.00 99.00 99.00 999 1024.6  14.9 999.0 999.0 99.0 99.00
2023 09 28 07 00 164  6.7  7.7 99.00 99.00 99.00 999 1024.5  15.1 999.0 999.0 99.0 99.00
2023 09 28 08 00 150  7.5  8.0 99.00 99.00 99.00 999 1024.1  14.8 999.0 999.0 99.0 99.00
2023 09 28 09 00 145  5.7  6.4 99.00 99.00 99.00 999 1024.2  14.6 999.0 999.0 99.0 99.00
2023 09 28 10 00 150  5.1  5.5 99.00 99.00 99.00 999 1024.2  14.7 999.0 999.0 99.0 99.00
2023 09 28 11 00 135  5.0  5.4 99.00 99.00 99.00 999 1024.3  14.3 999.0 999.0 99.0 99.00
2023 09 28 12 00 142  5.7  6.4 99.00 99.00 99.00 999 1024.5  14.4 999.0 999.0 99.0 99.00
2023 09 28 13 00 138  5.9  6.5 99.00 99.00 99.00 999 1024.5  14.4 999.0 999.0 99.0 99.00
2023 09 28 14 00 143  5.5  5.9 99.00 99.00 99.00 999 1024.5  14.4 999.0 999.0 99.0 99.00
2023 09 28 15 00 151  5.2  5.5 99.00 99.00 99.00 999 1024.5  14.4 999.0 999.0 99.0 99.00
2023 09 28 16 00 143  4.6  4.9 99.00 99.00 99.00 999 1024.2  14.5 999.0 999.0 99.0 99.00
2023 09 28 17 00 149  4.5  4.8 99.00 99.00 99.00 999 1023.7  14.5 999.0 999.0 99.0 99.00
2023 09 28 18 00 134  4.7  5.3 99.00 99.00 99.00 999 1023.2  14.5 999.0 999.0 99.0 99.00
2023 09 28 19 00 130  4.6  5.1 99.00 99.00 99.00 999 1022.4  14.5 999.0 999.0 99.0 99.00
2023 09 28 20 00 127  4.3  4.8 99.00 99.00 99.00 999 1021.7  14.6 999.0 999.0 99.0 99.00
2023 09 28 21 00 121  5.2  5.6 99.00 99.00 99.00 999 1021.1  14.6 999.0 999.0 99.0 99.00
2023 09 28 22 00 119  4.4  4.8 99.00 99.00 99.00 999 1021.0  14.7 999.0 999.0 99.0 99.00
2023 09 28 23 00 132  4.5  5.2 99.00 99.00 99.00 999 1021.0  14.6 999.0 999.0 99.0 99.00
2023 09 29 00 00 164  1.7  2.3 99.00 99.00 99.00 999 1021.1  14.8 999.0 999.0 99.0 99.00
2023 09 29 01 00 141  5.3  5.6 99.00 99.00 99.00 999 1020.7  14.9 999.0 999.0 99.0 99.00
2023 09 29 02 00 148  6.2  6.9 99.00 99.00 99.00 999 1020.4  15.0 999.0 999.0 99.0 99.00
2023 09 29 03 00 147  7.3  8.0 99.00 99.00 99.00 999 1020.2  15.0 999.0 999.0 99.0 99.00
2023 09 29 04 00 158  6.7  7.6 99.00 99.00 99.00 999 1020.1  15.4 999.0 999.0 99.0 99.00
2023 09 29 05 00 233  3.5  4.3 99.00 99.00 99.00 999 1020.0  15.4 999.0 999.0 99.0 99.00
2023 09 29 06 00 175  6.6  7.3 99.00 99.00 99.00 999 1019.9  15.8 999.0 999.0 99.0 99.00
2023 09 29 07 00 190  7.2  7.8 99.00 99.00 99.00 999 1019.8  15.8 999.0 999.0 99.0 99.00
2023 09 29 08 00 192  6.2  7.1 99.00 99.00 99.00 999 1019.3  15.7 999.0 999.0 99.0 99.00
2023 09 29 09 00 196  5.9  6.4 99.00 99.00 99.00 999 1019.2  15.5 999.0 999.0 99.0 99.00
2023 09 29 10 00 187  6.3  6.5 99.00 99.00 99.00 999 1019.1  15.4 999.0 999.0 99.0 99.00
2023 09 29 11 00 176  6.0  6.4 99.00 99.00 99.00 999 1019.1  15.3 999.0 999.0 99.0 99.00
2023 09 29 12 00 181  5.8  6.2 99.00 99.00 99.00 999 1019.4  15.1 999.0 999.0 99.0 99.00
2023 09 29 13 00 186  6.7  7.4 99.00 99.00 99.00 999 1019.7  15.0 999.0 999.0 99.0 99.00
2023 09 29 14 00 189  5.8  6.2 99.00 99.00 99.00 999 1019.5  15.0 999.0 999.0 99.0 99.00
2023 09 29 15 00 193  5.5  6.2 99.00 99.00 99.00 999 1019.6  14.9 999.0 999.0 99.0 99.00
2023 09 29 16 00 176  6.2  6.7 99.00 99.00 99.00 999 1019.0  14.6 999.0 999.0 99.0 99.00
2023 09 29 17 00 213  4.0  4.7 99.00 99.00 99.00 999 1019.4  14.8 999.0 999.0 99.0 99.00
2023 09 29 18 00 201  6.6  7.7 99.00 99.00 99.00 999 1019.7  14.7 999.0 999.0 99.0 99.00
2023 09 29 19 00 199  4.7  5.3 99.00 99.00 99.00 999 1019.7  14.5 999.0 999.0 99.0 99.00
2023 09 29 20 00 234  2.2  2.6 99.00 99.00 99.00 999 1019.6  14.9 999.0 999.0 99.0 99.00
2023 09 29 21 00 191  3.3  3.8 99.00 99.00 99.00 999 1018.6  15.2 999.0 999.0 99.0 99.00
2023 09 29 22 00 153  4.3  4.5 99.00 99.00 99.00 999 1017.6  15.2 999.0 999.0 99.0 99.00
2023 09 29 23 00 141  6.1  6.7 99.00 99.00 99.00 999 1017.0  15.4 999.0 999.0 99.0 99.00
2023 09 30 00 00 139  8.8  9.2 99.00 99.00 99.00 999 1016.2  15.9 999.0 999.0 99.0 99.00
2023 09 30 01 00 155  8.0  9.1 99.00 99.00 99.00 999 1017.7  15.6 999.0 999.0 99.0 99.00
2023 09 30 02 00 203  2.4  3.1 99.00 99.00 99.00 999 1018.3  15.5 999.0 999.0 99.0 99.00
2023 09 30 03 00 251  3.8  4.1 99.00 99.00 99.00 999 1018.8  15.4 999.0 999.0 99.0 99.00
2023 09 30 04 00 200  7.7  8.2 99.00 99.00 99.00 999 1018.7  16.3 999.0 999.0 99.0 99.00
2023 09 30 05 00 216  8.0  9.1 99.00 99.00 99.00 999 1018.8  16.5 999.0 999.0 99.0 99.00
2023 09 30 06 00 204  6.3  6.9 99.00 99.00 99.00 999 1018.8  16.0 999.0 999.0 99.0 99.00
2023 09 30 07 00 210  6.1  6.5 99.00 99.00 99.00 999 1019.2  15.7 999.0 999.0 99.0 99.00
2023 09 30 08 00 226  3.6  3.7 99.00 99.00 99.00 999 1019.2  15.8 999.0 999.0 99.0 99.00
2023 09 30 09 00 196  3.9  4.4 99.00 99.00 99.00 999 1019.4  15.9 999.0 999.0 99.0 99.00
2023 09 30 10 00 260  1.3  1.4 99.00 99.00 99.00 999 1019.9  16.6 999.0 999.0 99.0 99.00
2023 09 30 11 00 327  1.9  1.9 99.00 99.00 99.00 999 1020.4  16.4 999.0 999.0 99.0 99.00
2023 09 30 12 00 354  1.9  2.0 99.00 99.00 99.00 999 1021.0  16.2 999.0 999.0 99.0 99.00
2023 09 30 13 00   1  2.4  3.2 99.00 99.00 99.00 999 1021.4  16.2 999.0 999.0 99.0 99.00
2023 09 30 14 00  16  3.9  4.8 99.00 99.00 99.00 999 1021.7  15.9 999.0 999.0 99.0 99.00
2023 09 30 15 00  16  3.7  4.8 99.00 99.00 99.00 999 1022.5  15.9 999.0 999.0 99.0 99.00
2023 09 30 16 00  58  3.4  3.7 99.00 99.00 99.00 999 1022.8  15.3 999.0 999.0 99.0 99.00
2023 09 30 17 00  49  4.6  6.8 99.00 99.00 99.00 999 1022.6  16.0 999.0 999.0 99.0 99.00
2023 09 30 18 00  53  5.3  6.5 99.00 99.00 99.00 999 1023.0  15.5 999.0 999.0 99.0 99.00
2023 09 30 19 00  77  3.8  4.1 99.00 99.00 99.00 999 1023.5  15.3 999.0 999.0 99.0 99.00
2023 09 30 20 00  70  4.1  4.4 99.00 99.00 99.00 999 1023.5  15.2 999.0 999.0 99.0 99.00
2023 09 30 21 00  66  5.5  6.0 99.00 99.00 99.00 999 1022.7  15.2 999.0 999.0 99.0 99.00
2023 09 30 22 00  72  4.6  5.1 99.00 99.00 99.00 999 1023.1  15.3 999.0 999.0 99.0 99.00
2023 09 30 23 00 100  4.7  5.1 99.00 99.00 99.00 999 1023.5  15.0 999.0 999.0 99.0 99.00
