#YY  MM DD hh mm WDIR WSPD GST  WVHT   DPD   APD MWD   PRES  ATMP  WTMP  DEWP  VIS  TIDE
#yr  mo dy hr mn degT m/s  m/s     m   sec   sec deg    hPa  degC  degC  degC  nmi    ft
2023 10 01 00 00  67  3.9  4.4 99.00 99.00 99.00 999 1023.8  14.3 999.0 999.0 99.0 99.00
2023 10 01 01 00  78  3.2  3.4 99.00 99.00 99.00 999 1024.4  14.5 999.0 999.0 99.0 99.00
2023 10 01 02 00  89  5.9  6.7 99.00 99.00 99.00 999 1025.0  14.6 999.0 999.0 99.0 99.00
2023 10 01 03 00  90  4.4  4.8 99.00 99.00 99.00 999 1025.1  14.3 999.0 999.0 99.0 99.00
2023 10 01 04 00  74  4.4  4.6 99.00 99.00 99.00 999 1025.1  14.4 999.0 999.0 99.0 99.00
2023 10 01 05 00  51  3.6  4.3 99.00 99.00 99.00 999 1025.3  14.6 999.0 999.0 99.0 99.00
2023 10 01 06 00  71  4.4  4.9 99.00 99.00 99.00 999 1025.5  14.8 999.0 999.0 99.0 99.00
2023 10 01 07 00  74  4.4  4.9 99.00 99.00 99.00 999 1025.3  15.0 999.0 999.0 99.0 99.00
2023 10 01 08 00  77  5.2  5.6 99.00 99.00 99.00 999 1025.4  15.0 999.0 999.0 99.0 99.00
2023 10 01 09 00  77  5.4  5.9 99.00 99.00 99.00 999 1025.1  15.0 999.0 999.0 99.0 99.00
2023 10 01 10 00  77  6.2  6.6 99.00 99.00 99.00 999 1025.0  15.0 999.0 999.0 99.0 99.00
2023 10 01 11 00  83  5.0  5.6 99.00 99.00 99.00 999 1025.3  15.1 999.0 999.0 99.0 99.00
2023 10 01 12 00  88  6.3  6.7 99.00 99.00 99.00 999 1025.1  14.8 999.0 999.0 99.0 99.00
2023 10 01 13 00  99  4.3  4.6 99.00 99.00 99.00 999 1025.5  14.7 999.0 999.0 99.0 99.00
2023 10 01 14 00  99  5.2  5.5 99.00 99.00 99.00 999 1024.9  15.1 999.0 999.0 99.0 99.00
2023 10 01 15 00 108  5.6  6.0 99.00 99.00 99.00 999 1024.9  15.1 999.0 999.0 99.0 99.00
2023 10 01 16 00  93  4.6  5.2 99.00 99.00 99.00 999 1024.8  15.2 999.0 999.0 99.0 99.00
2023 10 01 17 00  82  4.7  5.0 99.00 99.00 99.00 999 1024.7  15.5 999.0 999.0 99.0 99.00
2023 10 01 18 00  84  6.4  6.8 99.00 99.00 99.00 999 1023.9  15.2 999.0 999.0 99.0 99.00
2023 10 01 19 00  96  6.3  7.4 99.00 99.00 99.00 999 1023.0  15.3 999.0 999.0 99.0 99.00
2023 10 01 20 00  86  6.2  6.7 99.00 99.00 99.00 999 1022.3  15.4 999.0 999.0 99.0 99.00
2023 10 01 21 00 106  7.5  8.0 99.00 99.00 99.00 999 1021.4  14.7 999.0 999.0 99.0 99.00
2023 10 01 22 00 105  5.3  5.8 99.00 99.00 99.00 999 1020.7  15.0 999.0 999.0 99.0 99.00
2023 10 01 23 00  96  6.6  7.0 99.00 99.00 99.00 999 1019.2  15.0 999.0 999.0 99.0 99.00
2023 10 02 00 00  91  5.1  5.6 99.00 99.00 99.00 999 1019.5  15.3 999.0 999.0 99.0 99.00
2023 10 02 01 00  58  4.1  4.7 99.00 99.00 99.00 999 1019.9  15.6 999.0 999.0 99.0 99.00
2023 10 02 02 00  56  5.5  6.0 99.00 99.00 99.00 999 1019.9  15.4 999.0 999.0 99.0 99.00
2023 10 02 03 00  78  6.6  7.0 99.00 99.00 99.00 999 1018.9  15.5 999.0 999.0 99.0 99.00
2023 10 02 04 00  75  6.0  6.4 99.00 99.00 99.00 999 1019.3  15.4 999.0 999.0 99.0 99.00
2023 10 02 05 00  74  7.9  8.6 99.00 99.00 99.00 999 1019.3  15.5 999.0 999.0 99.0 99.00
2023 10 02 06 00 112  5.9  6.7 99.00 99.00 99.00 999 1018.9  15.8 999.0 999.0 99.0 99.00
2023 10 02 07 00 136  5.7  6.2 99.00 99.00 99.00 999 1018.5  16.1 999.0 999.0 99.0 99.00
2023 10 02 08 00 183  5.1  5.4 99.00 99.00 99.00 999 1018.1  16.0 999.0 999.0 99.0 99.00
2023 10 02 09 00 201  5.6  6.0 99.00 99.00 99.00 999 1018.0  16.0 999.0 999.0 99.0 99.00
2023 10 02 10 00 207  6.0  6.6 99.00 99.00 99.00 999 1017.9  16.3 999.0 999.0 99.0 99.00
2023 10 02 11 00 212  6.6  6.8 99.00 99.00 99.00 999 1017.9  16.2 999.0 999.0 99.0 99.00
2023 10 02 12 00 215  7.4  7.9 99.00 99.00 99.00 999 1017.8  15.9 999.0 999.0 99.0 99.00
2023 10 02 13 00 219  7.1  7.3 99.00 99.00 99.00 999 1017.6  17.1 999.0 999.0 99.0 99.00
2023 10 02 14 00 215  9.8 11.0 99.00 99.00 99.00 999 1017.6  16.6 999.0 999.0 99.0 99.00
2023 10 02 15 00 215  9.4 10.0 99.00 99.00 99.00 999 1017.3  16.8 999.0 999.0 99.0 99.00
2023 10 02 16 00 218  9.6 10.3 99.00 99.00 99.00 999 1017.2  17.1 999.0 999.0 99.0 99.00
2023 10 02 17 00 225  8.1  8.6 99.00 99.00 99.00 999 1017.0  17.1 999.0 999.0 99.0 99.00
2023 10 02 18 00 213 10.1 10.7 99.00 99.00 99.00 999 1016.5  17.8 999.0 999.0 99.0 99.00
2023 10 02 19 00 232  7.7  8.9 99.00 99.00 99.00 999 1016.2  18.2 999.0 999.0 99.0 99.00
2023 10 02 20 00 211  9.8 10.5 99.00 99.00 99.00 999 1015.6  19.3 999.0 999.0 99.0 99.00
2023 10 02 21 00 223  9.0  9.6 99.00 99.00 99.00 999 1015.3  20.7 999.0 999.0 99.0 99.00
2023 10 02 22 00 221  6.2  6.8 99.00 99.00 99.00 999 1015.5  20.2 999.0 999.0 99.0 99.00
2023 10 02 23 00 215  6.9  7.4 99.00 99.00 99.00 999 1015.7  19.6 999.0 999.0 99.0 99.00
2023 10 03 00 00 190  7.2  7.5 99.00 99.00 99.00 999 1015.2  18.1 999.0 999.0 99.0 99.00
2023 10 03 01 00 197  5.0  5.5 99.00 99.00 99.00 999 1015.8  18.2 999.0 999.0 99.0 99.00
2023 10 03 02 00 174  4.5  4.8 99.00 99.00 99.00 999 1015.5  18.8 999.0 999.0 99.0 99.00
2023 10 03 03 00 168  3.9  4.2 99.00 99.00 99.00 999 1015.6  17.7 999.0 999.0 99.0 99.00
2023 10 03 04 00 230  5.7  6.0 99.00 99.00 99.00 999 1015.7  21.2 999.0 999.0 99.0 99.00
2023 10 03 05 00 351  0.1  0.4 99.00 99.00 99.00 999 1015.8  19.5 999.0 999.0 99.0 99.00
2023 10 03 06 00 213  5.0  5.4 99.00 99.00 99.00 999 1015.6  19.1 999.0 999.0 99.0 99.00
2023 10 03 07 00 220  5.9  6.3 99.00 99.00 99.00 999 1015.6  20.4 999.0 999.0 99.0 99.00
2023 10 03 08 00 197  5.4  6.1 99.00 99.00 99.00 999 1015.4  18.9 999.0 999.0 99.0 99.00
2023 10 03 09 00 200  6.0  6.7 99.00 99.00 99.00 999 1015.6  18.3 999.0 999.0 99.0 99.00
2023 10 03 10 00 201  4.8  5.9 99.00 99.00 99.00 999 1015.9  17.9 999.0 999.0 99.0 99.00
2023 10 03 11 00 182  7.1  7.4 99.00 99.00 99.00 999 1015.7  17.4 999.0 999.0 99.0 99.00
2023 10 03 12 00 200  6.0  6.5 99.00 99.00 99.00 999 1015.5  17.4 999.0 999.0 99.0 99.00
2023 10 03 13 00 210  6.3  7.0 99.00 99.00 99.00 999 1015.5  16.8 999.0 999.0 99.0 99.00
2023 10 03 14 00 207  7.8  8.6 99.00 99.00 99.00 999 1015.3  17.2 999.0 999.0 99.0 99.00
2023 10 03 15 00 212  8.0  8.7 99.00 99.00 99.00 999 1015.1  17.0 999.0 999.0 99.0 99.00
2023 10 03 16 00 203  7.4  8.1 99.00 99.00 99.00 999 1014.9  17.1 999.0 999.0 99.0 99.00
2023 10 03 17 00 198  6.7  7.6 99.00 99.00 99.00 999 1014.5  17.5 999.0 999.0 99.0 99.00
2023 10 03 18 00 182  6.9  7.7 99.00 99.00 99.00 999 1014.1  17.8 999.0 999.0 99.0 99.00
2023 10 03 19 00 175  7.7  8.3 99.00 99.00 99.00 999 1013.4  18.5 999.0 999.0 99.0 99.00
2023 10 03 20 00 134  6.1  6.3 99.00 99.00 99.00 999 1013.2  17.9 999.0 999.0 99.0 99.00
2023 10 03 21 00 133  5.5  5.7 99.00 99.00 99.00 999 1012.3  16.9 999.0 999.0 99.0 99.00
2023 10 03 22 00 156  5.4  5.5 99.00 99.00 99.00 999 1012.0  18.2 999.0 999.0 99.0 99.00
2023 10 03 23 00 166  5.8  6.0 99.00 99.00 99.00 999 1011.4  19.0 999.0 999.0 99.0 99.00
2023 10 04 00 00 152  6.5  7.9 99.00 99.00 99.00 999 1011.0  18.9 999.0 999.0 99.0 99.00
2023 10 04 01 00 174  4.0  5.0 99.00 99.00 99.00 999 1010.8  18.0 999.0 999.0 99.0 99.00
2023 10 04 02 00 198  5.6  6.1 99.00 99.00 99.00 999 1010.4  20.4 999.0 999.0 99.0 99.00
2023 10 04 03 00 176  8.0  9.3 99.00 99.00 99.00 999 1010.1  19.4 999.0 999.0 99.0 99.00
2023 10 04 04 00 167 11.6 12.3 99.00 99.00 99.00 999 1009.7  19.3 999.0 999.0 99.0 99.00
2023 10 04 05 00 168 11.6 12.8 99.00 99.00 99.00 999 1009.4  19.6 999.0 999.0 99.0 99.00
2023 10 04 06 00 172  9.3 10.2 99.00 99.00 99.00 999 1008.9  19.0 999.0 999.0 99.0 99.00
2023 10 04 07 00 180  7.6  9.0 99.00 99.00 99.00 999 1008.2  18.9 999.0 999.0 99.0 99.00
2023 10 04 08 00 223  7.6  8.3 99.00 99.00 99.00 999 1008.1  18.2 999.0 999.0 99.0 99.00
2023 10 04 09 00 200  6.8  7.6 99.00 99.00 99.00 999 1007.9  18.5 999.0 999.0 99.0 99.00
2023 10 04 10 00 169  9.0  9.4 99.00 99.00 99.00 999 1006.9  18.2 999.0 999.0 99.0 99.00
2023 10 04 11 00 165 12.4 13.6 99.00 99.00 99.00 999 1006.2  18.8 999.0 999.0 99.0 99.00
2023 10 04 12 00 155 12.5 13.7 99.00 99.00 99.00 999 1005.4  18.7 999.0 999.0 99.0 99.00
2023 10 04 13 00 159 12.6 14.2 99.00 99.00 99.00 999 1005.3  18.4 999.0 999.0 99.0 99.00
2023 10 04 14 00 181 10.2 11.6 99.00 99.00 99.00 999 1005.7  17.9 999.0 999.0 99.0 99.00
2023 10 04 15 00 218  9.8 10.9 99.00 99.00 99.00 999 1006.1  17.5 999.0 999.0 99.0 99.00
2023 10 04 16 00 212  8.1  8.5 99.00 99.00 99.00 999 1005.8  17.1 999.0 999.0 99.0 99.00
2023 10 04 17 00 252 12.5 13.4 99.00 99.00 99.00 999 1005.7  18.3 999.0 999.0 99.0 99.00
2023 10 04 18 00 239  8.1  9.3 99.00 99.00 99.00 999 1006.0  17.8 999.0 999.0 99.0 99.00
2023 10 04 19 00 241  8.9  9.3 99.00 99.00 99.00 999 1006.2  18.1 999.0 999.0 99.0 99.00
2023 10 04 20 00 268  8.8  9.6 99.00 99.00 99.00 999 1005.7  17.4 999.0 999.0 99.0 99.00
2023 10 04 21 00 228  5.9  6.2 99.00 99.00 99.00 999 1005.6  17.3 999.0 999.0 99.0 99.00
2023 10 04 22 00 256  8.4  9.2 99.00 99.00 99.00 999 1005.9  17.9 999.0 999.0 99.0 99.00
2023 10 04 23 00 252 10.5 10.9 99.00 99.00 99.00 999 1006.2  17.6 999.0 999.0 99.0 99.00
2023 10 05 00 00 261 13.4 14.2 99.00 99.00 99.00 999 1006.8  17.3 999.0 999.0 99.0 99.00
2023 10 05 01 00 265 10.7 11.6 99.00 99.00 99.00 999 1007.6  16.6 999.0 999.0 99.0 99.00
2023 10 05 02 00 266  9.3 10.0 99.00 99.00 99.00 999 1007.8  15.9 999.0 999.0 99.0 99.00
2023 10 05 03 00 286  8.1  8.6 99.00 99.00 99.00 999 1008.1  16.0 999.0 999.0 99.0 99.00
2023 10 05 04 00 286  8.1  9.0 99.00 99.00 99.00 999 1008.5  15.6 999.0 999.0 99.0 99.00
2023 10 05 05 00 287  7.9  8.4 99.00 99.00 99.00 999 1008.8  15.3 999.0 999.0 99.0 99.00
2023 10 05 06 00 279  8.5  9.2 99.00 99.00 99.00 999 1009.2  14.7 999.0 999.0 99.0 99.00
2023 10 05 07 00 287 10.5 11.4 99.00 99.00 99.00 999 1009.2  14.2 999.0 999.0 99.0 99.00
2023 10 05 08 00 292  7.1  7.7 99.00 99.00 99.00 999 1009.2  13.9 999.0 999.0 99.0 99.00
2023 10 05 09 00 292  6.7  7.4 99.00 99.00 99.00 999 1009.3  13.7 999.0 999.0 99.0 99.00
2023 10 05 10 00 291  7.2  7.7 99.00 99.00 99.00 999 1009.6  13.4 999.0 999.0 99.0 99.00
2023 10 05 11 00 277  8.1  8.9 99.00 99.00 99.00 999 1009.7  12.7 999.0 999.0 99.0 99.00
2023 10 05 12 00 264  4.9  5.5 99.00 99.00 99.00 999 1009.9  12.6 999.0 999.0 99.0 99.00
2023 10 05 13 00 213  4.8  5.4 99.00 99.00 99.00 999 1009.7  12.8 999.0 999.0 99.0 99.00
2023 10 05 14 00 171  4.5  5.0 99.00 99.00 99.00 999 1009.0  13.3 999.0 999.0 99.0 99.00
2023 10 05 15 00 186  8.8 10.0 99.00 99.00 99.00 999 1008.5  14.1 999.0 999.0 99.0 99.00
2023 10 05 16 00 168  8.5  9.2 99.00 99.00 99.00 999 1007.3  14.3 999.0 999.0 99.0 99.00
2023 10 05 17 00 186  7.9  9.0 99.00 99.00 99.00 999 1006.9  14.3 999.0 999.0 99.0 99.00
2023 10 05 18 00 205 13.2 14.9 99.00 99.00 99.00 999 1006.6  14.3 999.0 999.0 99.0 99.00
2023 10 05 19 00 204 10.6 11.9 99.00 99.00 99.00 999 1005.6  14.0 999.0 999.0 99.0 99.00
2023 10 05 20 00 215 13.2 14.8 99.00 99.00 99.00 999 1004.9  14.6 999.0 999.0 99.0 99.00
2023 10 05 21 00 259 16.4 18.8 99.00 99.00 99.00 999 1005.0  12.0 999.0 999.0 99.0 99.00
2023 10 05 22 00 266 12.3 13.0 99.00 99.00 99.00 999 1004.8  12.7 999.0 999.0 99.0 99.00
2023 10 05 23 00 239  7.8  8.2 99.00 99.00 99.00 999 1004.8  12.6 999.0 999.0 99.0 99.00
2023 10 06 00 00 232  9.1 11.1 99.00 99.00 99.00 999 1004.6  13.0 999.0 999.0 99.0 99.00
2023 10 06 01 00 228 11.2 12.3 99.00 99.00 99.00 999 1004.4  13.1 999.0 999.0 99.0 99.00
2023 10 06 02 00 235  9.5 10.9 99.00 99.00 99.00 999 1004.3  12.9 999.0 999.0 99.0 99.00
2023 10 06 03 00 222  9.1 10.6 99.00 99.00 99.00 999 1003.3  11.8 999.0 999.0 99.0 99.00
2023 10 06 04 00 229  9.6 10.9 99.00 99.00 99.00 999 1002.8  11.1 999.0 999.0 99.0 99.00
2023 10 06 05 00 270 10.9 12.3 99.00 99.00 99.00 999 1002.3  11.7 999.0 999.0 99.0 99.00
2023 10 06 06 00 278 11.0 11.7 99.00 99.00 99.00 999 1002.4  11.3 999.0 999.0 99.0 99.00
2023 10 06 07 00 278 10.9 12.6 99.00 99.00 99.00 999 1002.2  11.4 999.0 999.0 99.0 99.00
2023 10 06 08 00 271 11.0 12.7 99.00 99.00 99.00 999 1002.1  10.9 999.0 999.0 99.0 99.00
2023 10 06 09 00 291 10.8 11.9 99.00 99.00 99.00 999 1002.2  10.8 999.0 999.0 99.0 99.00
2023 10 06 10 00 284  9.1  9.9 99.00 99.00 99.00 999 1002.5  10.7 999.0 999.0 99.0 99.00
2023 10 06 11 00 310  9.5 10.3 99.00 99.00 99.00 999 1002.7  11.0 999.0 999.0 99.0 99.00
2023 10 06 12 00 320 11.8 13.0 99.00 99.00 99.00 999 1003.2  10.5 999.0 999.0 99.0 99.00
2023 10 06 13 00 336 11.7 13.4 99.00 99.00 99.00 999 1004.0   9.0 999.0 999.0 99.0 99.00
2023 10 06 14 00 325 13.0 14.4 99.00 99.00 99.00 999 1004.6   8.2 999.0 999.0 99.0 99.00
2023 10 06 15 00 330 12.5 14.4 99.00 99.00 99.00 999 1005.4   7.8 999.0 999.0 99.0 99.00
2023 10 06 16 00 330 12.9 15.4 99.00 99.00 99.00 999 1005.9   7.0 999.0 999.0 99.0 99.00
2023 10 06 17 00 333 13.2 14.8 99.00 99.00 99.00 999 1006.2   8.3 999.0 999.0 99.0 99.00
2023 10 06 18 00 332 14.3 16.8 99.00 99.00 99.00 999 1006.7   8.1 999.0 999.0 99.0 99.00
2023 10 06 19 00 336 13.0 15.9 99.00 99.00 99.00 999 1007.5   8.0 999.0 999.0 99.0 99.00
2023 10 06 20 00 329 15.8 18.4 99.00 99.00 99.00 999 1008.2   8.1 999.0 999.0 99.0 99.00
2023 10 06 21 00 338 13.6 17.1 99.00 99.00 99.00 999 1009.2   8.9 999.0 999.0 99.0 99.00
2023 10 06 22 00 342 14.2 18.3 99.00 99.00 99.00 999 1010.3   8.3 999.0 999.0 99.0 99.00
2023 10 06 23 00 341 14.4 17.2 99.00 99.00 99.00 999 1011.4   8.1 999.0 999.0 99.0 99.00
2023 10 07 00 00 345 13.4 16.7 99.00 99.00 99.00 999 1012.6   7.9 999.0 999.0 99.0 99.00
2023 10 07 01 00 338 15.5 19.2 99.00 99.00 99.00 999 1013.5   7.3 999.0 999.0 99.0 99.00
2023 10 07 02 00 342 16.4 19.6 99.00 99.00 99.00 999 1014.3   7.4 999.0 999.0 99.0 99.00
2023 10 07 03 00 344 14.6 18.1 99.00 99.00 99.00 999 1015.1   6.8 999.0 999.0 99.0 99.00
2023 10 07 04 00 343 11.8 16.6 99.00 99.00 99.00 999 1015.8   7.0 999.0 999.0 99.0 99.00
2023 10 07 05 00 350 11.2 16.3 99.00 99.00 99.00 999 1016.2   6.9 999.0 999.0 99.0 99.00
2023 10 07 06 00 348  9.4 14.9 99.00 99.00 99.00 999 1016.4   6.9 999.0 999.0 99.0 99.00
2023 10 07 07 00 350  8.7 15.3 99.00 99.00 99.00 999 1017.1   6.6 999.0 999.0 99.0 99.00
2023 10 07 08 00 344  8.5 13.6 99.00 99.00 99.00 999 1017.6   6.4 999.0 999.0 99.0 99.00
2023 10 07 09 00 352  9.7 14.7 99.00 99.00 99.00 999 1018.3   6.0 999.0 999.0 99.0 99.00
2023 10 07 10 00 345  9.2 12.0 99.00 99.00 99.00 999 1018.8   5.9 999.0 999.0 99.0 99.00
2023 10 07 11 00  11  7.0 11.7 99.00 99.00 99.00 999 1019.6   5.3 999.0 999.0 99.0 99.00
2023 10 07 12 00 357  5.5 10.0 99.00 99.00 99.00 999 1020.1   5.9 999.0 999.0 99.0 99.00
2023 10 07 13 00 348  7.1  9.7 99.00 99.00 99.00 999 1020.7   5.4 999.0 999.0 99.0 99.00
2023 10 07 14 00   1  5.4  8.1 99.00 99.00 99.00 999 1021.1   5.5 999.0 999.0 99.0 99.00
2023 10 07 15 00 343  8.6 10.1 99.00 99.00 99.00 999 1021.3   5.6 999.0 999.0 99.0 99.00
2023 10 07 16 00   3  3.7  6.6 99.00 99.00 99.00 999 1021.4   6.5 999.0 999.0 99.0 99.00
2023 10 07 17 00  19  3.4  5.8 99.00 99.00 99.00 999 1021.2   6.7 999.0 999.0 99.0 99.00
2023 10 07 18 00 357  5.1  7.1 99.00 99.00 99.00 999 1020.9   7.2 999.0 999.0 99.0 99.00
2023 10 07 19 00 354  3.8  4.6 99.00 99.00 99.00 999 1020.5   7.8 999.0 999.0 99.0 99.00
2023 10 07 20 00 338  3.8  4.8 99.00 99.00 99.00 999 1020.2   8.5 999.0 999.0 99.0 99.00
2023 10 07 21 00 336  4.0  5.1 99.00 99.00 99.00 999 1019.9   9.0 999.0 999.0 99.0 99.00
2023 10 07 22 00 295  3.3  4.4 99.00 99.00 99.00 999 1019.8   8.9 999.0 999.0 99.0 99.00
2023 10 07 23 00 279  4.5  5.2 99.00 99.00 99.00 999 1019.9   9.3 999.0 999.0 99.0 99.00
2023 10 08 00 00 291  3.9  4.7 99.00 99.00 99.00 999 1019.8   9.1 999.0 999.0 99.0 99.00
2023 10 08 01 00  27  1.9  2.6 99.00 99.00 99.00 999 1019.8   9.1 999.0 999.0 99.0 99.00
2023 10 08 02 00  36  3.7  4.7 99.00 99.00 99.00 999 1019.4   8.8 999.0 999.0 99.0 99.00
2023 10 08 03 00  31  3.8  5.1 99.00 99.00 99.00 999 1019.0   8.7 999.0 999.0 99.0 99.00
2023 10 08 04 00  26  3.6  5.4 99.00 99.00 99.00 999 1018.6   8.7 999.0 999.0 99.0 99.00
2023 10 08 05 00  35  4.3  5.6 99.00 99.00 99.00 999 1018.4   8.5 999.0 999.0 99.0 99.00
2023 10 08 06 00  33  4.3  5.7 99.00 99.00 99.00 999 1018.2   8.2 999.0 999.0 99.0 99.00
2023 10 08 07 00  59  6.1  7.1 99.00 99.00 99.00 999 1018.2   7.7 999.0 999.0 99.0 99.00
2023 10 08 08 00  50  5.6  7.2 99.00 99.00 99.00 999 1018.3   6.8 999.0 999.0 99.0 99.00
2023 10 08 09 00  52  4.7  6.8 99.00 99.00 99.00 999 1018.3   6.6 999.0 999.0 99.0 99.00
2023 10 08 10 00  40  4.9  7.2 99.00 99.00 99.00 999 1018.4   6.1 999.0 999.0 99.0 99.00
2023 10 08 11 00  32  4.2  6.0 99.00 99.00 99.00 999 1018.2   5.9 999.0 999.0 99.0 99.00
2023 10 08 12 00  37  4.3  6.5 99.00 99.00 99.00 999 1018.3   5.8 999.0 999.0 99.0 99.00
2023 10 08 13 00  36  4.0  5.1 99.00 99.00 99.00 999 1018.5   5.8 999.0 999.0 99.0 99.00
2023 10 08 14 00  14  3.4  6.1 99.00 99.00 99.00 999 1018.4   6.1 999.0 999.0 99.0 99.00
2023 10 08 15 00  19  4.7  7.1 99.00 99.00 99.00 999 1018.2   5.7 999.0 999.0 99.0 99.00
2023 10 08 16 00  13  4.1  7.4 99.00 99.00 99.00 999 1017.8   5.7 999.0 999.0 99.0 99.00
2023 10 08 17 00   5  5.9  9.2 99.00 99.00 99.00 999 1017.5   6.2 999.0 999.0 99.0 99.00
2023 10 08 18 00 350  6.8  9.0 99.00 99.00 99.00 999 1016.6   7.1 999.0 999.0 99.0 99.00
2023 10 08 19 00 353  6.6 10.5 99.00 99.00 99.00 999 1015.9   7.8 999.0 999.0 99.0 99.00
2023 10 08 20 00 358  7.4 10.9 99.00 99.00 99.00 999 1015.6   7.9 999.0 999.0 99.0 99.00
2023 10 08 21 00 338  7.5 11.4 99.00 99.00 99.00 999 1015.1   7.7 999.0 999.0 99.0 99.00
2023 10 08 22 00 343  9.1 14.0 99.00 99.00 99.00 999 1014.7   8.0 999.0 999.0 99.0 99.00
2023 10 08 23 00 354  8.4 14.1 99.00 99.00 99.00 999 1014.7   7.9 999.0 999.0 99.0 99.00
2023 10 09 00 00   9  7.2 14.0 99.00 99.00 99.00 999 1014.5   8.0 999.0 999.0 99.0 99.00
2023 10 09 01 00 359  7.5 13.0 99.00 99.00 99.00 999 1014.1   7.9 999.0 999.0 99.0 99.00
2023 10 09 02 00  11  6.2 11.4 99.00 99.00 99.00 999 1013.9   7.4 999.0 999.0 99.0 99.00
2023 10 09 03 00   6  5.1 10.0 99.00 99.00 99.00 999 1013.2   7.2 999.0 999.0 99.0 99.00
2023 10 09 04 00 353  9.2 14.1 99.00 99.00 99.00 999 1012.4   6.9 999.0 999.0 99.0 99.00
2023 10 09 05 00 357 10.1 14.2 99.00 99.00 99.00 999 1011.6   6.5 999.0 999.0 99.0 99.00
2023 10 09 06 00 343 10.1 14.5 99.00 99.00 99.00 999 1010.8   6.5 999.0 999.0 99.0 99.00
2023 10 09 07 00 342 11.6 17.6 99.00 99.00 99.00 999 1010.3   5.6 999.0 999.0 99.0 99.00
2023 10 09 08 00 334 12.3 13.6 99.00 99.00 99.00 999 1009.7   5.3 999.0 999.0 99.0 99.00
2023 10 09 09 00 334 13.4 16.8 99.00 99.00 99.00 999 1009.0   5.0 999.0 999.0 99.0 99.00
2023 10 09 10 00 343 11.0 14.3 99.00 99.00 99.00 999 1009.0   4.1 999.0 999.0 99.0 99.00
2023 10 09 11 00 335 13.5 15.6 99.00 99.00 99.00 999 1008.2   4.9 999.0 999.0 99.0 99.00
2023 10 09 12 00 329 15.3 18.5 99.00 99.00 99.00 999 1007.7   4.6 999.0 999.0 99.0 99.00
2023 10 09 13 00 343 12.8 17.0 99.00 99.00 99.00 999 1007.9   4.6 999.0 999.0 99.0 99.00
2023 10 09 14 00 335 14.0 16.4 99.00 99.00 99.00 999 1007.6   3.9 999.0 999.0 99.0 99.00
2023 10 09 15 00 333 12.1 16.3 99.00 99.00 99.00 999 1007.3   4.5 999.0 999.0 99.0 99.00
2023 10 09 16 00 338 11.1 14.7 99.00 99.00 99.00 999 1007.3   4.7 999.0 999.0 99.0 99.00
2023 10 09 17 00 332 13.6 16.3 99.00 99.00 99.00 999 1007.0   4.5 999.0 999.0 99.0 99.00
2023 10 09 18 00 333 13.8 16.4 99.00 99.00 99.00 999 1006.4   5.5 999.0 999.0 99.0 99.00
2023 10 09 19 00 343 12.5 16.4 99.00 99.00 99.00 999 1006.5   5.3 999.0 999.0 99.0 99.00
2023 10 09 20 00 342 10.1 14.5 99.00 99.00 99.00 999 1006.9   5.9 999.0 999.0 99.0 99.00
2023 10 09 21 00 337 13.1 15.6 99.00 99.00 99.00 999 1006.9   5.8 999.0 999.0 99.0 99.00
2023 10 09 22 00 333 13.2 15.3 99.00 99.00 99.00 999 1007.1   6.0 999.0 999.0 99.0 99.00
2023 10 09 23 00 340 12.6 15.8 99.00 99.00 99.00 999 1007.5   6.1 999.0 999.0 99.0 99.00
2023 10 10 00 00 335 12.8 15.3 99.00 99.00 99.00 999 1007.6   5.8 999.0 999.0 99.0 99.00
2023 10 10 01 00 337 10.8 14.1 99.00 99.00 99.00 999 1007.5   5.8 999.0 999.0 99.0 99.00
2023 10 10 02 00 339 11.5 13.8 99.00 99.00 99.00 999 1007.3   5.6 999.0 999.0 99.0 99.00
2023 10 10 03 00 338 11.7 14.0 99.00 99.00 99.00 999 1007.1   5.7 999.0 999.0 99.0 99.00
2023 10 10 04 00 345  9.5 12.4 99.00 99.00 99.00 999 1007.0   5.4 999.0 999.0 99.0 99.00
2023 10 10 05 00 336 11.8 14.6 99.00 99.00 99.00 999 1006.6   5.2 999.0 999.0 99.0 99.00
2023 10 10 06 00 342  8.2 12.7 99.00 99.00 99.00 999 1006.7   5.6 999.0 999.0 99.0 99.00
2023 10 10 07 00 344  9.4 12.1 99.00 99.00 99.00 999 1006.4   5.3 999.0 999.0 99.0 99.00
2023 10 10 08 00 344  7.8 10.2 99.00 99.00 99.00 999 1006.4   5.4 999.0 999.0 99.0 99.00
2023 10 10 09 00 339  9.1 11.5 99.00 99.00 99.00 999 1006.6   5.6 999.0 999.0 99.0 99.00
2023 10 10 10 00 335  8.9 11.5 99.00 99.00 99.00 999 1006.6   5.5 999.0 999.0 99.0 99.00
2023 10 10 11 00 346  8.4 10.7 99.00 99.00 99.00 999 1007.0   5.4 999.0 999.0 99.0 99.00
2023 10 10 12 00 338  8.4 10.0 99.00 99.00 99.00 999 1007.0   5.3 999.0 999.0 99.0 99.00
2023 10 10 13 00 337  7.9  9.7 99.00 99.00 99.00 999 1007.2   5.6 999.0 999.0 99.0 99.00
2023 10 10 14 00 334  8.7 10.4 99.00 99.00 99.00 999 1007.2   5.4 999.0 999.0 99.0 99.00
2023 10 10 15 00 346  6.9  9.8 99.00 99.00 99.00 999 1007.6   6.1 999.0 999.0 99.0 99.00
2023 10 10 16 00 353  5.0  8.2 99.00 99.00 99.00 999 1007.8   6.9 999.0 999.0 99.0 99.00
2023 10 10 17 00 341  6.0  8.6 99.00 99.00 99.00 999 1007.9   7.7 999.0 999.0 99.0 99.00
2023 10 10 18 00 353  5.2  6.8 99.00 99.00 99.00 999 1007.7   8.7 999.0 999.0 99.0 99.00
2023 10 10 19 00 350  4.1  6.2 99.00 99.00 99.00 999 1007.6   9.1 999.0 999.0 99.0 99.00
2023 10 10 20 00 349  4.2  6.3 99.00 99.00 99.00 999 1007.5   9.4 999.0 999.0 99.0 99.00
2023 10 10 21 00 350  4.1  6.3 99.00 99.00 99.00 999 1007.6   9.5 999.0 999.0 99.0 99.00
2023 10 10 22 00 348  5.7  7.6 99.00 99.00 99.00 999 1008.0   9.4 999.0 999.0 99.0 99.00
2023 10 10 23 00 356  4.6  6.7 99.00 99.00 99.00 999 1008.5   9.2 999.0 999.0 99.0 99.00
2023 10 11 00 00 331  6.4  7.3 99.00 99.00 99.00 999 1008.6   9.5 999.0 999.0 99.0 99.00
2023 10 11 01 00 325  7.0  8.0 99.00 99.00 99.00 999 1008.8   9.7 999.0 999.0 99.0 99.00
2023 10 11 02 00 341  7.9  9.6 99.00 99.00 99.00 999 1009.0   9.4 999.0 999.0 99.0 99.00
2023 10 11 03 00 338  7.4  9.4 99.00 99.00 99.00 999 1008.9   9.1 999.0 999.0 99.0 99.00
2023 10 11 04 00 330  9.5 10.5 99.00 99.00 99.00 999 1008.7   9.0 999.0 999.0 99.0 99.00
2023 10 11 05 00 342  6.9  9.5 99.00 99.00 99.00 999 1008.8   9.1 999.0 999.0 99.0 99.00
2023 10 11 06 00 340  7.5  8.9 99.00 99.00 99.00 999 1008.7   8.6 999.0 999.0 99.0 99.00
2023 10 11 07 00 341  5.6  7.4 99.00 99.00 99.00 999 1008.9   8.6 999.0 999.0 99.0 99.00
2023 10 11 08 00 339  6.7  9.2 99.00 99.00 99.00 999 1009.0   8.7 999.0 999.0 99.0 99.00
2023 10 11 09 00 338  6.5  8.1 99.00 99.00 99.00 999 1009.1   8.7 999.0 999.0 99.0 99.00
2023 10 11 10 00 333  7.5  8.8 99.00 99.00 99.00 999 1009.2   8.5 999.0 999.0 99.0 99.00
2023 10 11 11 00 341  4.4  6.4 99.00 99.00 99.00 999 1009.8   8.6 999.0 999.0 99.0 99.00
2023 10 11 12 00 356  4.1  6.2 99.00 99.00 99.00 999 1010.3   8.5 999.0 999.0 99.0 99.00
2023 10 11 13 00 356  4.8  6.5 99.00 99.00 99.00 999 1010.8   8.8 999.0 999.0 99.0 99.00
2023 10 11 14 00 357  3.9  6.2 99.00 99.00 99.00 999 1011.0   8.9 999.0 999.0 99.0 99.00
2023 10 11 15 00 353  4.5  5.9 99.00 99.00 99.00 999 1011.3   9.1 999.0 999.0 99.0 99.00
2023 10 11 16 00  11  2.5  4.5 99.00 99.00 99.00 999 1011.8   9.3 999.0 999.0 99.0 99.00
2023 10 11 17 00   2  3.0  4.2 99.00 99.00 99.00 999 1012.1  10.0 999.0 999.0 99.0 99.00
2023 10 11 18 00 350  3.2  4.1 99.00 99.00 99.00 999 1012.0  10.2 999.0 999.0 99.0 99.00
2023 10 11 19 00 331  2.7  3.1 99.00 99.00 99.00 999 1011.9   9.6 999.0 999.0 99.0 99.00
2023 10 11 20 00 303  2.0  2.5 99.00 99.00 99.00 999 1011.7   9.9 999.0 999.0 99.0 99.00
2023 10 11 21 00 276  5.3  5.7 99.00 99.00 99.00 999 1011.7   9.9 999.0 999.0 99.0 99.00
2023 10 11 22 00 319  4.2  4.9 99.00 99.00 99.00 999 1012.1   9.6 999.0 999.0 99.0 99.00
2023 10 11 23 00 303  3.7  3.9 99.00 99.00 99.00 999 1012.3  10.1 999.0 999.0 99.0 99.00
2023 10 12 00 00 321  3.6  4.0 99.00 99.00 99.00 999 1012.8  10.0 999.0 999.0 99.0 99.00
2023 10 12 01 00  17  2.8  5.8 99.00 99.00 99.00 999 1013.5  10.0 999.0 999.0 99.0 99.00
2023 10 12 02 00  19  3.8  5.1 99.00 99.00 99.00 999 1014.1   9.9 999.0 999.0 99.0 99.00
2023 10 12 03 00  21  3.3  4.4 99.00 99.00 99.00 999 1014.6   9.9 999.0 999.0 99.0 99.00
2023 10 12 04 00  31  4.7  6.3 99.00 99.00 99.00 999 1015.0  10.1 999.0 999.0 99.0 99.00
2023 10 12 05 00  42  5.0  6.3 99.00 99.00 99.00 999 1015.3   9.8 999.0 999.0 99.0 99.00
2023 10 12 06 00  80  7.5  7.9 99.00 99.00 99.00 999 1015.6  10.1 999.0 999.0 99.0 99.00
2023 10 12 07 00  80  5.9  6.3 99.00 99.00 99.00 999 1016.0  10.0 999.0 999.0 99.0 99.00
2023 10 12 08 00  74  5.8  6.3 99.00 99.00 99.00 999 1016.2   9.9 999.0 999.0 99.0 99.00
2023 10 12 09 00  73  6.7  7.4 99.00 99.00 99.00 999 1016.5   8.7 999.0 999.0 99.0 99.00
2023 10 12 10 00  60  4.0  5.3 99.00 99.00 99.00 999 1017.0   9.0 999.0 999.0 99.0 99.00
2023 10 12 11 00  73  6.5  7.8 99.00 99.00 99.00 999 1017.9   9.2 999.0 999.0 99.0 99.00
2023 10 12 12 00  70  6.8  7.6 99.00 99.00 99.00 999 1018.7   9.6 999.0 999.0 99.0 99.00
2023 10 12 13 00  89  6.0  6.8 99.00 99.00 99.00 999 1019.8   9.7 999.0 999.0 99.0 99.00
2023 10 12 14 00  50  5.8  8.1 99.00 99.00 99.00 999 1020.3   8.5 999.0 999.0 99.0 99.00
2023 10 12 15 00  52  5.5  7.3 99.00 99.00 99.00 999 1020.6   9.8 999.0 999.0 99.0 99.00
2023 10 12 16 00  42  3.9  5.5 99.00 99.00 99.00 999 1021.4   9.4 999.0 999.0 99.0 99.00
2023 10 12 17 00  52  4.0  5.1 99.00 99.00 99.00 999 1021.7  10.5 999.0 999.0 99.0 99.00
2023 10 12 18 00  67  5.0  5.9 99.00 99.00 99.00 999 1021.7   9.7 999.0 999.0 99.0 99.00
2023 10 12 19 00  67  4.1  4.8 99.00 99.00 99.00 999 1021.5  10.0 999.0 999.0 99.0 99.00
2023 10 12 20 00  91  2.8  3.1 99.00 99.00 99.00 999 1021.6  10.0 999.0 999.0 99.0 99.00
2023 10 12 21 00 110  1.5  1.9 99.00 99.00 99.00 999 1021.9  10.1 999.0 999.0 99.0 99.00
2023 10 12 22 00 338  0.7  1.3 99.00 99.00 99.00 999 1022.0  10.7 999.0 999.0 99.0 99.00
2023 10 12 23 00   7  0.9  1.5 99.00 99.00 99.00 999 1022.2  10.1 999.0 999.0 99.0 99.00
2023 10 13 00 00   5  1.0  1.2 99.00 99.00 99.00 999 1022.8  10.1 999.0 999.0 99.0 99.00
2023 10 13 01 00  64  0.9  1.0 99.00 99.00 99.00 999 1023.1  10.2 999.0 999.0 99.0 99.00
2023 10 13 02 00  72  1.2  1.2 99.00 99.00 99.00 999 1023.1  10.2 999.0 999.0 99.0 99.00
2023 10 13 03 00  36  2.7  2.9 99.00 99.00 99.00 999 1023.1  10.5 999.0 999.0 99.0 99.00
2023 10 13 04 00  53  4.0  4.5 99.00 99.00 99.00 999 1023.4  10.6 999.0 999.0 99.0 99.00
2023 10 13 05 00  70  4.2  4.8 99.00 99.00 99.00 999 1023.8  10.8 999.0 999.0 99.0 99.00
2023 10 13 06 00  67  7.3  8.1 99.00 99.00 99.00 999 1024.0  11.1 999.0 999.0 99.0 99.00
2023 10 13 07 00  74  6.9  7.6 99.00 99.00 99.00 999 1024.2  10.7 999.0 999.0 99.0 99.00
2023 10 13 08 00  75  6.5  6.8 99.00 99.00 99.00 999 1024.2  10.5 999.0 999.0 99.0 99.00
2023 10 13 09 00  74  7.3  7.7 99.00 99.00 99.00 999 1024.2  10.5 999.0 999.0 99.0 99.00
2023 10 13 10 00  69  6.6  7.1 99.00 99.00 99.00 999 1024.3  10.4 999.0 999.0 99.0 99.00
2023 10 13 11 00  76  9.6 10.3 99.00 99.00 99.00 999 1024.1  10.1 999.0 999.0 99.0 99.00
2023 10 13 12 00  77  7.7  8.1 99.00 99.00 99.00 999 1024.2   9.9 999.0 999.0 99.0 99.00
2023 10 13 13 00  63  7.3  8.3 99.00 99.00 99.00 999 1024.7   9.8 999.0 999.0 99.0 99.00
2023 10 13 14 00  62  7.7  8.6 99.00 99.00 99.00 999 1024.9   9.5 999.0 999.0 99.0 99.00
2023 10 13 15 00  59  7.6  9.3 99.00 99.00 99.00 999 1024.8   9.0 999.0 999.0 99.0 99.00
2023 10 13 16 00  51  4.5  6.4 99.00 99.00 99.00 999 1024.9   8.5 999.0 999.0 99.0 99.00
2023 10 13 17 00  60  7.1  8.0 99.00 99.00 99.00 999 1025.1   8.5 999.0 999.0 99.0 99.00
2023 10 13 18 00  53  5.2  7.0 99.00 99.00 99.00 999 1024.3   8.6 999.0 999.0 99.0 99.00
2023 10 13 19 00  45  5.9  7.4 99.00 99.00 99.00 999 1023.6   8.6 999.0 999.0 99.0 99.00
2023 10 13 20 00  64  5.5  6.3 99.00 99.00 99.00 999 1023.6   9.4 999.0 999.0 99.0 99.00
2023 10 13 21 00 103  3.2  3.4 99.00 99.00 99.00 999 1023.5   9.4 999.0 999.0 99.0 99.00
2023 10 13 22 00  53  2.6  3.1 99.00 99.00 99.00 999 1023.1   9.4 999.0 999.0 99.0 99.00
2023 10 13 23 00  37  3.3  5.6 99.00 99.00 99.00 999 1022.6   9.8 999.0 999.0 99.0 99.00
2023 10 14 00 00  39  4.9  6.1 99.00 99.00 99.00 999 1022.5   9.5 999.0 999.0 99.0 99.00
2023 10 14 01 00  64  3.8  4.3 99.00 99.00 99.00 999 1022.8  10.1 999.0 999.0 99.0 99.00
2023 10 14 02 00  54  4.8  6.2 99.00 99.00 99.00 999 1023.1  10.6 999.0 999.0 99.0 99.00
2023 10 14 03 00  55  8.7  9.7 99.00 99.00 99.00 999 1023.1  10.7 999.0 999.0 99.0 99.00
2023 10 14 04 00  62 10.4 11.7 99.00 99.00 99.00 999 1023.1  10.5 999.0 999.0 99.0 99.00
2023 10 14 05 00  54  7.9 10.3 99.00 99.00 99.00 999 1022.9   9.7 999.0 999.0 99.0 99.00
2023 10 14 06 00  50  7.5  8.9 99.00 99.00 99.00 999 1022.9  10.1 999.0 999.0 99.0 99.00
2023 10 14 07 00  41  7.2  9.9 99.00 99.00 99.00 999 1022.9   9.7 999.0 999.0 99.0 99.00
2023 10 14 08 00  47  5.4  7.7 99.00 99.00 99.00 999 1022.9   9.4 999.0 999.0 99.0 99.00
2023 10 14 09 00  32  5.4  7.5 99.00 99.00 99.00 999 1022.8   9.3 999.0 999.0 99.0 99.00
2023 10 14 10 00  21  5.2  8.0 99.00 99.00 99.00 999 1023.0   9.1 999.0 999.0 99.0 99.00
2023 10 14 11 00  21  5.1  7.4 99.00 99.00 99.00 999 1023.4   8.6 999.0 999.0 99.0 99.00
2023 10 14 12 00  37  5.1  6.9 99.00 99.00 99.00 999 1023.8   8.2 999.0 999.0 99.0 99.00
2023 10 14 13 00  54  8.4 10.2 99.00 99.00 99.00 999 1024.3   8.4 999.0 999.0 99.0 99.00
2023 10 14 14 00  54  6.4  8.6 99.00 99.00 99.00 999 1024.5   8.8 999.0 999.0 99.0 99.00
2023 10 14 15 00  39  5.7  7.6 99.00 99.00 99.00 999 1024.7   8.9 999.0 999.0 99.0 99.00
2023 10 14 16 00  31  6.7  9.4 99.00 99.00 99.00 999 1024.9   8.6 999.0 999.0 99.0 99.00
2023 10 14 17 00  33  4.4  6.7 99.00 99.00 99.00 999 1024.9   9.1 999.0 999.0 99.0 99.00
2023 10 14 18 00  15  4.2  6.4 99.00 99.00 99.00 999 1024.7   8.7 999.0 999.0 99.0 99.00
2023 10 14 19 00  14  4.5  6.5 99.00 99.00 99.00 999 1024.7   9.3 999.0 999.0 99.0 99.00
2023 10 14 20 00  17  3.9  5.8 99.00 99.00 99.00 999 1024.8   9.2 999.0 999.0 99.0 99.00
2023 10 14 21 00   2  4.7  6.9 99.00 99.00 99.00 999 1025.1   7.8 999.0 999.0 99.0 99.00
2023 10 14 22 00   8  4.6  9.2 99.00 99.00 99.00 999 1024.9   9.0 999.0 999.0 99.0 99.00
2023 10 14 23 00 345  6.3 10.1 99.00 99.00 99.00 999 1024.8   8.8 999.0 999.0 99.0 99.00
2023 10 15 00 00 354  5.6  9.0 99.00 99.00 99.00 999 1025.3   8.5 999.0 999.0 99.0 99.00
2023 10 15 01 00   2  4.9  8.6 99.00 99.00 99.00 999 1025.2   8.3 999.0 999.0 99.0 99.00
2023 10 15 02 00 350  5.4  8.9 99.00 99.00 99.00 999 1025.2   8.3 999.0 999.0 99.0 99.00
2023 10 15 03 00 343  4.0  6.3 99.00 99.00 99.00 999 1024.9   8.3 999.0 999.0 99.0 99.00
2023 10 15 04 00 339  5.6  6.9 99.00 99.00 99.00 999 1024.3   8.4 999.0 999.0 99.0 99.00
2023 10 15 05 00 334  5.6  7.1 99.00 99.00 99.00 999 1023.8   8.9 999.0 999.0 99.0 99.00
2023 10 15 06 00 339  4.6  6.4 99.00 99.00 99.00 999 1023.3   8.9 999.0 999.0 99.0 99.00
2023 10 15 07 00 348  4.8  6.9 99.00 99.00 99.00 999 1023.0   9.2 999.0 999.0 99.0 99.00
2023 10 15 08 00 349  5.0  7.8 99.00 99.00 99.00 999 1022.5   9.1 999.0 999.0 99.0 99.00
2023 10 15 09 00   3  3.3  6.4 99.00 99.00 99.00 999 1022.5   9.1 999.0 999.0 99.0 99.00
2023 10 15 10 00 357  4.2  7.1 99.00 99.00 99.00 999 1022.6   9.0 999.0 999.0 99.0 99.00
2023 10 15 11 00 351  4.3  7.0 99.00 99.00 99.00 999 1022.5   9.1 999.0 999.0 99.0 99.00
2023 10 15 12 00 341  5.0  6.8 99.00 99.00 99.00 999 1022.4   9.1 999.0 999.0 99.0 99.00
2023 10 15 13 00 345  4.9  8.1 99.00 99.00 99.00 999 1022.4   9.0 999.0 999.0 99.0 99.00
2023 10 15 14 00 358  4.8  7.6 99.00 99.00 99.00 999 1022.3   8.9 999.0 999.0 99.0 99.00
2023 10 15 15 00  11  6.1  8.9 99.00 99.00 99.00 999 1022.7   8.5 999.0 999.0 99.0 99.00
2023 10 15 16 00 349  5.5  9.6 99.00 99.00 99.00 999 1022.8   8.4 999.0 999.0 99.0 99.00
2023 10 15 17 00  16  5.7  8.4 99.00 99.00 99.00 999 1023.1   7.8 999.0 999.0 99.0 99.00
2023 10 15 18 00   1  4.8  7.7 99.00 99.00 99.00 999 1022.8   7.6 999.0 999.0 99.0 99.00
2023 10 15 19 00   7  5.3  7.7 99.00 99.00 99.00 999 1022.6   7.7 999.0 999.0 99.0 99.00
2023 10 15 20 00   9  4.7  7.4 99.00 99.00 99.00 999 1022.7   8.2 999.0 999.0 99.0 99.00
2023 10 15 21 00  10  5.1  8.1 99.00 99.00 99.00 999 1022.8   8.8 999.0 999.0 99.0 99.00
2023 10 15 22 00  14  4.1  7.3 99.00 99.00 99.00 999 1023.1   9.2 999.0 999.0 99.0 99.00
2023 10 15 23 00  23  6.2  9.6 99.00 99.00 99.00 999 1023.5   8.9 999.0 999.0 99.0 99.00
2023 10 16 00 00  13  6.4  9.4 99.00 99.00 99.00 999 1024.0   8.9 999.0 999.0 99.0 99.00
2023 10 16 01 00  15  6.9  9.4 99.00 99.00 99.00 999 1024.0   8.9 999.0 999.0 99.0 99.00
2023 10 16 02 00  13  6.2  8.6 99.00 99.00 99.00 999 1024.1   8.8 999.0 999.0 99.0 99.00
2023 10 16 03 00  17  5.1  8.2 99.00 99.00 99.00 999 1024.0   8.7 999.0 999.0 99.0 99.00
2023 10 16 04 00  15  4.7  7.4 99.00 99.00 99.00 999 1023.9   8.6 999.0 999.0 99.0 99.00
2023 10 16 05 00  14  4.5  6.8 99.00 99.00 99.00 999 1023.9   8.1 999.0 999.0 99.0 99.00
2023 10 16 06 00   9  4.2  6.2 99.00 99.00 99.00 999 1023.8   7.8 999.0 999.0 99.0 99.00
2023 10 16 07 00  11  5.2  8.6 99.00 99.00 99.00 999 1023.8   7.6 999.0 999.0 99.0 99.00
2023 10 16 08 00  17  4.9  7.5 99.00 99.00 99.00 999 1023.7   7.5 999.0 999.0 99.0 99.00
2023 10 16 09 00  10  3.6  6.2 99.00 99.00 99.00 999 1023.8   7.0 999.0 999.0 99.0 99.00
2023 10 16 10 00  11  4.6  6.1 99.00 99.00 99.00 999 1023.8   6.6 999.0 999.0 99.0 99.00
2023 10 16 11 00 353  2.7  5.2 99.00 99.00 99.00 999 1023.8   6.4 999.0 999.0 99.0 99.00
2023 10 16 12 00   2  3.9  5.1 99.00 99.00 99.00 999 1023.7   6.0 999.0 999.0 99.0 99.00
2023 10 16 13 00  11  4.1  5.8 99.00 99.00 99.00 999 1024.1   5.8 999.0 999.0 99.0 99.00
2023 10 16 14 00 358  3.9  5.3 99.00 99.00 99.00 999 1024.0   5.8 999.0 999.0 99.0 99.00
2023 10 16 15 00  12  2.7  4.6 99.00 99.00 99.00 999 1023.9   5.7 999.0 999.0 99.0 99.00
2023 10 16 16 00  31  2.9  3.8 99.00 99.00 99.00 999 1023.6   5.7 999.0 999.0 99.0 99.00
2023 10 16 17 00 337  3.5  4.5 99.00 99.00 99.00 999 1023.2   5.9 999.0 999.0 99.0 99.00
2023 10 16 18 00 344  3.0  3.7 99.00 99.00 99.00 999 1022.5   6.1 999.0 999.0 99.0 99.00
2023 10 16 19 00 321  2.3  2.9 99.00 99.00 99.00 999 1022.0   6.0 999.0 999.0 99.0 99.00
2023 10 16 20 00 342  0.7  1.1 99.00 99.00 99.00 999 1021.2   7.0 999.0 999.0 99.0 99.00
2023 10 16 21 00 247  2.2  2.7 99.00 99.00 99.00 999 1020.8   6.6 999.0 999.0 99.0 99.00
2023 10 16 22 00 195  2.1  2.4 99.00 99.00 99.00 999 1020.5   6.8 999.0 999.0 99.0 99.00
2023 10 16 23 00 226  3.4  4.4 99.00 99.00 99.00 999 1020.0   7.0 999.0 999.0 99.0 99.00
2023 10 17 00 00 246  4.6  5.3 99.00 99.00 99.00 999 1020.0   7.4 999.0 999.0 99.0 99.00
2023 10 17 01 00 248  3.3  3.7 99.00 99.00 99.00 999 1019.3   7.7 999.0 999.0 99.0 99.00
2023 10 17 02 00 256  3.6  4.1 99.00 99.00 99.00 999 1019.1   8.1 999.0 999.0 99.0 99.00
2023 10 17 03 00 261  5.7  6.2 99.00 99.00 99.00 999 1018.7   7.7 999.0 999.0 99.0 99.00
2023 10 17 04 00 265  4.7  5.1 99.00 99.00 99.00 999 1018.3   7.8 999.0 999.0 99.0 99.00
2023 10 17 05 00 258  4.0  4.3 99.00 99.00 99.00 999 1018.1   8.1 999.0 999.0 99.0 99.00
2023 10 17 06 00 259  3.9  4.1 99.00 99.00 99.00 999 1017.8   8.0 999.0 999.0 99.0 99.00
2023 10 17 07 00 251  4.3  4.6 99.00 99.00 99.00 999 1017.8   8.3 999.0 999.0 99.0 99.00
2023 10 17 08 00 204  3.1  3.4 99.00 99.00 99.00 999 1017.1   8.4 999.0 999.0 99.0 99.00
2023 10 17 09 00 216  2.9  3.6 99.00 99.00 99.00 999 1016.9   8.6 999.0 999.0 99.0 99.00
2023 10 17 10 00 224  3.0  3.2 99.00 99.00 99.00 999 1016.9   8.6 999.0 999.0 99.0 99.00
2023 10 17 11 00 202  1.3  1.9 99.00 99.00 99.00 999 1016.9   8.6 999.0 999.0 99.0 99.00
2023 10 17 12 00 193  0.8  1.1 99.00 99.00 99.00 999 1016.9   8.6 999.0 999.0 99.0 99.00
2023 10 17 13 00   0  0.0  0.0 99.00 99.00 99.00 999 1016.7   9.0 999.0 999.0 99.0 99.00
2023 10 17 14 00 207  2.1  2.7 99.00 99.00 99.00 999 1016.6   8.8 999.0 999.0 99.0 99.00
2023 10 17 15 00 172  2.2  3.0 99.00 99.00 99.00 999 1016.5   8.8 999.0 999.0 99.0 99.00
2023 10 17 16 00 148  2.4  2.8 99.00 99.00 99.00 999 1016.3   8.8 999.0 999.0 99.0 99.00
2023 10 17 17 00 134  4.3  4.7 99.00 99.00 99.00 999 1016.2   8.5 999.0 999.0 99.0 99.00
2023 10 17 18 00 135  4.1  4.4 99.00 99.00 99.00 999 1015.6   8.6 999.0 999.0 99.0 99.00
2023 10 17 19 00 136  4.4  4.8 99.00 99.00 99.00 999 1015.2   8.6 999.0 999.0 99.0 99.00
2023 10 17 20 00 110  3.9  4.4 99.00 99.00 99.00 999 1014.6   8.6 999.0 999.0 99.0 99.00
2023 10 17 21 00 115  4.8  5.7 99.00 99.00 99.00 999 1014.4   8.8 999.0 999.0 99.0 99.00
2023 10 17 22 00 116  4.4  4.8 99.00 99.00 99.00 999 1014.4   9.1 999.0 999.0 99.0 99.00
2023 10 17 23 00 208  7.1  8.0 99.00 99.00 99.00 999 1014.2   9.7 999.0 999.0 99.0 99.00
2023 10 18 00 00 222  6.7  7.1 99.00 99.00 99.00 999 1014.3   9.3 999.0 999.0 99.0 99.00
2023 10 18 01 00 196  4.0  4.7 99.00 99.00 99.00 999 1013.9   9.5 999.0 999.0 99.0 99.00
2023 10 18 02 00 187  3.1  3.4 99.00 99.00 99.00 999 1013.8   9.5 999.0 999.0 99.0 99.00
2023 10 18 03 00 166  4.9  5.5 99.00 99.00 99.00 999 1013.8   9.6 999.0 999.0 99.0 99.00
2023 10 18 04 00 160  5.5  5.8 99.00 99.00 99.00 999 1013.7   9.3 999.0 999.0 99.0 99.00
2023 10 18 05 00 159  6.2  6.9 99.00 99.00 99.00 999 1013.4   9.5 999.0 999.0 99.0 99.00
2023 10 18 06 00 161  6.5  7.0 99.00 99.00 99.00 999 1013.1   9.6 999.0 999.0 99.0 99.00
2023 10 18 07 00 159  5.4  5.9 99.00 99.00 99.00 999 1012.9   9.6 999.0 999.0 99.0 99.00
2023 10 18 08 00 154  4.7  5.4 99.00 99.00 99.00 999 1012.2   9.7 999.0 999.0 99.0 99.00
2023 10 18 09 00 141  4.6  5.1 99.00 99.00 99.00 999 1012.0   9.7 999.0 999.0 99.0 99.00
2023 10 18 10 00 160  4.3  4.6 99.00 99.00 99.00 999 1012.0   9.9 999.0 999.0 99.0 99.00
2023 10 18 11 00 145  3.4  3.9 99.00 99.00 99.00 999 1011.8   9.9 999.0 999.0 99.0 99.00
2023 10 18 12 00 152  5.0  5.5 99.00 99.00 99.00 999 1011.5   9.9 999.0 999.0 99.0 99.00
2023 10 18 13 00 146  5.5  5.9 99.00 99.00 99.00 999 1011.3  10.0 999.0 999.0 99.0 99.00
2023 10 18 14 00 139  6.6  6.8 99.00 99.00 99.00 999 1011.1  10.0 999.0 999.0 99.0 99.00
2023 10 18 15 00 120  5.3  5.6 99.00 99.00 99.00 999 1011.0  10.0 999.0 999.0 99.0 99.00
2023 10 18 16 00 120  4.7  4.9 99.00 99.00 99.00 999 1011.0  10.0 999.0 999.0 99.0 99.00
2023 10 18 17 00 105  4.5  4.8 99.00 99.00 99.00 999 1010.9   9.9 999.0 999.0 99.0 99.00
2023 10 18 18 00 106  4.2  4.6 99.00 99.00 99.00 999 1010.5  10.0 999.0 999.0 99.0 99.00
2023 10 18 19 00 108  5.3  5.7 99.00 99.00 99.00 999 1009.7  10.0 999.0 999.0 99.0 99.00
2023 10 18 20 00 103  4.9  5.3 99.00 99.00 99.00 999 1009.5   9.9 999.0 999.0 99.0 99.00
2023 10 18 21 00  88  4.5  4.9 99.00 99.00 99.00 999 1009.2   9.9 999.0 999.0 99.0 99.00
2023 10 18 22 00  64  5.5  5.8 99.00 99.00 99.00 999 1009.0  10.0 999.0 999.0 99.0 99.00
2023 10 18 23 00  80  4.8  5.1 99.00 99.00 99.00 999 1009.2  10.0 999.0 999.0 99.0 99.00
2023 10 19 00 00  62  3.9  4.6 99.00 99.00 99.00 999 1009.3  10.2 999.0 999.0 99.0 99.00
2023 10 19 01 00  90  4.0  4.3 99.00 99.00 99.00 999 1009.2  10.4 999.0 999.0 99.0 99.00
2023 10 19 02 00  79  2.0  2.1 99.00 99.00 99.00 999 1009.3  10.5 999.0 999.0 99.0 99.00
2023 10 19 03 00   2  1.1  1.4 99.00 99.00 99.00 999 1008.9  10.7 999.0 999.0 99.0 99.00
2023 10 19 04 00  86  1.5  1.5 99.00 99.00 99.00 999 1008.6  10.5 999.0 999.0 99.0 99.00
2023 10 19 05 00   0  0.0  0.0 99.00 99.00 99.00 999 1008.3  10.5 999.0 999.0 99.0 99.00
2023 10 19 06 00 347  1.0  1.2 99.00 99.00 99.00 999 1008.1  10.5 999.0 999.0 99.0 99.00
2023 10 19 07 00 309  1.4  1.6 99.00 99.00 99.00 999 1007.7  10.7 999.0 999.0 99.0 99.00
2023 10 19 08 00 323  2.2  2.4 99.00 99.00 99.00 999 1007.4  10.9 999.0 999.0 99.0 99.00
2023 10 19 09 00 338  2.2  3.0 99.00 99.00 99.00 999 1007.2  10.8 999.0 999.0 99.0 99.00
2023 10 19 10 00 343  2.3  2.9 99.00 99.00 99.00 999 1007.2  10.8 999.0 999.0 99.0 99.00
2023 10 19 11 00  13  2.6  4.0 99.00 99.00 99.00 999 1007.1  10.4 999.0 999.0 99.0 99.00
2023 10 19 12 00  15  2.4  2.9 99.00 99.00 99.00 999 1006.7  10.5 999.0 999.0 99.0 99.00
2023 10 19 13 00  21  2.1  2.6 99.00 99.00 99.00 999 1006.5  10.5 999.0 999.0 99.0 99.00
2023 10 19 14 00  14  2.1  4.0 99.00 99.00 99.00 999 1006.4  10.4 999.0 999.0 99.0 99.00
2023 10 19 15 00  15  2.7  3.9 99.00 99.00 99.00 999 1006.2  10.3 999.0 999.0 99.0 99.00
2023 10 19 16 00  20  2.4  4.2 99.00 99.00 99.00 999 1006.0  10.4 999.0 999.0 99.0 99.00
2023 10 19 17 00  17  3.1  4.6 99.00 99.00 99.00 999 1005.9  10.5 999.0 999.0 99.0 99.00
2023 10 19 18 00   7  1.5  3.0 99.00 99.00 99.00 999 1005.4  10.4 999.0 999.0 99.0 99.00
2023 10 19 19 00 351  3.4  5.6 99.00 99.00 99.00 999 1005.2  10.2 999.0 999.0 99.0 99.00
2023 10 19 20 00  11  3.7  9.0 99.00 99.00 99.00 999 1005.1  10.0 999.0 999.0 99.0 99.00
2023 10 19 21 00  23  4.3  6.5 99.00 99.00 99.00 999 1005.4   9.2 999.0 999.0 99.0 99.00
2023 10 19 22 00  15  6.4  9.5 99.00 99.00 99.00 999 1006.0   8.6 999.0 999.0 99.0 99.00
2023 10 19 23 00  21  5.3  7.9 99.00 99.00 99.00 999 1006.3   8.4 999.0 999.0 99.0 99.00
2023 10 20 00 00  17  6.5  8.4 99.00 99.00 99.00 999 1006.3   8.4 999.0 999.0 99.0 99.00
2023 10 20 01 00  27  6.2  9.6 99.00 99.00 99.00 999 1006.5   8.3 999.0 999.0 99.0 99.00
2023 10 20 02 00  16  6.1  8.2 99.00 99.00 99.00 999 1006.7   8.1 999.0 999.0 99.0 99.00
2023 10 20 03 00  25  5.4  8.3 99.00 99.00 99.00 999 1007.0   8.0 999.0 999.0 99.0 99.00
2023 10 20 04 00  15  4.6  7.4 99.00 99.00 99.00 999 1007.1   7.9 999.0 999.0 99.0 99.00
2023 10 20 05 00  21  5.6  8.4 99.00 99.00 99.00 999 1006.8   7.9 999.0 999.0 99.0 99.00
2023 10 20 06 00  28  5.3  7.8 99.00 99.00 99.00 999 1006.7   7.6 999.0 999.0 99.0 99.00
2023 10 20 07 00  19  4.5  6.3 99.00 99.00 99.00 999 1006.9   7.5 999.0 999.0 99.0 99.00
2023 10 20 08 00  20  3.3  5.3 99.00 99.00 99.00 999 1006.9   7.3 999.0 999.0 99.0 99.00
2023 10 20 09 00  16  6.3  8.3 99.00 99.00 99.00 999 1006.8   6.9 999.0 999.0 99.0 99.00
2023 10 20 10 00  19  3.9  5.8 99.00 99.00 99.00 999 1007.5   6.8 999.0 999.0 99.0 99.00
2023 10 20 11 00  15  4.7  6.6 99.00 99.00 99.00 999 1007.9   6.5 999.0 999.0 99.0 99.00
2023 10 20 12 00  33  3.7  5.3 99.00 99.00 99.00 999 1008.1   6.3 999.0 999.0 99.0 99.00
2023 10 20 13 00 357  4.3  7.2 99.00 99.00 99.00 999 1008.7   6.5 999.0 999.0 99.0 99.00
2023 10 20 14 00  12  5.0  7.8 99.00 99.00 99.00 999 1009.1   5.8 999.0 999.0 99.0 99.00
2023 10 20 15 00  19  5.4  7.5 99.00 99.00 99.00 999 1009.3   5.3 999.0 999.0 99.0 99.00
2023 10 20 16 00  24  5.0  6.8 99.00 99.00 99.00 999 1009.6   5.4 999.0 999.0 99.0 99.00
2023 10 20 17 00  28  2.2  4.0 99.00 99.00 99.00 999 1009.7   6.4 999.0 999.0 99.0 99.00
2023 10 20 18 00  44  3.5  4.7 99.00 99.00 99.00 999 1009.8   6.4 999.0 999.0 99.0 99.00
2023 10 20 19 00  54  4.1  5.4 99.00 99.00 99.00 999 1009.6   6.8 999.0 999.0 99.0 99.00
2023 10 20 20 00  29  2.6  4.3 99.00 99.00 99.00 999 1009.4   7.0 999.0 999.0 99.0 99.00
2023 10 20 21 00  65  2.9  3.8 99.00 99.00 99.00 999 1009.5   6.8 999.0 999.0 99.0 99.00
2023 10 20 22 00  78  3.0  3.4 99.00 99.00 99.00 999 1009.4   6.8 999.0 999.0 99.0 99.00
2023 10 20 23 00  91  2.5  3.5 99.00 99.00 99.00 999 1009.1   6.8 999.0 999.0 99.0 99.00
2023 10 21 00 00  50  1.0  1.3 99.00 99.00 99.00 999 1009.9   6.8 999.0 999.0 99.0 99.00
2023 10 21 01 00 287  1.2  1.5 99.00 99.00 99.00 999 1009.8   7.0 999.0 999.0 99.0 99.00
2023 10 21 02 00 125  0.9  1.4 99.00 99.00 99.00 999 1009.5   7.1 999.0 999.0 99.0 99.00
2023 10 21 03 00  66  5.0  6.0 99.00 99.00 99.00 999 1009.3   7.3 999.0 999.0 99.0 99.00
2023 10 21 04 00  70  4.8  5.3 99.00 99.00 99.00 999 1008.8   7.2 999.0 999.0 99.0 99.00
2023 10 21 05 00  87  7.1  7.9 99.00 99.00 99.00 999 1008.4   6.4 999.0 999.0 99.0 99.00
2023 10 21 06 00  96  5.3  5.8 99.00 99.00 99.00 999 1008.2   6.3 999.0 999.0 99.0 99.00
2023 10 21 07 00  96  5.8  6.4 99.00 99.00 99.00 999 1007.8   6.0 999.0 999.0 99.0 99.00
2023 10 21 08 00  92  5.4  6.2 99.00 99.00 99.00 999 1007.4   5.9 999.0 999.0 99.0 99.00
2023 10 21 09 00 103  5.4  6.4 99.00 99.00 99.00 999 1007.4   5.9 999.0 999.0 99.0 99.00
2023 10 21 10 00 103  6.1  6.7 99.00 99.00 99.00 999 1007.3   6.0 999.0 999.0 99.0 99.00
2023 10 21 11 00  95  5.3  5.9 99.00 99.00 99.00 999 1007.4   5.9 999.0 999.0 99.0 99.00
2023 10 21 12 00  88  6.9  7.6 99.00 99.00 99.00 999 1007.7   6.0 999.0 999.0 99.0 99.00
2023 10 21 13 00  78  5.6  6.7 99.00 99.00 99.00 999 1008.6   5.7 999.0 999.0 99.0 99.00
2023 10 21 14 00  86  5.5  6.3 99.00 99.00 99.00 999 1009.2   5.5 999.0 999.0 99.0 99.00
2023 10 21 15 00  68  7.5  8.8 99.00 99.00 99.00 999 1009.5   5.6 999.0 999.0 99.0 99.00
2023 10 21 16 00  68  6.7  7.5 99.00 99.00 99.00 999 1010.1   5.4 999.0 999.0 99.0 99.00
2023 10 21 17 00  53  6.4  7.8 99.00 99.00 99.00 999 1010.8   5.5 999.0 999.0 99.0 99.00
2023 10 21 18 00  44  4.1  6.0 99.00 99.00 99.00 999 1011.2   5.8 999.0 999.0 99.0 99.00
2023 10 21 19 00  38  3.8  5.9 99.00 99.00 99.00 999 1011.5   5.6 999.0 999.0 99.0 99.00
2023 10 21 20 00  47  3.7  4.6 99.00 99.00 99.00 999 1012.1   5.5 999.0 999.0 99.0 99.00
2023 10 21 21 00  26  3.3  5.5 99.00 99.00 99.00 999 1012.6   6.1 999.0 999.0 99.0 99.00
2023 10 21 22 00  35  2.4  3.7 99.00 99.00 99.00 999 1013.4   6.5 999.0 999.0 99.0 99.00
2023 10 21 23 00  24  3.6  5.0 99.00 99.00 99.00 999 1014.2   7.0 999.0 999.0 99.0 99.00
2023 10 22 00 00  11  5.0  8.8 99.00 99.00 99.00 999 1015.1   7.1 999.0 999.0 99.0 99.00
2023 10 22 01 00  19  3.4  7.3 99.00 99.00 99.00 999 1016.0   6.1 999.0 999.0 99.0 99.00
2023 10 22 02 00  17  4.7  7.4 99.00 99.00 99.00 999 1016.6   5.7 999.0 999.0 99.0 99.00
2023 10 22 03 00  26  4.5  6.0 99.00 99.00 99.00 999 1017.2   5.5 999.0 999.0 99.0 99.00
2023 10 22 04 00  26  3.9  5.0 99.00 99.00 99.00 999 1017.3   5.6 999.0 999.0 99.0 99.00
2023 10 22 05 00  36  3.9  5.3 99.00 99.00 99.00 999 1017.6   5.6 999.0 999.0 99.0 99.00
2023 10 22 06 00  50  3.2  3.8 99.00 99.00 99.00 999 1017.8   5.8 999.0 999.0 99.0 99.00
2023 10 22 07 00  54  1.8  2.5 99.00 99.00 99.00 999 1018.2   6.2 999.0 999.0 99.0 99.00
2023 10 22 08 00  97  2.5  3.2 99.00 99.00 99.00 999 1018.7   6.2 999.0 999.0 99.0 99.00
2023 10 22 09 00 346  3.8  5.9 99.00 99.00 99.00 999 1018.9   6.0 999.0 999.0 99.0 99.00
2023 10 22 10 00 337  2.8  4.8 99.00 99.00 99.00 999 1019.4   6.1 999.0 999.0 99.0 99.00
2023 10 22 11 00 324  4.0  4.8 99.00 99.00 99.00 999 1019.8   6.1 999.0 999.0 99.0 99.00
2023 10 22 12 00 339  1.9  2.9 99.00 99.00 99.00 999 1020.0   6.1 999.0 999.0 99.0 99.00
2023 10 22 13 00 278  2.8  3.4 99.00 99.00 99.00 999 1020.2   6.1 999.0 999.0 99.0 99.00
2023 10 22 14 00 270  2.3  2.8 99.00 99.00 99.00 999 1020.7   6.4 999.0 999.0 99.0 99.00
2023 10 22 15 00 267  3.1  3.8 99.00 99.00 99.00 999 1020.7   6.4 999.0 999.0 99.0 99.00
2023 10 22 16 00 261  2.7  3.0 99.00 99.00 99.00 999 1020.8   6.6 999.0 999.0 99.0 99.00
2023 10 22 17 00 265  3.7  4.5 99.00 99.00 99.00 999 1020.6   6.9 999.0 999.0 99.0 99.00
2023 10 22 18 00 195  2.2  2.8 99.00 99.00 99.00 999 1019.8   7.4 999.0 999.0 99.0 99.00
2023 10 22 19 00 216  4.4  5.0 99.00 99.00 99.00 999 1019.7   7.5 999.0 999.0 99.0 99.00
2023 10 22 20 00 216  6.2  7.4 99.00 99.00 99.00 999 1019.5   7.8 999.0 999.0 99.0 99.00
2023 10 22 21 00 253  4.9  5.6 99.00 99.00 99.00 999 1018.9   8.3 999.0 999.0 99.0 99.00
2023 10 22 22 00 219  6.9  7.6 99.00 99.00 99.00 999 1018.8   8.1 999.0 999.0 99.0 99.00
2023 10 22 23 00 231  4.8  5.5 99.00 99.00 99.00 999 1018.8   8.5 999.0 999.0 99.0 99.00
2023 10 23 00 00 229  5.9  6.5 99.00 99.00 99.00 999 1018.8   8.6 999.0 999.0 99.0 99.00
2023 10 23 01 00 230  6.5  7.2 99.00 99.00 99.00 999 1019.0   8.6 999.0 999.0 99.0 99.00
2023 10 23 02 00 230  5.8  6.5 99.00 99.00 99.00 999 1019.1   8.9 999.0 999.0 99.0 99.00
2023 10 23 03 00 223  5.5  6.0 99.00 99.00 99.00 999 1018.9   8.7 999.0 999.0 99.0 99.00
2023 10 23 04 00 213  4.1  4.5 99.00 99.00 99.00 999 1018.7   9.0 999.0 999.0 99.0 99.00
2023 10 23 05 00 219  6.0  6.5 99.00 99.00 99.00 999 1018.7   9.0 999.0 999.0 99.0 99.00
2023 10 23 06 00 214  4.6  5.0 99.00 99.00 99.00 999 1018.6   9.1 999.0 999.0 99.0 99.00
2023 10 23 07 00 216  4.6  5.1 99.00 99.00 99.00 999 1018.6   9.4 999.0 999.0 99.0 99.00
2023 10 23 08 00 202  6.6  7.3 99.00 99.00 99.00 999 1018.4   9.9 999.0 999.0 99.0 99.00
2023 10 23 09 00 197  6.3  7.1 99.00 99.00 99.00 999 1018.3   9.7 999.0 999.0 99.0 99.00
2023 10 23 10 00 195  4.7  5.3 99.00 99.00 99.00 999 1018.4   9.8 999.0 999.0 99.0 99.00
2023 10 23 11 00 186  5.9  6.1 99.00 99.00 99.00 999 1017.8   9.8 999.0 999.0 99.0 99.00
2023 10 23 12 00 176  5.7  6.4 99.00 99.00 99.00 999 1017.4   9.7 999.0 999.0 99.0 99.00
2023 10 23 13 00 182  9.0  9.6 99.00 99.00 99.00 999 1017.5   9.5 999.0 999.0 99.0 99.00
2023 10 23 14 00 182  8.2  9.0 99.00 99.00 99.00 999 1017.2   9.7 999.0 999.0 99.0 99.00
2023 10 23 15 00 198  5.6  6.3 99.00 99.00 99.00 999 1016.8  10.0 999.0 999.0 99.0 99.00
2023 10 23 16 00 194  7.1  7.7 99.00 99.00 99.00 999 1016.5  10.0 999.0 999.0 99.0 99.00
2023 10 23 17 00 191  7.1  7.8 99.00 99.00 99.00 999 1015.9   9.9 999.0 999.0 99.0 99.00
2023 10 23 18 00 181  6.1  7.2 99.00 99.00 99.00 999 1015.1   9.8 999.0 999.0 99.0 99.00
2023 10 23 19 00 173  9.0  9.5 99.00 99.00 99.00 999 1014.2   9.6 999.0 999.0 99.0 99.00
2023 10 23 20 00 169  9.1  9.6 99.00 99.00 99.00 999 1013.3  10.0 999.0 999.0 99.0 99.00
2023 10 23 21 00 174  6.5  7.3 99.00 99.00 99.00 999 1012.9  10.3 999.0 999.0 99.0 99.00
2023 10 23 22 00 172  7.9  8.8 99.00 99.00 99.00 999 1012.3  10.8 999.0 999.0 99.0 99.00
2023 10 23 23 00 177  9.1  9.9 99.00 99.00 99.00 999 1012.6  10.8 999.0 999.0 99.0 99.00
2023 10 24 00 00 168  8.6  9.4 99.00 99.00 99.00 999 1012.4  10.7 999.0 999.0 99.0 99.00
2023 10 24 01 00 163  9.6 10.6 99.00 99.00 99.00 999 1012.4  10.5 999.0 999.0 99.0 99.00
2023 10 24 02 00 179  9.3 10.1 99.00 99.00 99.00 999 1012.8  11.0 999.0 999.0 99.0 99.00
2023 10 24 03 00 196  9.1 10.5 99.00 99.00 99.00 999 1013.0  11.1 999.0 999.0 99.0 99.00
2023 10 24 04 00 205  8.8 10.0 99.00 99.00 99.00 999 1012.8  11.0 999.0 999.0 99.0 99.00
2023 10 24 05 00 202  7.6  8.3 99.00 99.00 99.00 999 1012.4  10.9 999.0 999.0 99.0 99.00
2023 10 24 06 00 199  7.6  8.6 99.00 99.00 99.00 999 1012.2  10.8 999.0 999.0 99.0 99.00
2023 10 24 07 00 211  6.6  7.4 99.00 99.00 99.00 999 1012.2  10.7 999.0 999.0 99.0 99.00
2023 10 24 08 00 198  3.6  4.0 99.00 99.00 99.00 999 1012.7  10.8 999.0 999.0 99.0 99.00
2023 10 24 09 00 173  3.9  4.1 99.00 99.00 99.00 999 1012.1  10.5 999.0 999.0 99.0 99.00
2023 10 24 10 00 176  3.2  3.7 99.00 99.00 99.00 999 1011.8  10.5 999.0 999.0 99.0 99.00
2023 10 24 11 00 184  5.0  5.6 99.00 99.00 99.00 999 1012.6  10.5 999.0 999.0 99.0 99.00
2023 10 24 12 00 222  4.2  4.6 99.00 99.00 99.00 999 1012.3  10.4 999.0 999.0 99.0 99.00
2023 10 24 13 00 222  2.0  2.1 99.00 99.00 99.00 999 1012.9  10.5 999.0 999.0 99.0 99.00
2023 10 24 14 00 205  2.1  2.3 99.00 99.00 99.00 999 1013.0  10.7 999.0 999.0 99.0 99.00
2023 10 24 15 00 138  0.5  0.6 99.00 99.00 99.00 999 1012.9  10.9 999.0 999.0 99.0 99.00
2023 10 24 16 00 155  1.3  1.6 99.00 99.00 99.00 999 1012.9  10.3 999.0 999.0 99.0 99.00
2023 10 24 17 00 170  0.9  1.2 99.00 99.00 99.00 999 1013.0  11.2 999.0 999.0 99.0 99.00
2023 10 24 18 00  11  3.3  5.5 99.00 99.00 99.00 999 1013.5  10.3 999.0 999.0 99.0 99.00
2023 10 24 19 00 357  4.6  7.6 99.00 99.00 99.00 999 1013.1   9.2 999.0 999.0 99.0 99.00
2023 10 24 20 00 358  4.0  6.5 99.00 99.00 99.00 999 1013.3   8.7 999.0 999.0 99.0 99.00
2023 10 24 21 00 350  5.4  8.6 99.00 99.00 99.00 999 1014.2   8.0 999.0 999.0 99.0 99.00
2023 10 24 22 00   1  5.5 10.3 99.00 99.00 99.00 999 1014.1   7.9 999.0 999.0 99.0 99.00
2023 10 24 23 00   8  4.4  9.7 99.00 99.00 99.00 999 1014.7   7.8 999.0 999.0 99.0 99.00
2023 10 25 00 00  22  3.4  9.4 99.00 99.00 99.00 999 1015.3   7.6 999.0 999.0 99.0 99.00
2023 10 25 01 00  14  4.9  8.1 99.00 99.00 99.00 999 1015.8   7.1 999.0 999.0 99.0 99.00
2023 10 25 02 00   9  5.5  9.7 99.00 99.00 99.00 999 1016.0   6.5 999.0 999.0 99.0 99.00
2023 10 25 03 00   5  5.8  7.6 99.00 99.00 99.00 999 1016.0   6.3 999.0 999.0 99.0 99.00
2023 10 25 04 00  14  5.8  8.4 99.00 99.00 99.00 999 1016.5   6.3 999.0 999.0 99.0 99.00
2023 10 25 05 00  14  5.3  8.8 99.00 99.00 99.00 999 1016.7   6.1 999.0 999.0 99.0 99.00
2023 10 25 06 00  19  4.4  7.2 99.00 99.00 99.00 999 1016.9   6.0 999.0 999.0 99.0 99.00
2023 10 25 07 00  22  3.7  6.0 99.00 99.00 99.00 999 1017.0   6.0 999.0 999.0 99.0 99.00
2023 10 25 08 00  10  3.3  5.4 99.00 99.00 99.00 999 1017.2   5.8 999.0 999.0 99.0 99.00
2023 10 25 09 00 359  3.0  6.7 99.00 99.00 99.00 999 1017.4   5.6 999.0 999.0 99.0 99.00
2023 10 25 10 00   0  4.8  6.8 99.00 99.00 99.00 999 1017.7   5.2 999.0 999.0 99.0 99.00
2023 10 25 11 00  23  2.8  4.9 99.00 99.00 99.00 999 1017.5   5.0 999.0 999.0 99.0 99.00
2023 10 25 12 00  18  3.2  6.2 99.00 99.00 99.00 999 1018.5   5.2 999.0 999.0 99.0 99.00
2023 10 25 13 00 356  3.6  5.8 99.00 99.00 99.00 999 1019.4   4.9 999.0 999.0 99.0 99.00
2023 10 25 14 00  22  4.3  6.5 99.00 99.00 99.00 999 1019.2   4.7 999.0 999.0 99.0 99.00
2023 10 25 15 00  17  3.0  5.9 99.00 99.00 99.00 999 1019.5   4.8 999.0 999.0 99.0 99.00
2023 10 25 16 00  16  2.7  4.6 99.00 99.00 99.00 999 1020.0   4.8 999.0 999.0 99.0 99.00
2023 10 25 17 00  37  3.1  4.5 99.00 99.00 99.00 999 1019.8   5.4 999.0 999.0 99.0 99.00
2023 10 25 18 00 349  3.6  5.6 99.00 99.00 99.00 999 1020.4   5.6 999.0 999.0 99.0 99.00
2023 10 25 19 00  11  2.3  3.4 99.00 99.00 99.00 999 1020.1   6.3 999.0 999.0 99.0 99.00
2023 10 25 20 00  21  2.9  4.0 99.00 99.00 99.00 999 1020.3   7.0 999.0 999.0 99.0 99.00
2023 10 25 21 00 357  2.6  5.9 99.00 99.00 99.00 999 1020.8   6.9 999.0 999.0 99.0 99.00
2023 10 25 22 00   5  2.7  4.6 99.00 99.00 99.00 999 1020.9   6.6 999.0 999.0 99.0 99.00
2023 10 25 23 00  13  3.8  4.9 99.00 99.00 99.00 999 1021.5   6.1 999.0 999.0 99.0 99.00
2023 10 26 00 00   8  3.4  5.5 99.00 99.00 99.00 999 1022.1   6.2 999.0 999.0 99.0 99.00
2023 10 26 01 00  18  4.6  6.5 99.00 99.00 99.00 999 1022.1   5.9 999.0 999.0 99.0 99.00
2023 10 26 02 00  18  3.1  4.6 99.00 99.00 99.00 999 1023.2   5.9 999.0 999.0 99.0 99.00
2023 10 26 03 00  16  4.4  6.6 99.00 99.00 99.00 999 1022.5   5.7 999.0 999.0 99.0 99.00
2023 10 26 04 00  52  5.4  6.5 99.00 99.00 99.00 999 1021.6   5.8 999.0 999.0 99.0 99.00
2023 10 26 05 00  38  3.8  5.0 99.00 99.00 99.00 999 1021.9   6.2 999.0 999.0 99.0 99.00
2023 10 26 06 00  62  5.3  6.1 99.00 99.00 99.00 999 1021.4   6.3 999.0 999.0 99.0 99.00
2023 10 26 07 00  50  4.3  5.0 99.00 99.00 99.00 999 1021.9   6.1 999.0 999.0 99.0 99.00
2023 10 26 08 00  50  6.1  7.8 99.00 99.00 99.00 999 1021.4   5.8 999.0 999.0 99.0 99.00
2023 10 26 09 00  53  8.0  9.5 99.00 99.00 99.00 999 1020.5   5.6 999.0 999.0 99.0 99.00
2023 10 26 10 00  50  4.8  6.7 99.00 99.00 99.00 999 1021.2   5.7 999.0 999.0 99.0 99.00
2023 10 26 11 00  58  8.5 10.8 99.00 99.00 99.00 999 1020.6   5.6 999.0 999.0 99.0 99.00
2023 10 26 12 00  68 11.8 13.1 99.00 99.00 99.00 999 1019.4   5.5 999.0 999.0 99.0 99.00
2023 10 26 13 00  67 10.8 11.8 99.00 99.00 99.00 999 1019.1   5.8 999.0 999.0 99.0 99.00
2023 10 26 14 00  68 11.2 13.2 99.00 99.00 99.00 999 1019.2   5.9 999.0 999.0 99.0 99.00
2023 10 26 15 00  61 11.2 13.0 99.00 99.00 99.00 999 1018.1   5.9 999.0 999.0 99.0 99.00
2023 10 26 16 00  54  9.9 13.7 99.00 99.00 99.00 999 1017.7   5.5 999.0 999.0 99.0 99.00
2023 10 26 17 00  56 10.2 12.2 99.00 99.00 99.00 999 1017.2   5.7 999.0 999.0 99.0 99.00
2023 10 26 18 00  46  7.3  9.7 99.00 99.00 99.00 999 1016.2   5.2 999.0 999.0 99.0 99.00
2023 10 26 19 00  43  8.9 12.0 99.00 99.00 99.00 999 1015.5   5.2 999.0 999.0 99.0 99.00
2023 10 26 20 00  39  7.7 11.0 99.00 99.00 99.00 999 1015.2   4.8 999.0 999.0 99.0 99.00
2023 10 26 21 00  42  7.9  9.8 99.00 99.00 99.00 999 1015.1   5.0 999.0 999.0 99.0 99.00
2023 10 26 22 00  35  7.1  9.7 99.00 99.00 99.00 999 1015.4   4.8 999.0 999.0 99.0 99.00
2023 10 26 23 00  50  7.5  9.9 99.00 99.00 99.00 999 1014.9   4.7 999.0 999.0 99.0 99.00
2023 10 27 00 00  33  6.4  8.9 99.00 99.00 99.00 999 1015.8   4.6 999.0 999.0 99.0 99.00
2023 10 27 01 00  36  6.8  9.9 99.00 99.00 99.00 999 1015.9   4.3 999.0 999.0 99.0 99.00
2023 10 27 02 00  45  6.6  9.2 99.00 99.00 99.00 999 1015.6   4.4 999.0 999.0 99.0 99.00
2023 10 27 03 00  58  7.8  9.4 99.00 99.00 99.00 999 1015.3   4.6 999.0 999.0 99.0 99.00
2023 10 27 04 00  49  8.0 10.4 99.00 99.00 99.00 999 1015.1   4.2 999.0 999.0 99.0 99.00
2023 10 27 05 00  50  5.9  8.2 99.00 99.00 99.00 999 1015.3   4.0 999.0 999.0 99.0 99.00
2023 10 27 06 00  45  5.1  7.6 99.00 99.00 99.00 999 1014.9   3.9 999.0 999.0 99.0 99.00
2023 10 27 07 00  34  4.8  6.0 99.00 99.00 99.00 999 1014.8   3.8 999.0 999.0 99.0 99.00
2023 10 27 08 00  48  6.2  7.7 99.00 99.00 99.00 999 1013.9   3.5 999.0 999.0 99.0 99.00
2023 10 27 09 00  43  6.6  8.4 99.00 99.00 99.00 999 1013.1   3.2 999.0 999.0 99.0 99.00
2023 10 27 10 00  64 11.3 13.0 99.00 99.00 99.00 999 1011.6   3.6 999.0 999.0 99.0 99.00
2023 10 27 11 00  84 10.9 12.0 99.00 99.00 99.00 999 1011.3   3.9 999.0 999.0 99.0 99.00
2023 10 27 12 00  87  9.1  9.5 99.00 99.00 99.00 999 1011.2   4.1 999.0 999.0 99.0 99.00
2023 10 27 13 00  81  8.0  8.7 99.00 99.00 99.00 999 1010.5   4.4 999.0 999.0 99.0 99.00
2023 10 27 14 00  78  5.1  5.8 99.00 99.00 99.00 999 1010.2   4.8 999.0 999.0 99.0 99.00
2023 10 27 15 00  32  1.3  1.5 99.00 99.00 99.00 999 1010.6   5.0 999.0 999.0 99.0 99.00
2023 10 27 16 00  11  4.9  6.8 99.00 99.00 99.00 999 1009.9   4.0 999.0 999.0 99.0 99.00
2023 10 27 17 00   5  3.3  7.0 99.00 99.00 99.00 999 1010.1   4.5 999.0 999.0 99.0 99.00
2023 10 27 18 00 354  3.1  4.8 99.00 99.00 99.00 999 1010.5   4.6 999.0 999.0 99.0 99.00
2023 10 27 19 00 292  5.2  5.9 99.00 99.00 99.00 999 1011.2   4.3 999.0 999.0 99.0 99.00
2023 10 27 20 00 288  9.4 10.5 99.00 99.00 99.00 999 1011.5   5.6 999.0 999.0 99.0 99.00
2023 10 27 21 00 287 11.3 12.5 99.00 99.00 99.00 999 1011.8   6.2 999.0 999.0 99.0 99.00
2023 10 27 22 00 316 13.3 14.8 99.00 99.00 99.00 999 1012.4   6.3 999.0 999.0 99.0 99.00
2023 10 27 23 00 312 14.0 14.9 99.00 99.00 99.00 999 1013.4   5.1 999.0 999.0 99.0 99.00
2023 10 28 00 00 310 14.9 16.2 99.00 99.00 99.00 999 1014.7   3.9 999.0 999.0 99.0 99.00
2023 10 28 01 00 321 13.7 15.3 99.00 99.00 99.00 999 1015.9   3.4 999.0 999.0 99.0 99.00
2023 10 28 02 00 314 12.0 13.5 99.00 99.00 99.00 999 1016.7   2.6 999.0 999.0 99.0 99.00
2023 10 28 03 00 313 13.1 15.8 99.00 99.00 99.00 999 1018.0   2.5 999.0 999.0 99.0 99.00
2023 10 28 04 00 328 11.3 14.4 99.00 99.00 99.00 999 1019.1   1.8 999.0 999.0 99.0 99.00
2023 10 28 05 00 322 12.0 14.2 99.00 99.00 99.00 999 1019.9   1.5 999.0 999.0 99.0 99.00
2023 10 28 06 00 317 11.0 12.0 99.00 99.00 99.00 999 1020.5   1.5 999.0 999.0 99.0 99.00
2023 10 28 07 00 315  8.6 10.3 99.00 99.00 99.00 999 1021.1   2.0 999.0 999.0 99.0 99.00
2023 10 28 08 00 305 13.2 14.0 99.00 99.00 99.00 999 1021.9   1.9 999.0 999.0 99.0 99.00
2023 10 28 09 00 315 11.3 12.6 99.00 99.00 99.00 999 1022.6   1.8 999.0 999.0 99.0 99.00
2023 10 28 10 00 316 10.8 12.9 99.00 99.00 99.00 999 1023.4   1.8 999.0 999.0 99.0 99.00
2023 10 28 11 00 320  9.7 11.4 99.00 99.00 99.00 999 1024.1   1.4 999.0 999.0 99.0 99.00
2023 10 28 12 00 320 10.2 11.8 99.00 99.00 99.00 999 1024.3   1.4 999.0 999.0 99.0 99.00
2023 10 28 13 00 318 10.2 13.2 99.00 99.00 99.00 999 1024.8   1.4 999.0 999.0 99.0 99.00
2023 10 28 14 00 324  7.4  8.4 99.00 99.00 99.00 999 1025.6   1.5 999.0 999.0 99.0 99.00
2023 10 28 15 00 294  5.5  6.2 99.00 99.00 99.00 999 1025.9   1.9 999.0 999.0 99.0 99.00
2023 10 28 16 00 279  5.8  6.2 99.00 99.00 99.00 999 1026.0   2.2 999.0 999.0 99.0 99.00
2023 10 28 17 00 255  7.1  8.8 99.00 99.00 99.00 999 1026.0   2.2 999.0 999.0 99.0 99.00
2023 10 28 18 00 228  5.8  6.4 99.00 99.00 99.00 999 1025.5   2.4 999.0 999.0 99.0 99.00
2023 10 28 19 00 235  8.1  9.3 99.00 99.00 99.00 999 1024.8   2.6 999.0 999.0 99.0 99.00
2023 10 28 20 00 268  8.1  9.3 99.00 99.00 99.00 999 1024.7   2.3 999.0 999.0 99.0 99.00
2023 10 28 21 00 273  8.4  9.7 99.00 99.00 99.00 999 1024.7   2.5 999.0 999.0 99.0 99.00
2023 10 28 22 00 286 10.8 12.2 99.00 99.00 99.00 999 1024.6   2.7 999.0 999.0 99.0 99.00
2023 10 28 23 00 291 11.1 14.4 99.00 99.00 99.00 999 1024.8   2.5 999.0 999.0 99.0 99.00
2023 10 29 00 00 286 11.1 12.0 99.00 99.00 99.00 999 1025.1   2.3 999.0 999.0 99.0 99.00
2023 10 29 01 00 298 11.6 12.8 99.00 99.00 99.00 999 1025.1   2.4 999.0 999.0 99.0 99.00
2023 10 29 02 00 298 10.4 11.4 99.00 99.00 99.00 999 1025.3   2.3 999.0 999.0 99.0 99.00
2023 10 29 03 00 297  9.0  9.9 99.00 99.00 99.00 999 1025.3   2.3 999.0 999.0 99.0 99.00
2023 10 29 04 00 299 11.5 12.8 99.00 99.00 99.00 999 1025.2   2.0 999.0 999.0 99.0 99.00
2023 10 29 05 00 303 10.5 11.5 99.00 99.00 99.00 999 1025.2   1.5 999.0 999.0 99.0 99.00
2023 10 29 06 00 315  9.0 10.3 99.00 99.00 99.00 999 1025.3   1.5 999.0 999.0 99.0 99.00
2023 10 29 07 00 299  8.6 11.0 99.00 99.00 99.00 999 1025.2   1.3 999.0 999.0 99.0 99.00
2023 10 29 08 00 304  9.3 10.7 99.00 99.00 99.00 999 1025.4   1.2 999.0 999.0 99.0 99.00
2023 10 29 09 00 324  7.4  9.8 99.00 99.00 99.00 999 1025.3   0.2 999.0 999.0 99.0 99.00
2023 10 29 10 00 322  9.0 11.6 99.00 99.00 99.00 999 1025.1   0.0 999.0 999.0 99.0 99.00
2023 10 29 11 00 320  7.8  9.7 99.00 99.00 99.00 999 1025.0  -0.3 999.0 999.0 99.0 99.00
2023 10 29 12 00 302  7.6  8.6 99.00 99.00 99.00 999 1025.2   0.0 999.0 999.0 99.0 99.00
2023 10 29 13 00 303  5.3  6.0 99.00 99.00 99.00 999 1025.4  -0.4 999.0 999.0 99.0 99.00
2023 10 29 14 00 267  6.2  7.4 99.00 99.00 99.00 999 1025.6  -0.4 999.0 999.0 99.0 99.00
2023 10 29 15 00 269  5.8  6.7 99.00 99.00 99.00 999 1025.3  -0.3 999.0 999.0 99.0 99.00
2023 10 29 16 00 272  6.7  8.0 99.00 99.00 99.00 999 1024.6   0.0 999.0 999.0 99.0 99.00
2023 10 29 17 00 276  6.2  6.7 99.00 99.00 99.00 999 1024.4   0.0 999.0 999.0 99.0 99.00
2023 10 29 18 00 265  9.8 12.5 99.00 99.00 99.00 999 1023.7   0.1 999.0 999.0 99.0 99.00
2023 10 29 19 00 279  8.0  8.9 99.00 99.00 99.00 999 1023.0   0.0 999.0 999.0 99.0 99.00
2023 10 29 20 00 267  7.8  8.5 99.00 99.00 99.00 999 1022.2   0.3 999.0 999.0 99.0 99.00
2023 10 29 21 00 296  9.6 11.2 99.00 99.00 99.00 999 1021.9   0.7 999.0 999.0 99.0 99.00
2023 10 29 22 00 289  9.8 11.8 99.00 99.00 99.00 999 1022.1   0.6 999.0 999.0 99.0 99.00
2023 10 29 23 00 296  8.0  9.5 99.00 99.00 99.00 999 1022.2   0.8 999.0 999.0 99.0 99.00
2023 10 30 00 00 318  9.5 11.1 99.00 99.00 99.00 999 1022.0   0.6 999.0 999.0 99.0 99.00
2023 10 30 01 00 318  9.5 10.9 99.00 99.00 99.00 999 1021.8   0.6 999.0 999.0 99.0 99.00
2023 10 30 02 00 317  9.3 10.6 99.00 99.00 99.00 999 1021.4   0.6 999.0 999.0 99.0 99.00
2023 10 30 03 00 310 11.0 13.0 99.00 99.00 99.00 999 1021.1   0.0 999.0 999.0 99.0 99.00
2023 10 30 04 00 312 10.1 11.1 99.00 99.00 99.00 999 1020.8   0.3 999.0 999.0 99.0 99.00
2023 10 30 05 00 323  9.9 11.2 99.00 99.00 99.00 999 1020.5   0.0 999.0 999.0 99.0 99.00
2023 10 30 06 00 313  9.9 11.3 99.00 99.00 99.00 999 1020.4  -0.2 999.0 999.0 99.0 99.00
2023 10 30 07 00 323  9.5 10.5 99.00 99.00 99.00 999 1020.0  -0.4 999.0 999.0 99.0 99.00
2023 10 30 08 00 312  8.3  9.2 99.00 99.00 99.00 999 1019.8  -0.7 999.0 999.0 99.0 99.00
2023 10 30 09 00 325  9.2  9.8 99.00 99.00 99.00 999 1019.3  -1.1 999.0 999.0 99.0 99.00
2023 10 30 10 00 319  8.8 11.1 99.00 99.00 99.00 999 1019.1  -0.9 999.0 999.0 99.0 99.00
2023 10 30 11 00 323  8.9 10.1 99.00 99.00 99.00 999 1018.9  -1.0 999.0 999.0 99.0 99.00
2023 10 30 12 00 324  9.4 10.8 99.00 99.00 99.00 999 1018.7  -1.1 999.0 999.0 99.0 99.00
2023 10 30 13 00 318  9.0 11.0 99.00 99.00 99.00 999 1018.9  -1.3 999.0 999.0 99.0 99.00
2023 10 30 14 00 328  9.3 10.4 99.00 99.00 99.00 999 1019.2  -1.2 999.0 999.0 99.0 99.00
2023 10 30 15 00 325  7.7  9.0 99.00 99.00 99.00 999 1019.3  -1.2 999.0 999.0 99.0 99.00
2023 10 30 16 00 320  5.5  6.6 99.00 99.00 99.00 999 1019.1  -1.2 999.0 999.0 99.0 99.00
2023 10 30 17 00 296  6.7  7.6 99.00 99.00 99.00 999 1019.1  -0.9 999.0 999.0 99.0 99.00
2023 10 30 18 00 294  6.0  6.8 99.00 99.00 99.00 999 1018.7  -0.7 999.0 999.0 99.0 99.00
2023 10 30 19 00 272  4.4  5.4 99.00 99.00 99.00 999 1018.3  -0.4 999.0 999.0 99.0 99.00
2023 10 30 20 00 264  5.1  6.8 99.00 99.00 99.00 999 1018.2  -0.2 999.0 999.0 99.0 99.00
2023 10 30 21 00 267  5.5  6.1 99.00 99.00 99.00 999 1018.2  -0.1 999.0 999.0 99.0 99.00
2023 10 30 22 00 282  7.6  8.3 99.00 99.00 99.00 999 1018.3   0.0 999.0 999.0 99.0 99.00
2023 10 30 23 00 289  7.3  8.3 99.00 99.00 99.00 999 1018.4   0.2 999.0 999.0 99.0 99.00
2023 10 31 00 00 292  7.8  9.1 99.00 99.00 99.00 999 1018.7   0.1 999.0 999.0 99.0 99.00
2023 10 31 01 00 305  5.6  6.7 99.00 99.00 99.00 999 1018.9   0.0 999.0 999.0 99.0 99.00
2023 10 31 02 00 341  3.8  4.9 99.00 99.00 99.00 999 1018.8   0.0 999.0 999.0 99.0 99.00
2023 10 31 03 00 349  3.8  5.3 99.00 99.00 99.00 999 1019.1   0.0 999.0 999.0 99.0 99.00
2023 10 31 04 00 343  3.4  5.9 99.00 99.00 99.00 999 1019.2  -0.3 999.0 999.0 99.0 99.00
2023 10 31 05 00   5  3.1  5.9 99.00 99.00 99.00 999 1019.1  -0.3 999.0 999.0 99.0 99.00
2023 10 31 06 00  38  2.4  3.4 99.00 99.00 99.00 999 1019.3  -0.6 999.0 999.0 99.0 99.00
2023 10 31 07 00  38  3.6  4.8 99.00 99.00 99.00 999 1019.5  -0.5 999.0 999.0 99.0 99.00
2023 10 31 08 00  27  3.8  5.4 99.00 99.00 99.00 999 1019.7  -0.5 999.0 999.0 99.0 99.00
2023 10 31 09 00  17  5.0  7.3 99.00 99.00 99.00 999 1019.8  -0.3 999.0 999.0 99.0 99.00
2023 10 31 10 00  15  4.3  6.2 99.00 99.00 99.00 999 1020.2  -0.4 999.0 999.0 99.0 99.00
2023 10 31 11 00   4  5.1  8.2 99.00 99.00 99.00 999 1020.9  -0.2 999.0 999.0 99.0 99.00
2023 10 31 12 00  13  5.5 10.1 99.00 99.00 99.00 999 1021.5   0.0 999.0 999.0 99.0 99.00
2023 10 31 13 00  18  5.3  9.3 99.00 99.00 99.00 999 1022.5  -0.4 999.0 999.0 99.0 99.00
2023 10 31 14 00  20  7.0 10.1 99.00 99.00 99.00 999 1023.4  -0.8 999.0 999.0 99.0 99.00
2023 10 31 15 00  17  6.8  9.0 99.00 99.00 99.00 999 1024.1  -1.2 999.0 999.0 99.0 99.00
2023 10 31 16 00  16  4.3  6.5 99.00 99.00 99.00 999 1024.5  -0.7 999.0 999.0 99.0 99.00
2023 10 31 17 00  18  3.3  4.7 99.00 99.00 99.00 999 1024.7  -0.7 999.0 999.0 99.0 99.00
2023 10 31 18 00 350  4.6  7.2 99.00 99.00 99.00 999 1024.9  -0.6 999.0 999.0 99.0 99.00
2023 10 31 19 00 344  6.3  7.8 99.00 99.00 99.00 999 1024.8  -0.6 999.0 999.0 99.0 99.00
2023 10 31 20 00 324  7.3  8.4 99.00 99.00 99.00 999 1024.7  -0.6 999.0 999.0 99.0 99.00
2023 10 31 21 00 327  8.3 10.3 99.00 99.00 99.00 999 1024.8  -0.4 999.0 999.0 99.0 99.00
2023 10 31 22 00 318  8.3 10.3 99.00 99.00 99.00 999 1025.0  -0.9 999.0 999.0 99.0 99.00
2023 10 31 23 00 342  5.5  7.5 99.00 99.00 99.00 999 1025.3  -1.0 999.0 999.0 99.0 99.00