9.38
9.07
10.12
10.00
9.70
10.04
12.48
14.13
13.01
13.74
13.22
10.98
11.90
11.15
10.69
11.76
12.02
12.99
13.54
11.27
11.55
12.19
13.76
13.11
13.96
16.08
16.11
16.69
16.97
17.38
19.08
18.99
18.88
19.59
17.71
18.18
17.97
19.50
20.19
20.19
21.37
22.58
23.13
22.43
23.16
23.11
21.06
21.02
16.13
17.30
19.82
20.80
21.43
21.43
20.88
21.35
20.89
21.10
22.36
22.09
21.87
22.16
22.42
22.07
21.23
21.06
21.24
21.53
21.43
20.97
18.62
19.56
20.67
19.74
19.01
19.75
18.01
17.62
18.64
18.19
18.53
18.53
18.64
19.21
18.73
19.23
19.65
19.15
19.57
19.15
19.50
19.74
20.04
19.73
19.77
20.21
19.83
19.63
19.64
18.92
17.84
    
    
14.13
    
    
    
    
    
    
    
    
    
    
    
    
    
    
    
    
    
    
    
    
    
    
    
    
    
    
    
    
    
    
    
    
    
    
    
    
    
    
    
    
    
    
    
    
    
    
    
    
    
3.12
3.26
3.21
4.03
4.01
3.55
3.33
3.45
3.67
3.93
5.68
7.68
8.86
7.77
7.20
7.60
5.70
6.94
7.90
8.21
6.71
6.30
6.38
7.19
9.85
9.35
9.38
9.38
9.58
12.31
10.87
10.76
13.31
13.79
13.97
14.18
11.60
9.65
9.75
10.43
12.44
12.98
13.04
12.99
14.71
15.65
17.21
18.24
17.62
16.87
15.33
12.04
12.86
14.48
16.12
13.72
12.62
12.30
12.66
14.50
15.75
14.64
14.58
15.17
15.60
16.31
16.61
16.99
16.82
16.94
17.19
18.18
18.43
17.37
18.03
19.01
19.76
19.34
18.21
18.14
20.08
20.19
20.77
21.08
18.95
18.84
19.46
18.77
19.18
19.20
18.67
19.26
19.21
16.27
16.37
16.46
15.64
17.90
18.68
17.85
15.76
16.38
16.33
15.75
15.67
15.47
15.12
15.23
15.22
15.15
15.08
15.12
15.02
14.54
14.27
14.00
13.36
13.38
13.17
12.80
13.35
13.54
13.88
13.80
13.63
13.09
12.83
11.76
11.33
11.33
11.74
12.35
11.87
11.44
11.57
11.57
11.03
11.06
10.90
10.94
10.81
10.44
10.24
9.97
9.90
9.84
9.79
9.7
9.69
9.43
9.22
9.10
4.5
4.85
4.97
5.14
6.27
7.12
7.99
6.75
6.82
6.80
7.08
7.69
7.71
6.67
7.19
8.76
11.79
10.95
9.68
9.11
10.05
11.01
12.29
12.62
12.91
10.91
10.07
11.11
10.56
12.52
13.71
12.82
12.55
13.21
12.33
11.99
12.48
13.31
13.82
    
    
    
    
    
    
    
    
    
    
    
    
    
    
    
    
    
    
13.1
11.80
12.38
12.44
13.76
15.69
16.21
17.31
16.54
15.81
16.41
16.06
16.59
17.73
18.75
17.43
17.09
17.86
18.42
18.60
19.11
17.88
15.58
15.68
16.26
16.50
15.23
15.26
16.37
16.15
16.32
16.63
16.95
16.86
16.79
16.95
16.99
17.17
17.25
17.48
17.27
17.19
17.22
17.28
17.44
14.68
14.26
15.24
14.36
14.05
13.19
13.43
13.50
12.97
12.93
13.07
13.16
13.03
12.85
13.58
13.43
13.84
13.79
14.24
12.72
12.18
12.40
12.32
12.14
11.55
11.48
11.31
11.16
10.98
10.85
10.68
10.63
10.63
10.56
10.58
10.72
10.58
10.21
10.26
10.21
10.22
9.98
9.83
9.89
9.82
9.22
9.42
9.14
8.88
8.78
8.68
7.85
6.27
6.38
6.66
6.72
6.79
6.36
6.77
7.77
8.38
8.61
10.21
10.83
10.19
11.01
12.88
12.0
12.93
13.59
13.25
13.66
14.33
14.28
13.18
14.48
13.24
13.67
16.45
18.13
17.47
16.82
16.47
16.86
17.33
17.97
17.16
17.21
16.26
17.33
19.71
19.81
22.41
21.89
19.11
19.20
17.98
18.05
17.80
19.79
18.68
18.15
18.92
20.78
20.82
21.83
21.69
23.16
25.57
23.16
17.66
10.11
9.27
9.23
11.69
10.48
10.22
14.41
13.51
11.63
11.28
11.94
14.23
14.90
15.87
15.71
15.59
16.98
17.40
16.35
15.48
10.98
10.76
11.66
12.22
11.94
10.69
9.68
11.23
13.70
13.67
13.62
14.70
16.27
17.10
17.13
15.03
14.50
14.06
14.42
16.16
16.97
15.01
14.97
14.61
14.38
14.66
15.42
15.55
15.85
16.18
15.50
14.88
13.68
13.85
13.54
12.85
11.04
11.03
11.18
12.07
13.52
12.76
12.68
12.50
12.27
12.12
12.16
12.15
12.44
12.55
12.50
12.28
12.41
12.54
12.78
12.12
12.36
12.21
11.87
11.91
11.75
11.71
11.47
11.06
10.82
10.47
10.55
10.40
10.46
10.35
10.36
10.40
9.94
10.03
5.61
5.73
6.0
5.58
6.21
6.63
6.89
7.43
7.54
8.29
10.24
9.72
8.68
8.68
7.81
8.52
10.32
11.19
12.99
11.06
10.12
9.28
9.83
13.55
12.57
12.22
11.37
11.95
14.22
15.21
14.58
16.15
19.55
19.16
19.43
18.19
18.65
16.06
15.28
14.73
13.84
14.04
13.16
13.04
13.79
14.9
15.33
16.72
18.41
17.25
18.18
19.70
19.77
17.84
18.42
19.96
19.59
17.50
18.08
18.82
19.52
19.79
20.42
22.30
22.42
20.61
20.27
20.84
21.71
21.28
21.24
19.16
19.94
20.14
21.05
21.42
21.49
21.82
22.78
22.72
22.27
20.92
20.89
20.99
21.72
20.73
19.86
20.38
20.56
20.96
21.15
20.86
20.41
20.23
20.11
19.74
19.42
20.41
20.08
19.46
19.18
18.93
18.60
18.71
18.35
17.74
17.73
18.16
17.86
17.58
17.03
15.73
15.64
15.94
15.90
15.09
16.66
15.03
13.61
13.93
14.48
14.40
14.40
14.78
14.12
13.40
13.76
14.12
13.64
13.37
13.30
13.33
13.35
13.24
12.84
12.62
12.63
12.74
12.06
11.98
12.08
12.02
11.76
11.32
11.16
11.00
11.00
    
    
    
    
    
    
6.28
6.82
6.68
7.64
7.27
9.39
10.70
12.39
12.87
10.67
10.85
11.37
10.26
8.58
9.29
9.91
11.23
11.74
11.06
10.90
11.71
10.22
12.31
11.55
10.74
10.46
11.38
11.10
9.64
10.84
11.23
12.92
14.69
13.21
14.83
15.21
14.15
14.48
15.74
15.98
18.25
13.33
11.96
12.85
14.48
13.42
13.16
14.63
15.88
16.54
18.44
15.89
15.90
16.58
17.10
17.84
19.75
18.08
19.64
20.32
21.44
20.31
18.84
18.02
17.26
17.64
18.24
18.43
18.95
19.12
18.70
18.12
19.15
19.28
18.98
19.12
18.71
17.97
18.22
18.74
19.86
19.28
18.38
18.40
18.51
18.13
17.99
18.23
18.70
19.37
19.24
18.47
17.82
17.68
17.95
17.87
17.45
17.12
17.03
16.80
16.70
16.82
16.92
17.27
18.84
18.13
17.51
17.20
16.95
16.35
16.62
16.71
16.91
16.99
17.41
17.74
17.44
16.88
16.52
16.49
16.24
16.22
16.18
16.13
16.37
15.85
15.66
15.17
14.84
14.69
14.94
14.30
14.28
14.22
14.19
14.20
13.80
13.58
13.59
13.46
13.20
13.37
13.15
13.05
12.83
12.23
11.78
11.87
9.72
8.56
8.48
8.14
7.99
6.61
4.85
5.25
5.34
5.51
5.74
6.68
6.81
8.45
7.83
6.57
7.49
8.27
10.30
7.54
8.82
10.49
12.83
12.62
12.80
10.23
11.19
11.32
9.37
8.83
8.39
9.68
12.62
11.08
13.98
15.69
15.05
15.96
14.56
15.04
14.87
19.00
16.69
16.66
21.14
17.62
13.77
15.96
18.73
20.92
16.60
15.98
17.54
19.27
17.98
18.11
17.42
17.20
18.76
19.39
18.74
18.41
19.30
20.46
21.31
21.76
19.48
15.10
15.43
14.39
14.66
14.92
15.95
16.65
18.15
20.64
20.07
20.34
21.98
21.39
19.06
17.12
19.11
17.88
18.42
19.39
17.88
18.48
18.39
18.76
18.95
19.49
19.36
18.63
18.38
18.61
18.62
19.06
19.74
18.40
18.30
18.51
18.13
18.50
18.0
17.47
17.22
18.46
18.30
18.34
18.88
18.82
18.41
18.18
17.42
16.93
17.40
17.25
17.01
16.70
17.05
16.67
15.78
15.75
15.68
15.08
15.01
14.85
14.52
14.20
13.71
13.82
13.82
13.74
    
    
    
    
    
    
    
    
    
    
    
    
    
    
    
    
    
    
    
    
    
    
    
    
3.85
5.46
6.17
5.51
5.73
7.59
8.17
8.52
8.43
7.07
7.75
7.83
8.98
10.78
8.24
9.00
8.84
9.26
10.58
10.39
9.26
7.69
7.78
8.33
8.21
8.95
11.09
12.61
15.41
11.57
12.03
15.18
19.53
15.47
16.35
16.02
14.61
15.15
15.69
15.46
16.22
18.36
19.63
19.72
18.80
19.86
20.58
18.88
20.11
20.28
19.55
18.69
16.58
17.62
19.71
18.69
18.94
19.90
18.10
17.45
19.03
19.19
19.84
19.28
19.63
20.63
20.75
21.03
19.98
17.25
20.05
20.71
21.04
19.76
16.70
17.84
19.25
19.33
19.92
18.66
16.78
16.52
16.80
18.48
17.64
18.22
18.33
16.88
10.70
7.98
7.62
9.20
11.59
11.03
9.87
10.57
11.30
10.70
11.32
11.06
10.58
8.95
9.64
    
9.70
9.64
9.85
10.53
10.62
11.14
11.71
12.64
11.80
    
13.06
13.30
12.94
12.46
12.42
12.12
11.94
11.63
    
10.79
10.82
    
    
11.24
11.21
11.11
11.09
11.16
    
    
10.82
10.62
10.43
10.25
10.08
10.07
10.18
10.17
10.09
    
8.59
8.17
8.53
8.50
8.23
7.96
7.6
7.45
7.5
    
    
    
    
    
    
    
    
    
    
    
    
    
    
    
    
    
    
    
    
    
    
    
    
    
    
    
    
    
    
    
    
    
    
    
    
    
    
    
    
    
    
    
    
    
    
    
    
    
    
    
    
16.93
16.27
17.08
18.02
18.00
18.20
19.58
20.64
22.33
21.91
19.59
18.93
19.05
19.50
21.04
20.77
20.01
21.63
20.70
20.13
20.52
20.70
20.23
19.63
19.67
18.90
19.02
19.46
18.60
18.25
18.92
17.27
18.72
20.15
17.85
18.25
17.94
18.15
18.08
17.89
17.70
17.49
17.22
16.87
16.97
17.25
16.54
16.03
15.61
15.24
15.22
15.20
15.29
15.23
14.66
14.80
13.98
14.07
13.96
13.97
13.92
14.23
15.79
13.29
11.28
12.01
12.20
11.65
11.01
10.40
9.55
9.58
9.67
9.17
8.50
9.38
9.17
8.88
9.25
9.45
8.79
8.19
8.36
8.60
8.62
8.6
8.42
8.28
    
    
7.71
7.65
    
    
    
6.90
6.75
6.74
6.66
6.65
6.43
    
    
    
    
    
    
    
    
    
    
    
    
    
    
    
    
    
    
    
    
    
    
    
    
    
    
    
    
    
    
    
    
    
    
    
    
    
    
    
    
    
    
2.32
2.34
2.35
2.15
2.30
2.35
2.44
5.95
19.36
19.32
18.88
19.43
19.51
20.11
19.88
19.95
20.33
20.32
20.46
20.42
20.67
20.85
21.08
21.34
21.74
20.96
15.88
19.51
20.41
20.16
19.81
19.2
19.45
19.98
19.98
20.16
21.04
22.16
22.18
21.20
19.42
20.05
20.07
18.93
19.07
15.78
15.41
16.02
16.89
17.70
17.58
17.69
17.57
17.66
17.53
17.60
17.53
17.47
17.67
18.48
17.98
17.88
17.82
17.60
17.68
17.64
17.57
17.49
17.70
17.93
17.51
17.37
17.39
17.17
15.91
15.12
15.10
15.97
15.98
16.00
16.21
17.08
16.03
15.87
15.43
14.49
14.29
15.59
14.90
14.45
14.91
14.96
14.75
14.47
14.11
13.90
13.61
13.65
13.91
13.62
12.61
12.74
    
    
    
    
    
    
    
    
    
4.75
3.68
3.64
3.53
3.59
3.53
4.18
5.03
3.74
4.56
4.88
6.71
7.67
5.48
4.99
5.23
6.68
6.30
5.86
9.30
9.15
8.02
10.42
10.35
9.12
8.09
6.5
6.95
8.40
7.67
7.39
9.32
11.88
10.71
10.51
9.75
11.03
8.99
9.46
11.30
12.27
12.60
11.81
12.46
13.43
16.71
15.82
16.54
16.93
14.87
14.90
14.98
15.21
15.58
13.41
13.41
12.62
10.99
11.87
12.60
14.84
11.72
11.67
11.43
12.18
13.47
14.60
13.85
12.31
14.42
15.73
15.83
15.52
13.90
14.15
14.23
14.67
15.33
15.97
16.42
16.35
17.05
17.75
18.9
18.63
16.37
    
    
    
17.52
17.17
17.36
18.64
18.74
17.60
17.25
17.05
17.16
17.53
17.29
17.21
17.32
17.37
17.78
17.95
16.84
15.87
15.77
15.46
14.96
15.79
16.65
16.08
15.57
15.14
15.21
15.31
15.01
14.67
14.46
14.76
14.78
14.59
14.16
14.35
14.53
14.58
14.20
13.01
12.88
13.04
13.03
13.19
13.03
12.58
12.39
12.15
11.88
11.58
11.22
10.87
    
    
    
    
    
    
    
    
    
    
    
    
9.27
9.03
9.63
11.55
9.35
6.27
6.68
6.97
8.33
8.90
7.72
8.79
9.30
11.43
8.87
9.33
10.36
10.40
10.06
10.51
11.56
13.17
14.24
13.29
9.38
9.94
11.20
10.29
11.54
12.75
15.41
14.10
14.39
15.63
16.01
16.88
17.09
16.77
16.62
17.41
17.21
17.02
17.61
18.34
18.71
17.17
13.22
14.26
15.16
15.12
16.63
17.10
17.24
17.78
17.58
17.73
17.36
16.36
14.65
15.90
17.14
17.84
18.55
21.16
19.43
16.74
16.24
17.76
18.20
18.95
19.09
18.96
18.82
18.41
18.40
18.30
17.93
17.78
17.94
18.26
19.01
18.77
17.67
17.32
17.72
18.12
17.14
16.89
17.36
17.65
17.50
17.78
17.75
18.48
19.86
20.36
19.67
19.10
18.59
18.04
18.37
18.54
18.55
17.98
17.78
17.52
17.59
17.79
17.71
17.57
17.53
17.65
18.15
17.74
17.45
17.36
16.95
16.09
16.00
15.93
16.62
16.77
    
    
    
    
    
    
    
    
    
    
    
    
    
    
    
    
    
    
    
    
    
    
    
    
    
    
    
    
    
    
    
