13.0
13.36
13.7
14.09
14.53
15.15
15.43
15.13
14.81
14.72
14.65
14.19
14.02
14.16
14.39
14.63
14.68
14.89
15.29
15.5
15.7
16.56
16.74
16.97
17.47
17.98
18.36
19.12
20.33
21.18
21.4
21.35
21.23
21.18
21.97
22.41
22.64
22.88
22.93
23.04
23.04
23.24
23.4
23.6
23.86
23.62
23.22
22.77
22.39
22.59
23.03
23.35
23.47
23.48
23.33
23.05
22.8
22.81
22.97
23.24
23.42
23.3
23.33
23.19
22.71
22.22
21.79
21.8
21.77
21.28
20.83
20.73
20.95
21.22
21.13
20.9
20.51
20.17
20.11
20.21
20.33
20.45
20.61
20.86
21.18
21.44
21.69
21.83
21.93
22.08
22.26
22.33
22.31
22.2
22.35
22.27
21.81
21.31
20.91
20.29
19.85
19.58
19.23
18.62
18.08
17.84
17.63
17.46
17.27
16.95
16.56
16.09
15.28
14.49
14.06
13.87
13.75
13.78
13.75
13.76
13.83
13.92
14.0
14.06
14.01
13.86
13.66
13.19
12.22
11.04
10.03
9.37
9.11
8.86
8.76
8.7
8.62
8.75
8.9
8.93
8.95
8.94
8.97
8.81
8.54
8.35
8.13
7.99
7.81
7.69
7.65
7.63
7.56
5.28
5.15
5.13
5.01
4.96
4.87
4.82
4.84
4.87
4.9
4.92
6.13
6.99
7.19
7.32
7.41
7.46
7.54
7.54
7.54
7.55
7.54
7.55
7.58
7.65
7.76
7.91
8.21
8.3
8.98
8.78
9.44
11.17
13.07
14.49
15.34
15.84
16.06
16.02
16.04
15.9
15.83
16.18
16.31
16.27
17.2
18.04
18.45
18.65
18.72
18.59
18.3
18.09
18.19
18.46
18.25
17.89
17.41
17.12
17.47
17.7
17.83
18.06
18.32
18.46
18.66
18.86
18.82
18.73
18.74
19.03
19.11
19.08
18.91
19.01
19.22
19.47
19.68
19.83
20.06
20.26
20.53
20.77
20.87
21.1
21.52
21.83
21.94
21.86
21.85
21.69
21.69
21.47
20.74
20.25
20.09
20.05
20.03
20.09
19.9
19.6
19.37
19.37
19.12
18.86
18.43
17.74
17.27
17.03
16.94
16.73
16.37
16.04
15.8
15.76
15.84
15.91
15.97
15.8
15.59
15.44
15.13
14.87
14.71
14.57
14.19
13.62
13.11
12.9
12.9
12.98
12.88
13.03
13.14
12.77
12.44
12.3
12.07
11.81
11.59
11.23
10.95
10.73
10.4
10.03
9.91
9.71
9.59
9.48
9.08
8.76
8.74
8.61
9.56
8.96
8.7
9.27
10.08
11.24
12.04
12.23
11.97
11.59
11.77
12.25
12.66
12.58
12.11
11.8
11.81
11.75
11.78
12.21
12.78
12.77
12.76
12.62
12.26
12.06
12.33
13.35
14.51
15.03
15.45
15.69
15.79
15.71
15.95
16.33
16.39
16.38
16.19
16.24
16.31
16.34
16.37
16.62
16.66
16.72
17.09
17.44
17.78
18.13
18.16
18.15
18.33
18.52
18.89
19.32
18.92
18.36
18.39
18.54
18.97
19.36
19.61
19.77
19.81
19.79
19.86
20.06
20.39
20.8
20.77
20.47
20.19
20.01
19.96
19.98
19.95
19.78
19.65
19.37
18.84
18.51
18.73
19.02
19.24
19.32
18.78
18.43
17.88
17.82
17.83
17.79
17.94
18.05
17.93
17.71
17.46
17.29
17.24
17.14
17.13
16.91
16.38
15.7
15.21
14.9
14.74
14.71
14.68
14.53
14.38
14.36
14.49
14.55
14.64
14.64
14.83
15.17
15.72
16.31
15.79
14.69
14.09
13.55
12.58
11.54
10.93
10.73
10.51
10.28
10.14
10.14
10.25
10.35
10.41
10.48
10.49
10.48
10.39
10.26
9.93
9.67
9.95
10.12
10.21
10.22
10.17
10.09
10.11
9.93
9.57
9.26
8.79
10.95
11.41
11.37
11.53
11.81
11.95
12.47
13.45
14.02
14.66
15.07
15.51
15.94
16.57
16.8
16.73
16.72
16.7
16.8
17.22
17.72
17.81
17.67
17.93
18.21
18.41
18.9
19.16
19.23
18.83
18.62
18.47
18.74
19.01
18.88
18.36
17.94
17.98
18.11
18.41
19.18
20.02
20.24
19.77
19.49
19.77
20.34
20.61
20.38
19.99
19.35
19.6
20.06
20.73
21.48
21.83
22.17
21.85
20.91
19.93
19.39
19.21
19.17
18.97
18.9
18.88
19.08
19.43
19.69
20.17
20.45
20.4
20.81
21.78
22.64
22.72
22.75
22.31
21.46
20.46
19.63
19.28
19.25
18.92
17.94
16.74
16.13
15.76
15.83
15.83
15.99
16.08
16.32
16.91
17.51
17.77
18.08
18.68
19.11
18.92
18.33
17.74
17.15
16.55
16.37
16.34
16.47
16.51
16.53
16.52
16.35
16.16
16.09
16.06
15.94
15.87
15.82
15.83
15.86
15.73
15.46
15.14
14.83
14.61
14.4
14.21
14.19
14.21
14.01
13.79
13.46
13.2
13.03
12.7
12.19
11.86
11.7
11.54
11.24
11.04
10.99
10.87
10.77
10.72
10.68
10.58
10.49
10.49
10.47
10.38
10.16
10.01
10.0
11.58
11.37
11.77
12.12
12.34
12.37
12.44
12.61
12.86
12.94
13.74
14.3
14.26
14.28
14.33
14.34
14.28
14.13
14.38
14.89
15.64
16.23
16.75
17.26
17.02
16.54
16.53
16.52
16.8
17.23
17.44
17.89
18.45
18.71
19.04
19.6
20.09
19.64
19.26
19.21
18.72
18.01
17.55
17.86
18.1
18.11
18.14
18.26
18.6
18.85
19.35
20.06
20.74
21.22
21.49
21.48
20.96
20.53
20.52
20.92
21.36
21.66
21.94
22.16
21.87
21.46
21.37
21.27
21.24
21.4
21.59
21.62
21.62
21.59
21.59
21.81
22.18
22.36
22.4
22.08
21.51
21.1
20.89
20.91
21.08
21.06
20.95
20.97
21.0
20.98
21.02
20.82
20.62
20.47
20.38
20.31
20.37
20.34
20.04
19.85
19.67
19.52
19.36
19.0
18.71
18.45
18.32
18.35
18.39
18.52
18.51
18.3
18.14
18.03
17.82
17.6
17.25
16.48
15.78
15.0
14.37
14.33
14.44
14.5
14.44
14.1
13.71
13.33
13.09
12.51
11.93
11.77
11.94
11.96
11.82
11.67
11.5
11.41
11.38
11.56
11.42
11.17
11.01
10.96
10.88
10.75
10.65
10.66
10.72
10.75
10.54
10.28
10.14
9.95
9.59
9.54
9.63
9.77
9.75
9.57
9.38
9.88
10.81
12.11
11.82
11.78
13.1
14.76
15.59
15.87
15.99
16.07
16.28
16.38
16.28
16.43
16.37
15.74
15.24
15.19
15.67
16.21
16.87
17.28
17.68
18.17
18.44
18.58
18.39
18.37
18.41
18.53
18.83
19.0
18.67
18.17
17.77
17.91
17.81
18.05
18.6
19.29
19.91
20.52
20.47
20.27
20.12
20.41
21.17
21.58
21.88
22.34
22.81
22.99
22.81
22.36
21.65
20.81
20.29
20.07
20.07
20.1
20.01
19.78
19.63
19.82
20.07
20.06
20.02
20.0
19.95
19.92
19.93
20.01
19.87
19.47
19.09
18.92
18.8
18.88
18.81
18.74
18.81
18.64
18.2
17.89
17.91
17.99
17.93
17.66
17.34
17.01
16.84
16.77
16.74
16.8
17.19
17.43
17.71
17.61
17.4
17.24
17.19
17.43
17.48
17.63
17.6
17.2
17.05
16.93
16.57
16.39
16.36
16.25
16.13
16.06
15.91
15.74
15.64
15.44
15.23
15.2
15.17
14.92
14.74
14.6
14.47
14.3
14.14
13.94
13.76
13.7
13.56
13.41
13.44
13.33
13.2
13.11
12.92
12.57
12.64
12.73
12.66
12.41
12.26
11.73
4.86
4.87
4.86
4.88
4.94
5.09
5.36
5.75
6.01
6.08
6.29
6.57
6.75
6.84
6.94
7.12
7.39
7.69
7.96
8.18
8.29
8.36
8.39
8.47
8.46
8.6
8.81
9.19
9.74
11.39
11.75
11.76
11.6
11.51
12.08
14.74
17.14
18.3
18.74
18.82
18.85
18.78
18.69
18.88
19.02
19.43
19.46
19.69
19.93
19.99
20.02
20.09
20.44
20.64
20.75
20.65
20.57
20.67
21.0
21.45
21.7
21.52
20.76
20.03
19.84
19.6
19.77
20.04
20.49
21.13
21.62
22.07
22.47
22.63
22.5
22.25
22.17
21.93
21.48
21.2
20.89
20.62
20.43
20.34
20.19
20.0
19.81
19.67
19.36
19.04
18.87
18.74
18.7
18.72
18.75
18.75
18.8
18.83
18.73
18.44
18.25
18.24
18.36
18.32
18.33
18.27
18.39
18.49
18.02
17.45
17.29
17.03
16.37
15.89
15.86
15.45
14.75
14.59
14.15
13.82
13.75
13.67
13.55
13.41
13.3
13.28
13.29
13.26
13.21
12.64
11.99
11.34
10.65
10.1
9.86
9.69
9.59
9.63
9.51
9.47
9.44
9.35
9.22
9.14
9.12
9.11
9.15
9.15
9.08
8.97
8.79
8.63
8.57
10.48
10.84
10.93
11.06
11.31
11.53
12.04
13.0
13.77
14.03
13.76
13.71
14.0
13.56
13.14
13.05
13.28
13.89
14.46
14.83
14.85
14.87
15.09
15.59
15.97
16.03
15.84
15.88
15.92
15.84
16.82
17.51
18.59
19.56
19.86
19.43
19.25
19.45
19.91
20.3
20.48
20.63
20.93
21.17
21.77
21.92
21.94
21.88
21.75
21.52
21.24
20.93
20.99
21.34
21.39
21.03
20.81
20.84
20.58
20.55
20.69
20.97
21.18
21.41
21.56
21.66
21.74
21.53
21.4
21.32
21.53
21.73
21.71
21.39
21.08
21.12
21.23
21.21
20.96
20.61
20.39
20.21
19.92
19.63
19.55
19.38
18.91
18.3
17.64
16.83
16.31
16.4
16.28
16.12
16.16
16.16
16.0
15.95
15.88
15.7
15.44
15.24
15.01
14.69
14.51
14.48
14.38
14.37
14.7
14.73
14.71
14.71
14.75
15.0
15.19
15.31
14.86
14.42
13.95
13.38
13.46
13.65
13.44
12.91
12.29
11.64
11.13
10.93
10.91
10.91
10.85
10.91
10.69
10.31
10.17
9.92
9.59
9.35
9.25
9.22
9.15
9.15
9.08
8.91
8.73
8.65
8.64
8.63
8.53
8.45
8.26
8.07
7.96
11.71
12.15
12.88
13.67
14.1
14.07
13.7
13.25
13.28
13.59
13.79
13.81
13.88
13.86
14.08
14.4
14.81
15.29
15.76
16.8
17.63
18.18
18.85
19.24
19.43
19.83
20.3
20.65
21.14
21.91
22.39
23.2
23.67
23.69
23.83
23.84
23.88
23.84
23.31
22.72
22.38
22.42
22.34
21.98
21.45
21.27
21.5
21.63
20.94
20.45
20.41
20.12
19.87
20.29
21.02
21.64
21.38
21.19
21.22
21.39
21.61
21.49
21.01
20.62
20.25
20.1
20.29
20.59
20.99
21.11
21.01
20.87
20.87
20.83
20.84
20.66
20.62
20.65
20.79
20.88
20.96
21.09
21.23
21.35
21.56
21.59
21.45
21.28
21.07
20.69
20.32
19.92
19.01
18.28
17.83
17.22
16.85
16.65
16.29
15.66
15.2
15.03
15.06
15.12
15.13
15.12
15.25
15.32
15.12
14.9
14.7
14.63
14.76
14.79
14.77
14.76
14.67
14.41
14.29
14.09
13.86
13.67
13.44
13.11
12.86
12.77
12.69
12.6
12.47
12.41
12.39
12.37
12.27
12.26
12.15
12.01
11.98
11.88
11.4
10.81
10.92
10.98
10.6
9.86
9.17
7.95
7.67
7.68
7.69
7.58
7.53
7.46
7.1
11.46
12.35
12.51
12.69
13.32
13.99
14.35
15.01
15.67
16.24
16.79
17.0
17.09
17.08
17.24
17.38
17.67
17.86
17.48
17.59
17.59
17.46
17.51
17.93
18.36
18.66
19.04
19.33
19.59
19.83
19.58
19.47
19.6
19.67
20.12
20.64
19.69
19.06
19.04
19.17
19.51
19.91
20.04
20.12
20.09
20.24
20.57
20.83
20.9
20.9
20.81
20.66
20.58
20.8
21.0
21.08
21.13
21.14
21.11
21.06
21.18
21.15
21.05
21.06
21.08
21.1
21.05
20.95
20.99
21.07
20.86
20.74
20.61
20.41
20.24
20.13
20.08
20.19
20.37
20.68
20.83
20.6
20.44
20.4
20.37
20.42
20.38
20.29
20.13
20.04
20.06
20.09
20.05
19.92
19.76
19.6
19.48
19.4
19.07
18.67
18.43
18.31
18.29
18.29
18.2
18.16
18.13
18.14
17.98
17.72
17.51
17.5
17.47
17.37
17.27
17.21
17.06
16.89
16.77
16.76
16.88
17.05
17.28
17.53
17.5
17.43
17.43
17.38
17.27
17.33
17.48
17.35
17.1
16.61
15.9
15.38
14.78
14.09
13.71
13.56
13.56
13.49
13.41
13.15
12.8
12.35
11.84
11.59
11.47
11.29
11.15
11.01
10.75
10.76
10.7
10.62
10.91
11.43
12.01
12.56
13.21
13.98
14.31
14.34
14.54
14.51
14.48
14.51
14.54
14.56
14.42
14.47
14.84
15.58
16.04
15.87
15.57
15.47
15.42
15.12
14.71
14.75
14.83
15.05
15.19
15.33
15.28
15.21
15.12
15.42
16.11
16.69
17.08
17.58
18.0
17.98
18.04
18.4
18.94
19.32
19.68
20.05
19.79
19.51
19.46
19.22
18.92
18.49
18.66
18.78
18.69
18.55
18.8
19.27
19.44
19.61
19.73
19.81
19.78
19.73
19.7
19.72
19.76
20.03
20.03
20.03
19.92
19.75
19.75
19.72
19.84
19.83
20.11
20.15
20.1
20.4
20.62
20.56
20.29
20.11
19.78
19.2
18.74
18.2
17.95
18.03
17.87
17.64
17.4
17.33
17.49
17.9
17.9
17.77
17.66
17.61
17.82
17.86
17.82
17.73
17.6
17.67
17.7
17.77
17.97
17.87
17.52
16.85
16.04
15.43
14.86
14.55
14.35
14.27
14.25
14.13
13.97
13.98
14.06
14.21
14.14
13.66
13.17
12.87
12.79
12.89
12.9
12.81
12.6
12.28
11.81
11.31
11.01
10.81
10.72
10.74
10.8
10.86
10.79
10.64
10.51
10.36
10.37
10.38
10.4
10.4
2.67
2.68
2.71
2.74
2.85
3.02
3.25
3.51
3.74
3.91
4.02
4.04
4.05
4.05
13.22
14.13
17.14
17.24
17.41
17.68
17.97
18.04
17.87
17.58
17.35
17.86
18.15
18.45
18.87
19.34
19.93
20.26
20.5
20.32
19.91
19.67
19.53
19.33
19.25
19.31
19.04
19.04
19.01
18.98
19.02
19.1
19.18
19.08
18.85
18.8
19.06
19.27
19.72
20.05
20.32
20.68
20.96
20.81
20.77
20.79
20.88
21.27
21.92
22.3
22.32
22.09
21.9
21.98
22.1
22.03
21.86
21.63
21.32
20.91
20.59
20.41
20.44
20.31
19.94
19.67
19.3
19.11
18.97
18.73
18.51
18.42
18.28
18.1
18.15
18.29
18.44
18.56
18.59
18.89
19.94
21.01
20.84
20.39
19.64
18.99
18.26
17.72
17.48
17.19
16.88
16.77
16.71
16.68
16.69
16.71
16.74
17.17
17.65
17.65
17.49
17.25
17.01
16.88
16.93
16.93
16.83
16.86
17.42
17.81
17.79
17.66
17.41
17.33
17.11
16.57
15.96
15.42
14.86
14.59
14.48
14.18
13.85
13.63
13.58
13.5
13.42
13.4
13.41
13.16
12.9
12.92
13.01
13.06
13.11
12.23
12.25
12.14
11.79
