12.51
12.54
12.33
12.18
12.0
11.89
11.74
11.56
11.39
11.29
11.25
11.17
11.15
11.26
11.06
11.83
12.82
13.1
13.84
15.14
16.08
16.3
16.56
17.01
17.43
18.19
18.41
18.67
19.06
20.27
20.9
20.94
20.97
21.02
20.88
20.69
20.67
21.59
22.43
22.8
22.81
22.49
22.13
21.62
21.39
21.56
21.27
21.12
20.91
21.03
21.4
21.88
22.25
22.31
21.99
21.78
22.07
22.4
22.73
22.77
22.66
22.62
22.46
22.3
22.04
21.79
21.61
21.95
21.76
20.93
20.35
20.28
20.21
20.02
19.91
19.85
19.53
19.16
19.09
19.13
19.06
18.91
18.47
18.65
18.86
19.14
19.41
19.73
20.09
20.21
20.29
20.44
20.45
20.4
20.41
20.46
20.2
19.85
19.5
18.99
18.58
18.28
18.17
17.94
17.13
16.02
15.19
14.86
14.95
15.01
14.67
14.3
13.69
13.16
12.91
13.08
13.17
12.55
11.95
11.53
11.68
11.74
11.7
11.65
11.61
11.6
11.51
11.29
10.94
10.43
9.7
8.63
7.79
7.45
7.22
6.89
6.87
7.2
7.53
7.65
7.77
7.57
7.4
7.33
7.27
7.09
6.92
6.85
6.77
6.66
6.59
6.57
6.54
5.28
6.01
5.9
5.73
5.63
5.6
5.56
5.55
5.7
6.23
6.67
6.81
7.2
8.29
9.24
9.84
10.18
10.28
10.3
10.34
10.63
10.91
10.96
11.01
11.23
11.54
11.75
11.83
11.92
11.93
12.57
14.32
15.25
15.44
16.22
17.0
16.09
15.85
16.0
16.08
16.05
16.29
16.44
16.43
17.2
18.0
18.36
18.59
18.78
18.2
17.5
17.19
16.92
17.06
17.0
16.71
16.18
16.01
16.06
16.51
16.67
16.7
16.83
17.17
17.58
17.93
18.12
18.28
18.27
18.18
18.13
18.17
18.22
17.85
17.68
17.88
18.06
17.93
17.68
17.35
17.8
18.42
18.75
18.81
19.05
19.58
20.03
20.47
20.64
20.82
20.71
20.59
19.95
19.37
18.88
18.22
17.72
17.88
17.79
17.45
17.1
16.69
16.43
16.2
16.13
16.07
15.87
15.7
15.66
15.6
15.48
15.37
15.25
15.19
15.1
15.07
15.05
15.04
14.94
14.87
14.85
14.92
14.95
14.86
14.67
14.25
13.69
13.25
13.05
12.98
13.09
13.04
13.01
12.76
12.61
12.47
12.37
12.27
11.97
11.74
11.47
11.2
10.94
10.64
10.46
10.19
9.95
9.85
9.64
9.37
9.18
9.04
8.75
6.58
7.73
8.29
8.97
8.55
7.49
6.73
6.6
7.07
7.8
7.82
7.57
7.49
7.67
8.21
8.74
9.02
9.38
9.48
10.01
10.87
11.66
12.31
12.69
12.53
12.39
12.57
13.96
15.72
16.51
16.63
15.62
15.68
15.53
15.55
15.35
15.42
15.48
15.51
15.54
15.56
15.66
15.77
15.71
15.36
15.15
15.65
15.95
16.25
16.7
17.16
16.35
16.1
16.53
16.94
17.29
16.84
16.18
16.2
16.16
16.48
17.08
17.41
17.96
18.37
18.72
18.86
18.91
19.16
19.54
19.66
19.59
19.58
19.71
19.9
20.15
20.19
19.92
19.54
18.66
17.84
18.25
18.32
18.21
18.1
17.97
17.74
17.8
17.78
17.79
17.85
17.95
18.03
18.08
18.06
17.95
17.8
17.72
17.61
17.45
17.2
16.58
15.8
15.27
14.8
14.34
13.96
13.77
13.8
13.84
13.77
13.71
13.76
13.88
14.09
14.26
14.6
14.89
15.25
15.63
15.45
14.88
14.11
13.35
12.92
12.35
11.92
11.68
11.31
10.9
10.48
10.53
10.59
10.53
10.61
10.87
10.89
10.82
10.64
10.46
10.33
10.35
10.34
10.32
10.41
10.52
10.39
10.12
9.82
9.36
8.79
8.39
8.15
8.72
8.75
8.95
9.45
9.91
9.85
9.9
10.3
10.59
10.34
9.71
8.66
7.87
7.56
7.12
6.85
6.9
7.06
7.28
7.4
9.3
11.52
13.88
15.52
15.82
15.9
16.57
16.6
16.41
16.29
16.6
17.26
17.81
18.13
18.08
17.93
17.87
17.92
18.04
18.51
19.31
19.92
19.85
19.77
19.61
19.48
19.26
19.07
19.2
19.46
19.74
20.34
20.98
21.23
21.38
21.97
22.22
22.01
21.44
20.97
20.49
19.91
19.36
18.2
16.96
16.08
16.13
15.95
15.61
15.76
15.83
16.16
16.29
17.32
19.04
19.02
19.47
18.33
17.09
16.2
15.19
14.74
14.7
14.53
14.32
13.96
13.78
13.98
14.46
14.75
15.02
15.15
15.62
16.06
16.33
16.4
16.39
16.63
16.86
16.83
16.35
15.98
15.75
15.54
15.6
15.91
16.46
16.46
16.12
15.56
15.24
14.91
14.7
14.82
14.81
14.75
14.69
14.7
14.84
14.78
14.08
13.62
13.31
13.07
12.96
12.95
12.99
12.99
12.75
12.65
12.56
12.74
12.91
12.59
12.26
12.08
11.83
11.6
11.41
11.31
11.3
11.21
11.19
11.26
11.21
11.1
11.01
11.01
10.99
10.9
10.74
10.58
10.51
9.33
9.85
10.11
10.25
10.52
10.58
9.99
10.0
10.5
10.85
11.36
11.37
11.52
11.96
12.32
12.59
13.34
14.19
14.58
13.66
13.87
14.25
15.03
15.36
15.58
15.64
15.69
15.66
15.85
16.43
17.11
17.9
18.75
19.46
19.4
19.79
20.24
19.42
18.66
18.14
17.39
16.9
16.56
16.86
17.31
17.44
17.25
17.18
17.69
18.28
19.23
19.53
19.43
19.14
19.19
19.35
19.29
19.2
19.26
19.4
19.69
19.97
20.43
21.14
21.29
20.74
20.9
21.19
21.44
21.76
21.88
21.8
21.73
21.71
21.73
21.78
21.97
22.23
22.15
21.78
21.26
21.01
20.93
20.85
20.71
20.48
20.37
20.21
20.05
20.35
20.51
20.36
20.18
20.0
19.8
19.54
19.28
19.42
19.57
19.4
19.19
18.94
18.67
18.28
17.88
17.58
17.14
16.99
16.87
16.82
16.74
16.26
15.86
15.41
15.13
15.12
15.03
14.65
14.31
14.04
14.1
14.2
14.28
14.27
14.13
13.85
13.61
13.3
13.24
13.12
12.98
12.92
12.98
12.87
12.57
12.18
11.88
11.76
11.72
11.68
11.45
11.15
10.98
10.98
10.86
10.63
10.51
10.5
10.47
10.44
10.25
10.05
9.93
6.39
6.57
7.02
7.83
8.88
10.16
11.52
13.09
14.02
14.6
15.32
15.45
14.09
12.06
12.5
13.28
13.57
13.73
13.73
13.65
14.07
14.38
14.78
14.26
13.4
13.0
13.14
13.65
13.35
12.84
13.05
12.99
12.64
13.26
14.48
15.47
15.97
16.22
16.59
16.79
17.03
16.12
15.94
15.92
15.89
15.82
16.22
17.04
17.78
18.7
19.32
18.97
18.69
18.73
19.15
20.01
20.44
20.63
20.96
20.9
20.4
19.88
19.43
19.38
19.23
19.16
19.19
19.34
19.4
19.28
19.34
19.46
19.68
19.64
19.44
19.26
19.07
18.93
18.9
19.21
19.19
19.07
18.78
18.61
18.54
18.48
18.62
18.9
19.14
19.25
19.19
18.9
18.75
18.88
19.03
18.88
18.32
17.79
17.36
17.26
17.2
17.18
17.34
17.66
18.04
18.16
17.99
17.78
17.62
17.41
17.49
17.49
17.46
17.38
17.34
17.31
17.29
17.14
17.09
16.98
16.86
16.81
16.67
16.42
16.18
16.04
15.86
15.69
15.56
15.44
15.15
15.0
14.84
14.59
14.25
14.05
13.82
13.67
13.62
13.46
13.26
13.2
13.25
13.24
13.23
13.16
12.98
12.64
11.62
10.49
9.99
9.72
8.92
5.23
4.87
4.55
4.09
4.03
3.73
3.62
3.85
4.43
4.94
5.11
5.12
6.07
7.72
8.39
8.35
8.27
8.48
8.68
8.91
9.01
8.86
8.79
8.87
9.01
9.02
8.94
9.29
9.95
10.47
10.74
11.54
12.13
12.82
12.73
12.93
13.49
13.82
14.34
15.21
16.17
16.79
17.03
17.16
16.98
16.94
17.56
18.4
18.89
18.9
18.88
19.03
19.15
19.34
19.31
19.27
19.4
20.08
20.53
20.57
20.42
20.43
19.35
18.05
18.27
18.3
17.84
18.26
18.9
19.64
20.38
20.61
20.79
20.81
20.72
20.84
20.85
20.72
20.27
19.94
19.45
19.21
19.16
19.12
18.98
18.78
18.95
18.95
18.82
18.73
18.71
18.83
18.98
19.04
19.05
18.92
18.82
18.82
18.74
18.51
18.28
18.19
18.3
18.38
18.44
18.42
18.39
18.38
18.38
18.08
17.8
17.47
17.24
16.94
16.79
16.52
16.17
15.99
15.81
15.55
15.28
15.16
15.09
14.81
14.4
14.26
14.27
14.22
13.86
13.21
12.46
11.82
11.45
11.33
11.29
11.01
10.73
10.68
10.69
10.67
10.55
10.22
9.84
9.6
9.44
9.33
9.34
9.36
9.27
9.06
8.76
8.59
8.52
6.3
7.42
7.94
8.45
8.92
9.58
9.99
10.52
10.68
10.71
10.48
11.21
11.48
11.22
11.12
11.32
11.54
12.38
12.92
13.3
13.26
13.06
13.07
13.16
13.21
13.32
13.57
14.29
15.29
16.4
17.49
17.81
17.17
16.99
17.47
17.49
17.46
17.84
18.38
18.82
19.07
19.6
20.16
20.97
21.41
21.8
21.69
21.21
21.21
20.79
20.21
19.85
20.1
20.75
20.96
20.15
19.13
18.78
18.25
17.96
18.48
19.11
19.47
19.5
19.45
19.9
20.0
19.67
19.1
18.77
18.68
19.02
19.3
19.1
18.96
19.35
19.65
19.73
19.34
18.87
18.53
18.18
18.07
17.94
17.96
17.93
17.61
17.18
16.64
16.06
15.39
15.07
14.34
13.37
12.19
11.52
12.29
12.39
12.6
12.3
11.81
11.47
11.08
10.77
10.28
10.09
10.46
11.31
12.69
14.14
14.96
14.78
14.0
13.5
13.33
13.28
13.22
12.97
12.78
12.6
12.53
12.31
12.07
11.95
11.73
11.45
11.27
11.21
11.25
11.34
11.44
11.4
11.25
11.0
10.72
10.55
10.49
10.38
10.31
10.29
10.21
10.01
9.87
9.63
9.43
9.3
9.27
9.27
9.13
8.95
8.59
8.32
8.2
9.38
9.34
9.37
9.57
10.59
10.63
10.46
10.45
10.53
10.83
10.88
10.61
10.59
10.54
10.56
10.96
11.67
12.51
13.02
13.85
14.34
15.04
15.67
16.13
16.44
16.93
17.54
17.75
17.79
17.94
18.11
18.59
19.33
19.52
19.69
19.8
20.05
20.14
20.04
19.96
20.35
20.84
20.93
20.72
20.53
20.4
20.4
20.64
20.14
19.63
19.48
19.16
18.94
19.27
19.78
19.52
19.19
19.14
19.59
20.54
21.27
21.45
20.93
20.51
20.31
20.35
20.57
20.95
21.27
21.04
20.64
20.44
20.95
20.64
19.95
19.51
19.12
19.06
19.13
19.21
19.44
19.62
19.84
20.08
20.42
20.31
19.84
19.39
19.2
18.85
18.55
18.36
18.17
17.79
17.37
16.8
16.74
16.66
16.09
15.39
14.85
14.5
14.3
14.17
13.92
13.8
13.85
13.86
13.7
13.54
13.43
13.31
13.24
13.4
13.7
13.58
13.14
12.58
12.22
12.06
11.94
11.63
11.37
11.1
10.72
10.55
10.51
10.35
10.31
10.33
10.31
10.2
9.95
9.66
9.42
9.36
9.39
9.32
9.05
8.72
8.77
8.79
8.25
7.59
7.09
6.59
6.48
6.48
6.47
6.36
6.29
6.25
6.18
11.85
12.55
12.82
13.57
14.74
15.48
15.11
15.45
15.88
15.7
15.25
14.99
14.9
14.77
14.79
15.07
15.51
16.13
15.97
16.16
16.21
16.28
16.58
17.41
18.09
18.45
18.98
19.35
19.81
20.14
19.51
19.2
19.29
19.31
19.44
19.62
18.9
18.96
19.32
20.02
20.57
20.73
20.87
20.99
20.72
20.86
21.28
21.72
21.6
21.22
20.94
20.48
20.18
20.43
20.56
20.73
20.7
20.67
20.75
20.86
20.9
20.92
20.91
21.05
21.14
21.24
21.38
21.42
21.36
21.37
21.02
20.62
20.39
20.2
20.16
20.31
20.44
20.76
21.22
21.61
21.69
21.22
20.36
19.75
19.58
19.16
19.05
18.89
18.55
18.3
18.21
18.16
17.98
17.87
17.76
17.65
17.57
17.63
17.65
17.61
17.63
17.62
17.66
17.67
17.55
17.59
17.65
17.66
17.51
17.42
17.44
17.56
17.43
17.18
17.1
16.89
16.47
16.16
15.95
16.04
16.09
16.14
16.17
16.25
16.38
16.39
16.11
16.05
16.1
16.05
15.73
15.12
14.56
14.6
14.67
14.69
14.31
14.05
13.92
13.88
13.93
13.78
13.48
13.17
12.91
12.77
12.65
12.41
12.2
12.01
11.84
11.66
11.55
8.07
7.76
8.03
8.64
8.68
8.49
8.43
8.39
7.94
7.49
7.54
7.54
7.94
8.38
8.56
10.04
11.47
10.83
10.18
10.06
9.93
9.94
10.19
10.46
10.07
9.95
10.06
9.8
10.04
10.97
11.77
12.46
12.58
12.76
12.98
13.13
13.29
13.36
13.96
14.39
14.85
14.91
15.49
16.02
16.37
16.91
17.58
17.56
17.62
17.68
17.47
17.37
17.2
17.0
16.73
16.3
15.71
15.61
14.94
14.49
14.55
14.69
14.93
15.05
15.12
15.18
15.28
15.4
15.63
15.47
15.91
16.25
16.23
16.32
16.39
16.62
16.98
17.2
17.4
17.4
17.4
17.8
18.39
18.82
18.71
18.3
18.35
18.34
18.31
18.26
18.15
18.33
18.55
18.49
18.05
17.68
17.48
17.58
18.04
18.13
17.88
17.6
17.49
17.57
17.6
17.32
17.19
17.08
17.03
17.05
17.08
16.88
16.61
16.19
15.92
15.73
15.55
15.28
15.03
14.89
14.78
14.81
14.78
14.69
14.52
14.43
14.53
14.39
14.13
13.87
13.67
13.63
13.72
13.65
13.4
12.89
12.39
11.92
11.26
10.84
10.64
10.56
10.54
10.44
10.33
10.33
10.3
10.31
10.26
10.3
10.24
10.27
10.3
5.66
6.7
7.71
8.09
8.51
8.69
8.57
9.05
9.73
10.07
10.46
11.88
12.64
13.12
13.4
13.87
14.31
14.61
14.62
14.62
14.66
14.68
14.49
14.83
15.23
15.43
15.93
16.15
16.26
16.4
17.42
18.24
18.84
18.55
18.12
17.89
17.84
17.69
17.45
16.93
16.63
16.85
17.4
17.91
17.78
17.57
17.47
17.33
16.92
16.7
16.75
17.1
17.46
18.08
18.71
18.91
19.11
19.23
18.89
18.57
18.65
18.98
19.53
20.34
20.41
19.95
19.67
19.67
19.67
19.48
19.28
19.27
19.24
19.15
19.03
19.03
19.08
18.98
18.99
19.19
19.3
19.18
19.05
18.93
18.85
18.8
18.54
18.46
18.62
18.82
18.83
18.87
19.05
19.27
19.93
20.64
20.77
20.46
19.84
19.43
19.03
18.72
18.63
18.48
18.33
18.24
18.12
17.95
17.91
17.82
17.87
18.03
17.99
17.95
17.88
17.75
17.59
17.51
17.4
17.28
17.16
17.32
17.63
17.94
18.17
17.8
17.3
16.88
16.42
16.11
15.81
15.47
15.11
14.87
14.6
14.2
14.02
13.87
13.8
13.76
13.7
13.67
13.68
13.52
13.62
13.65
13.4
13.44
13.42
12.88
12.4
12.06
11.89
