9.6
9.41
9.51
9.56
9.57
10.03
10.77
11.46
11.62
11.89
12.27
12.45
12.53
12.52
12.57
12.59
12.59
12.69
12.76
13.21
13.75
14.24
14.46
14.93
15.25
15.39
15.66
16.17
16.79
17.3
17.99
17.81
17.68
17.5
17.25
17.65
18.2
19.83
21.12
21.69
21.93
21.62
22.07
22.65
22.7
22.49
22.25
21.9
21.41
21.06
21.58
21.92
22.03
22.08
21.68
21.07
20.47
20.98
21.94
22.46
22.61
22.77
22.93
22.67
21.89
21.32
21.32
21.72
21.76
21.4
21.03
20.61
20.33
20.18
20.1
19.85
19.33
18.99
19.02
19.11
18.98
18.94
19.06
19.33
19.5
19.76
19.85
19.9
20.01
19.94
19.9
19.92
19.94
19.83
19.92
20.0
19.81
19.76
19.5
19.16
18.88
18.71
18.38
17.82
17.26
17.01
16.66
16.26
15.42
14.3
13.79
13.51
13.13
12.69
12.43
12.2
12.25
12.22
11.98
11.87
11.96
11.93
11.76
11.64
11.67
11.57
11.37
10.92
10.16
9.36
8.87
8.67
8.62
8.58
8.5
8.12
7.83
7.89
7.95
7.75
7.47
7.48
7.48
7.52
7.56
7.43
7.19
6.93
6.83
6.74
6.7
6.65
6.6
3.19
3.26
3.32
3.34
3.38
3.52
3.54
3.68
3.66
3.85
4.33
4.95
5.82
6.91
7.82
8.06
6.44
5.54
5.51
5.58
5.66
5.74
6.04
6.72
7.92
8.46
8.78
8.97
9.11
8.96
8.61
8.63
9.73
10.82
12.43
12.34
11.56
10.88
10.46
10.44
10.85
11.28
12.06
13.39
14.81
15.57
16.33
16.94
17.31
17.37
16.66
16.16
16.0
16.79
17.34
17.17
16.61
15.92
15.62
16.3
16.37
16.35
16.55
17.11
17.47
17.62
17.83
18.05
18.06
18.22
18.74
18.91
18.98
18.94
18.98
19.1
19.31
19.49
19.62
20.2
21.02
21.48
21.08
20.95
20.82
20.83
20.56
20.1
19.71
19.55
19.6
19.9
19.83
19.45
19.08
18.54
18.45
18.58
19.08
18.7
17.86
17.17
16.8
16.54
16.59
16.39
15.89
15.53
15.46
15.34
15.23
15.07
14.95
14.86
14.66
14.49
14.58
14.81
14.69
14.52
14.41
14.27
14.3
14.19
14.0
13.58
13.03
12.61
12.43
12.17
11.69
11.09
10.82
10.94
10.87
10.95
10.73
10.42
10.18
10.33
10.37
10.34
10.26
10.13
9.92
9.66
9.42
9.33
9.25
9.01
8.78
8.74
8.69
5.2
5.71
6.14
7.04
6.57
6.37
6.31
6.26
6.1
6.01
5.95
6.0
6.08
6.14
6.22
6.29
6.12
6.1
6.81
6.95
6.99
7.12
7.3
7.5
7.57
7.63
8.05
8.56
8.83
8.9
9.5
11.11
13.05
14.42
15.21
15.68
15.8
15.46
15.38
15.66
16.18
16.74
16.41
16.53
16.67
16.96
17.61
17.71
17.81
17.89
17.77
16.7
16.05
16.1
16.36
16.69
16.64
15.63
15.81
16.05
16.61
17.21
17.3
17.66
17.66
17.46
17.67
18.02
18.39
18.67
18.93
19.12
19.23
19.24
19.15
19.4
19.49
19.24
19.06
18.86
18.63
18.47
18.09
17.5
17.19
17.19
17.15
17.58
17.4
17.23
16.94
16.75
17.2
17.48
17.54
17.52
17.23
17.11
16.97
17.04
17.0
16.7
16.06
15.19
14.29
13.83
13.85
13.92
13.8
13.54
13.07
12.7
12.75
13.03
13.37
13.46
13.63
13.82
14.1
14.64
14.57
14.15
13.6
12.95
12.38
11.8
11.46
11.3
11.2
11.11
11.02
10.96
10.99
11.04
11.05
11.06
11.03
10.99
10.87
10.58
10.19
9.89
9.78
9.7
9.94
10.17
10.13
9.97
9.89
9.77
9.52
9.16
8.87
5.61
5.57
5.53
5.38
5.08
4.88
4.95
5.1
5.34
5.38
5.41
5.65
6.04
6.58
6.82
6.99
7.19
7.16
7.15
7.2
7.51
7.91
7.89
7.81
8.16
8.97
10.16
11.29
11.65
11.65
11.47
11.32
12.11
13.12
13.8
15.09
16.05
16.42
16.78
17.31
18.49
19.39
19.12
18.8
18.84
19.46
19.93
20.08
20.14
20.28
20.2
20.35
20.44
20.88
21.27
22.15
22.53
22.02
20.94
19.9
19.09
18.52
18.2
17.64
16.91
16.66
16.69
16.5
15.99
15.37
14.94
14.56
14.93
16.14
17.87
17.62
17.09
16.82
16.85
15.8
14.21
13.7
15.22
14.77
14.15
13.95
13.88
14.0
14.25
14.68
15.37
15.75
15.77
15.8
16.01
16.3
16.54
16.79
16.97
16.88
16.61
16.4
16.3
16.18
16.04
16.03
16.13
16.14
16.11
16.12
16.06
15.93
16.06
16.16
15.71
15.3
14.76
14.26
14.2
14.64
13.55
12.92
12.51
12.18
12.02
12.2
12.51
12.73
12.66
12.44
12.43
13.02
13.77
14.43
13.36
12.52
12.37
12.17
11.98
11.88
11.76
11.53
11.14
10.9
10.87
10.74
10.66
10.67
10.68
10.67
10.52
10.36
10.33
7.16
6.08
5.92
5.83
6.15
6.3
5.27
4.97
5.14
5.67
6.12
6.61
6.76
7.08
7.65
8.25
8.7
9.03
9.22
9.29
9.47
9.86
10.44
11.26
11.58
11.5
11.69
11.51
12.89
14.31
14.41
15.03
16.06
16.43
16.51
18.06
19.38
18.93
17.66
17.16
16.57
16.4
17.43
17.35
16.97
16.93
17.41
17.12
17.12
16.99
16.72
16.75
16.83
17.72
18.38
18.61
18.19
17.72
17.46
17.85
18.1
18.4
19.0
19.55
19.97
20.16
20.34
20.84
21.04
21.02
20.99
20.72
20.29
20.02
20.19
20.54
20.91
21.01
21.08
20.95
20.73
20.59
20.48
20.42
20.49
20.57
20.53
20.34
20.21
20.39
20.53
20.29
19.93
19.13
19.1
19.2
19.39
19.3
18.9
18.53
18.63
18.68
18.68
18.67
18.52
18.34
18.12
17.99
17.84
17.73
17.43
17.14
17.31
17.34
17.1
16.65
15.91
14.87
14.11
13.61
13.41
13.21
12.94
12.83
12.71
12.85
13.2
13.13
13.06
12.92
12.78
12.73
12.68
12.54
12.32
11.99
11.81
11.72
11.29
10.87
10.74
10.79
10.82
10.85
10.54
10.28
10.28
10.3
10.22
10.13
10.0
9.85
9.81
5.63
5.85
6.05
6.28
6.56
6.62
6.5
6.25
6.26
7.42
10.06
11.33
11.45
11.64
12.06
12.48
13.18
13.63
13.75
13.47
13.25
13.39
13.58
13.32
13.0
12.91
12.86
12.46
12.46
12.6
12.63
12.54
12.92
13.64
14.25
14.6
14.86
15.01
15.02
15.13
15.31
15.13
14.77
14.37
14.18
13.92
13.38
13.92
14.61
15.31
16.29
15.94
16.38
16.5
16.44
18.03
18.85
19.3
19.92
20.85
21.27
21.36
21.04
20.4
19.4
18.34
17.84
18.12
18.25
18.04
17.56
17.34
17.72
18.14
18.12
18.06
18.19
18.22
18.19
18.24
18.57
18.6
18.51
18.38
18.25
18.17
18.23
18.38
18.52
18.57
18.54
18.28
18.02
18.1
18.28
18.44
18.03
17.51
17.1
16.84
16.52
16.39
16.8
17.05
17.12
17.13
16.6
16.6
16.69
16.58
16.61
16.71
17.03
16.97
16.7
16.35
16.01
15.82
15.72
15.66
15.62
15.62
15.63
15.66
15.78
15.86
15.75
15.63
15.55
15.46
15.37
15.19
15.09
14.93
14.6
14.31
14.03
13.64
13.44
13.51
13.54
13.6
13.54
13.36
13.2
13.12
12.98
13.03
13.04
12.94
12.67
11.96
10.2
4.32
4.17
4.45
5.74
5.6
4.59
4.03
3.88
4.03
4.16
4.14
4.05
3.96
3.9
3.85
3.86
4.03
4.25
4.55
4.86
5.07
5.09
4.9
4.67
4.61
5.62
6.83
6.74
6.47
6.36
6.52
6.86
7.78
8.39
8.44
8.76
10.75
11.87
11.95
11.82
12.67
13.36
13.44
15.35
17.46
18.38
18.55
17.76
16.63
16.97
17.92
18.51
18.69
18.65
18.87
19.08
19.22
19.47
19.9
20.35
20.69
20.72
20.33
19.67
18.91
18.17
17.65
17.49
18.05
19.02
19.52
19.78
19.57
19.44
19.61
18.97
17.85
17.5
17.01
17.34
17.48
17.39
17.39
17.79
18.03
18.33
18.59
18.64
17.9
17.19
17.33
17.67
18.01
18.29
18.66
18.69
18.71
18.77
18.79
18.54
18.16
17.95
18.13
18.58
18.69
18.66
18.73
18.91
18.98
18.56
18.17
17.51
16.7
16.3
16.24
16.06
15.77
15.42
15.18
14.89
14.84
14.81
14.83
14.8
14.31
13.72
13.82
13.47
13.03
11.78
11.08
10.84
10.61
10.57
10.64
10.45
10.43
10.43
10.46
10.49
10.49
10.09
9.78
9.64
9.58
9.45
9.46
9.52
9.55
9.56
9.44
9.17
8.92
6.0
6.29
6.48
6.09
5.77
6.19
7.04
6.98
6.63
6.48
6.7
7.12
7.3
7.26
7.18
7.13
7.15
7.34
7.53
7.55
7.25
7.11
7.95
9.9
11.17
12.09
12.03
11.82
11.86
12.09
12.63
13.06
13.47
13.43
13.46
13.51
12.78
12.96
14.07
15.66
16.55
17.98
19.18
19.53
20.01
20.38
19.88
18.96
18.8
18.86
18.86
19.26
19.72
20.13
20.36
20.06
19.93
19.88
19.48
19.16
19.18
19.42
19.58
19.56
19.63
19.74
19.8
19.86
19.85
19.91
20.2
20.31
20.31
20.08
19.66
19.24
19.17
19.18
19.15
19.07
18.98
18.71
18.39
18.08
17.9
17.67
17.24
16.77
16.52
16.49
16.46
16.49
16.28
15.92
15.21
13.76
12.94
12.97
13.59
13.74
13.55
12.94
12.04
11.19
10.58
10.43
11.12
12.03
13.98
16.1
15.82
14.56
13.34
12.84
12.67
12.61
12.52
12.36
12.46
12.58
12.51
12.32
12.08
11.78
11.47
11.16
10.9
10.78
10.88
11.18
11.48
11.58
11.38
10.99
10.58
10.21
10.01
9.9
9.89
9.88
9.82
9.72
9.65
9.51
9.33
9.21
9.16
9.11
9.01
9.0
8.97
8.82
8.71
5.52
5.65
5.98
6.45
6.75
6.8
6.65
6.62
7.21
7.47
7.58
7.67
7.62
7.48
7.6
7.95
8.63
9.63
10.72
11.66
12.21
13.57
15.01
15.35
15.27
15.7
16.63
17.77
17.84
17.88
18.07
18.18
18.44
18.59
19.34
19.71
19.91
19.83
19.31
18.93
19.48
19.99
20.2
19.95
19.69
19.86
20.3
20.9
20.6
20.34
19.93
18.68
16.89
16.96
17.85
18.39
18.49
18.85
19.53
20.07
20.31
20.47
20.26
19.78
19.19
18.8
18.97
19.44
20.05
20.32
20.3
20.39
20.5
20.26
19.84
19.25
19.16
19.28
19.41
19.5
19.47
19.27
18.88
18.75
18.84
18.99
18.95
18.85
18.6
18.18
18.11
17.97
17.46
17.13
16.91
16.7
16.69
16.52
15.97
15.22
14.65
14.32
14.18
14.12
13.92
13.64
13.54
13.38
13.26
13.14
13.14
13.33
13.69
13.82
13.66
13.49
13.19
12.74
12.39
11.92
11.36
11.07
10.98
10.94
10.82
10.78
10.82
10.88
10.93
10.87
10.87
10.8
10.56
10.18
9.73
9.59
9.61
9.5
9.07
8.59
8.66
8.85
8.5
7.98
7.37
6.51
6.4
6.33
6.3
6.22
6.14
6.07
5.97
7.29
7.63
8.46
9.08
9.39
10.0
10.32
10.57
10.82
10.85
10.61
10.64
11.64
11.34
11.44
11.8
13.1
14.49
14.97
14.85
14.82
15.46
15.95
16.31
16.64
16.85
17.28
17.64
18.34
18.77
18.65
18.25
18.27
18.49
19.03
19.51
18.86
17.87
17.4
17.69
18.16
18.45
18.78
19.0
18.61
18.88
19.15
19.25
19.33
19.66
19.48
19.04
18.81
19.39
19.7
20.09
20.29
20.27
20.3
20.4
20.39
20.45
20.5
20.57
20.67
20.79
21.02
20.9
20.46
20.1
20.19
20.2
20.25
20.28
20.41
20.57
20.71
20.94
21.36
21.48
21.44
20.88
20.34
20.07
19.79
19.46
19.16
18.69
17.98
17.53
17.5
17.62
17.66
17.64
17.57
17.51
17.43
17.51
17.54
17.5
17.53
17.57
17.63
17.66
17.57
17.54
17.54
17.66
17.63
17.61
17.87
18.23
17.68
17.43
17.35
17.23
16.94
16.62
16.26
15.9
15.56
15.48
15.58
15.65
15.65
15.62
15.41
15.0
14.59
14.59
14.81
15.09
14.62
14.01
13.66
13.53
13.44
13.36
13.37
13.43
13.5
13.41
13.22
12.87
12.57
12.51
12.42
12.15
11.69
11.32
11.14
11.04
11.0
4.68
6.19
8.26
8.13
7.43
6.76
6.47
5.81
5.35
5.4
5.24
5.2
5.55
6.53
7.69
8.48
9.06
7.81
6.6
7.59
9.91
11.11
10.5
9.18
8.24
8.07
8.57
8.54
8.16
7.5
6.6
6.18
6.37
6.91
7.25
7.35
7.29
7.27
7.46
7.91
8.92
9.62
9.87
10.17
10.95
12.45
14.07
15.47
16.36
16.72
16.94
17.15
17.34
17.6
17.33
17.19
17.35
17.41
17.43
17.36
17.47
17.6
17.5
17.5
17.67
17.55
17.08
16.61
16.02
15.36
16.13
16.32
16.01
15.71
15.33
15.75
16.1
16.81
17.41
17.65
17.51
17.4
17.75
18.32
18.48
17.49
17.2
17.7
18.16
18.35
18.47
18.62
18.79
18.91
18.52
18.0
17.68
17.16
16.79
16.98
17.18
17.3
17.42
17.46
17.28
16.96
16.81
16.57
16.19
15.8
15.67
15.92
15.97
15.69
15.51
15.2
14.88
14.76
14.56
14.35
14.3
14.22
14.17
14.14
14.16
14.26
14.22
14.07
13.65
13.23
13.08
12.96
13.02
13.22
13.19
13.02
12.74
12.32
11.78
11.42
11.18
11.06
11.06
10.99
11.01
10.85
10.57
10.35
10.26
10.3
10.28
10.31
10.38
2.79
3.08
3.38
3.66
3.84
3.99
4.05
4.03
3.8
3.85
4.19
4.48
4.64
4.65
4.73
5.31
5.68
6.0
6.53
7.79
8.55
8.34
7.97
7.73
7.71
8.4
9.06
9.25
10.66
12.72
14.63
15.36
15.68
15.88
16.1
16.4
16.7
17.01
17.29
17.44
17.11
17.36
17.71
17.8
18.06
17.99
17.94
17.65
17.21
16.79
16.97
17.33
17.63
17.86
17.68
17.78
18.04
18.17
18.36
18.47
18.83
19.44
20.21
20.96
20.97
20.61
19.97
19.53
19.45
19.51
19.44
19.17
18.87
18.63
18.2
18.05
18.57
18.8
19.04
19.38
19.59
19.42
18.99
18.4
17.87
17.6
17.41
17.2
17.44
17.65
17.66
17.68
17.75
17.73
17.85
18.26
18.67
18.3
17.82
17.65
17.79
17.86
17.71
17.54
17.32
17.21
17.23
17.23
17.23
17.24
17.31
17.59
17.76
17.61
17.47
17.29
17.11
17.0
16.82
16.55
16.45
16.59
16.85
16.97
16.93
16.84
16.61
16.29
15.89
15.41
15.15
14.98
14.73
14.55
14.28
14.1
14.04
13.86
13.72
13.62
13.46
13.28
13.31
13.4
13.28
13.3
13.02
13.05
13.1
13.05
13.03
12.65
12.25
