9.55
9.46
9.64
9.91
10.15
10.47
11.01
11.37
11.68
11.61
11.53
11.59
11.79
11.64
11.51
11.81
12.09
12.27
12.5
12.53
12.47
13.13
13.95
14.31
15.07
15.75
15.97
16.34
16.86
17.59
18.33
18.61
18.94
19.49
19.85
19.91
20.01
20.55
21.01
21.65
22.1
22.51
22.56
22.43
22.57
22.5
22.19
21.51
20.72
20.58
21.08
21.45
21.61
21.71
21.72
21.66
21.58
22.0
22.39
22.32
22.14
22.2
22.29
22.14
21.74
21.53
21.5
21.49
21.18
20.47
19.67
19.63
19.79
19.76
19.57
19.38
18.79
18.33
18.52
18.63
18.68
18.83
19.05
19.26
19.35
19.47
19.66
19.66
19.82
19.84
19.91
20.01
20.05
19.99
19.98
20.08
19.83
19.57
19.28
18.8
18.43
18.27
18.11
17.79
17.17
16.77
16.61
16.41
15.86
15.08
14.58
14.56
14.45
13.94
13.35
12.84
12.37
12.07
11.95
11.63
11.56
11.67
11.78
11.8
11.77
11.51
11.12
10.45
9.56
8.71
8.24
8.02
7.82
7.53
7.54
7.57
7.62
7.65
7.54
7.41
7.31
7.27
7.33
7.34
7.36
7.13
6.84
6.69
6.6
6.54
6.49
6.48
6.49
2.93
2.85
2.65
2.76
3.08
3.42
3.63
3.7
3.73
3.82
4.06
4.44
4.82
4.99
5.53
5.92
6.2
6.33
6.52
6.88
7.34
7.56
7.75
8.08
8.48
8.82
9.15
8.97
8.59
9.08
9.44
10.54
11.77
12.06
12.48
13.0
12.62
11.98
11.59
11.54
12.22
12.93
13.67
14.82
15.69
16.08
16.4
16.76
17.02
16.66
16.04
15.35
14.82
15.25
15.56
15.04
14.33
14.24
14.19
14.82
15.36
15.38
15.51
15.81
16.16
16.4
16.7
17.04
17.2
17.45
17.91
18.31
18.38
18.24
18.35
18.77
19.21
19.26
19.19
19.29
19.56
19.95
20.3
20.29
19.85
19.52
19.43
19.4
19.37
19.38
19.34
19.29
18.35
17.41
17.04
16.8
16.64
17.26
18.06
17.63
17.04
16.56
16.33
16.06
15.93
15.75
15.57
15.43
15.44
15.33
15.07
14.87
14.82
14.74
14.54
14.45
14.33
14.13
13.98
13.89
13.83
13.87
14.08
14.12
13.91
13.37
12.67
12.08
11.83
11.91
12.21
12.11
11.97
11.85
11.76
11.61
11.5
11.41
11.21
11.03
10.82
10.66
10.51
10.3
10.1
9.96
9.84
9.66
9.5
9.45
9.34
9.27
9.1
3.44
3.51
3.61
3.55
3.28
3.31
3.27
3.36
4.0
4.2
4.29
4.38
4.46
4.84
5.25
5.16
5.03
4.94
4.85
5.31
5.93
6.19
6.29
6.76
7.32
7.63
8.08
8.74
9.18
9.27
9.51
9.65
10.0
10.88
11.67
12.26
12.16
12.05
12.05
12.15
12.18
12.13
12.11
12.22
12.23
12.1
12.66
13.01
13.09
13.39
13.1
12.62
12.31
12.27
12.72
13.25
13.41
13.35
13.47
13.64
14.53
15.59
16.15
16.71
16.7
16.81
16.92
17.12
17.65
18.01
18.16
18.02
17.97
18.18
18.52
18.88
18.85
18.57
18.16
17.17
16.23
16.44
16.63
16.56
16.6
16.55
16.54
16.78
16.92
16.96
16.98
17.03
17.29
17.45
17.52
17.48
17.37
17.35
17.32
17.18
17.02
16.48
15.65
15.03
14.6
14.28
14.03
13.86
13.66
13.56
13.44
13.43
13.36
13.3
13.24
13.33
13.72
14.09
14.22
14.13
13.84
13.49
13.07
12.43
11.84
11.45
11.29
11.2
11.05
11.04
10.94
10.87
10.87
10.87
10.85
10.93
10.93
10.85
10.64
10.4
10.33
10.36
10.32
10.28
10.28
10.29
9.98
9.77
9.57
9.25
8.76
8.28
8.0
6.29
6.17
6.24
6.41
6.49
6.21
6.46
6.91
7.24
7.17
6.99
6.95
6.84
6.79
6.71
6.55
6.42
6.22
6.19
6.78
7.49
8.16
9.67
11.66
13.47
14.64
15.35
15.75
15.92
15.96
15.94
16.07
16.58
16.83
16.5
16.62
16.79
17.21
17.74
18.27
19.14
19.39
19.09
18.83
18.6
18.54
18.86
18.99
18.93
18.92
19.29
19.93
20.7
21.14
21.51
22.04
22.75
22.67
22.08
21.58
20.42
18.56
17.02
15.88
15.21
14.93
14.83
14.25
13.54
13.53
13.64
14.0
14.11
14.04
13.92
13.84
13.64
13.83
13.96
13.1
12.07
11.71
11.87
12.0
12.02
12.26
12.39
12.81
13.23
13.83
14.21
14.54
14.62
14.7
14.88
15.02
15.33
15.71
15.98
15.89
15.46
15.11
14.84
14.69
14.74
14.97
15.25
15.18
15.14
15.07
14.79
14.42
14.28
14.18
13.97
13.83
13.59
13.31
13.15
13.05
12.94
12.78
12.65
12.57
12.51
12.53
12.61
12.67
12.61
12.53
12.46
12.6
12.72
12.53
12.34
12.28
12.12
11.93
11.79
11.75
11.72
11.62
11.44
11.33
11.24
11.0
10.86
10.85
10.77
10.51
10.19
10.08
9.97
6.04
6.22
6.27
6.44
6.64
6.69
6.78
7.22
7.81
8.26
8.43
8.62
8.64
8.83
9.11
9.54
9.89
10.13
10.23
10.23
10.19
10.4
11.23
12.13
12.55
12.72
13.09
13.21
14.01
14.97
15.74
16.97
18.13
18.75
19.16
19.39
19.69
18.67
17.33
16.43
15.28
14.25
13.86
14.35
15.05
15.33
15.82
16.19
16.65
16.68
16.95
17.27
17.51
17.7
17.97
18.34
18.3
18.23
18.49
18.75
19.07
19.4
19.95
20.75
20.73
20.26
20.27
20.57
20.82
21.05
21.11
20.86
20.48
20.23
20.4
20.68
21.05
21.29
21.42
21.17
20.79
20.6
20.66
20.71
20.65
20.53
20.35
20.31
20.42
20.5
20.47
20.3
20.03
19.89
19.77
19.62
19.54
19.37
19.18
18.96
18.77
18.66
18.55
18.29
18.0
17.69
17.49
17.4
17.29
17.09
16.84
16.36
16.0
15.7
15.36
15.29
15.11
14.67
14.04
13.45
13.42
13.61
13.82
13.83
13.56
13.49
13.64
13.76
13.66
13.49
13.35
13.34
13.28
13.07
12.9
12.71
12.49
12.38
12.04
11.76
11.59
11.48
11.31
11.19
11.05
10.9
10.79
10.73
10.61
10.51
10.15
9.88
9.8
4.84
4.92
5.03
5.41
5.89
6.93
7.84
9.07
10.38
11.08
11.97
12.11
10.95
9.89
9.77
9.68
10.21
10.79
10.95
11.07
11.51
11.66
11.82
11.53
11.05
10.85
11.01
11.39
11.52
11.64
11.8
11.8
11.87
12.51
13.23
13.6
14.04
14.32
14.42
15.15
15.97
15.18
13.83
13.23
13.53
13.69
13.93
14.78
15.68
16.46
17.22
17.0
16.82
16.88
17.45
18.27
18.79
19.2
19.93
20.42
20.68
20.46
19.79
18.86
18.24
18.06
18.2
18.42
18.59
18.55
18.41
18.35
18.57
18.71
18.67
18.64
18.53
18.35
18.26
18.48
18.66
18.6
18.37
18.19
18.18
18.19
18.35
18.73
19.09
19.15
18.81
18.39
18.11
18.0
18.0
17.89
17.58
17.24
17.01
16.85
16.77
16.76
16.89
17.09
17.29
17.38
17.21
16.98
16.79
16.61
16.72
16.84
16.82
16.8
16.79
16.9
17.01
16.55
16.3
16.26
16.19
16.21
16.15
15.96
15.74
15.63
15.4
15.17
15.02
14.9
14.74
14.56
14.5
14.38
14.19
14.03
13.8
13.62
13.6
13.53
13.37
13.38
13.23
12.98
12.82
12.6
12.43
12.35
11.9
10.71
9.72
9.52
8.84
4.83
4.75
4.71
4.66
4.5
4.21
4.0
3.83
3.86
4.23
5.02
5.63
5.95
6.06
6.26
6.49
7.01
7.55
7.82
8.12
8.25
8.19
8.0
7.77
7.69
7.63
7.49
7.52
7.64
8.56
9.28
10.27
11.23
11.37
11.36
12.41
14.11
15.0
14.96
14.87
15.03
15.02
14.9
15.87
16.67
16.86
17.08
17.79
18.06
17.92
17.8
18.06
18.46
18.8
18.93
18.99
19.19
19.55
20.14
20.63
20.86
20.41
18.99
17.33
17.04
16.69
16.3
17.02
18.24
19.19
19.81
19.83
19.63
19.71
19.94
19.6
19.05
18.77
18.3
18.23
18.42
18.5
18.51
18.52
18.59
18.71
18.87
18.84
18.62
18.46
18.51
18.69
18.94
18.82
18.56
18.37
18.19
18.11
18.05
17.83
17.62
17.62
17.87
18.18
18.24
18.13
17.91
17.68
17.52
17.24
17.0
16.87
16.72
16.55
16.48
16.23
15.87
15.67
15.49
15.28
15.07
14.98
14.84
14.59
14.34
14.08
14.05
13.94
13.34
12.57
11.88
11.44
11.23
11.3
11.37
11.17
10.85
10.54
10.37
10.23
10.11
9.95
9.82
9.74
9.63
9.57
9.58
9.58
9.53
9.4
9.21
9.05
8.95
4.26
4.96
5.43
5.64
5.95
6.46
6.92
7.07
7.17
7.23
7.44
8.32
8.46
7.98
7.63
7.63
7.63
7.74
8.12
8.59
8.93
8.71
8.64
8.61
8.69
8.96
9.31
9.55
9.85
10.81
12.52
13.94
14.85
15.19
15.31
15.18
15.02
15.3
15.93
16.78
17.4
18.31
18.87
19.51
19.96
20.43
20.55
19.68
19.39
19.23
18.93
18.6
18.42
18.72
18.9
18.64
18.5
18.38
18.21
18.23
18.68
19.05
19.24
19.3
19.49
19.88
19.99
19.89
19.71
19.52
19.82
20.04
19.95
19.28
18.6
18.79
18.98
19.16
18.91
18.52
18.12
17.81
17.83
17.9
17.72
17.56
17.23
16.83
16.44
15.56
14.07
12.57
11.65
11.06
10.59
10.3
10.35
10.54
10.57
10.49
10.34
10.15
9.93
9.64
9.48
9.45
9.66
9.95
10.27
10.83
11.31
11.79
12.14
12.34
12.42
12.45
12.43
12.26
12.19
12.16
12.05
11.77
11.52
11.36
11.11
10.88
10.8
10.77
10.87
11.02
11.08
10.99
10.78
10.56
10.41
10.31
10.2
10.13
10.2
10.22
10.16
10.04
9.86
9.47
8.99
8.69
8.58
8.57
8.43
8.2
7.82
7.64
7.51
8.04
7.77
7.75
7.81
7.82
7.7
7.62
7.6
7.57
8.01
8.25
8.39
8.54
8.57
8.66
9.03
9.42
9.54
9.85
11.03
12.09
12.74
13.76
14.37
14.68
14.98
15.53
15.9
15.93
16.14
16.6
17.02
17.14
17.25
17.8
18.13
18.62
18.95
19.37
19.63
20.15
20.55
20.48
20.15
19.91
19.86
19.95
20.06
19.2
18.4
18.22
17.62
17.03
17.58
18.58
19.0
18.78
19.03
19.64
20.32
20.91
20.93
20.37
19.87
19.68
19.89
20.35
20.56
20.95
20.8
20.53
20.37
20.31
20.14
19.68
19.32
19.35
19.31
19.2
19.29
19.27
19.23
19.2
19.24
19.31
19.26
18.84
18.47
18.25
17.92
17.79
17.74
17.55
17.36
17.07
16.81
16.78
16.66
16.29
15.79
15.37
15.19
15.16
15.02
14.8
14.63
14.42
14.25
14.02
13.87
13.83
13.82
13.93
14.04
14.0
13.63
12.94
12.26
11.89
11.5
10.97
10.57
10.24
10.01
9.74
9.63
9.58
9.48
9.41
9.39
9.41
9.38
9.2
8.97
8.82
8.78
8.68
8.56
8.47
8.42
8.4
8.3
8.01
7.63
7.35
7.22
7.18
6.93
6.77
6.69
6.61
6.57
6.44
7.34
7.91
8.26
9.18
10.89
11.93
11.88
12.12
12.39
12.21
11.97
11.85
11.65
11.66
12.1
12.79
13.46
13.88
13.95
14.09
14.09
14.63
15.37
15.74
16.37
17.11
17.9
18.28
18.91
19.09
18.42
17.84
17.68
18.17
18.85
18.8
17.81
17.68
18.06
18.38
18.67
18.93
19.19
19.36
19.26
19.62
19.88
20.01
20.02
20.09
19.99
19.85
19.81
19.91
19.99
20.09
20.03
20.1
20.23
20.32
20.31
20.3
20.39
20.59
20.77
20.91
21.09
21.02
20.68
20.41
20.21
19.99
19.82
19.7
19.83
20.1
20.3
20.61
21.09
21.43
21.39
20.75
20.14
19.94
19.65
19.2
18.98
18.51
17.71
17.17
17.08
17.17
17.28
17.3
17.33
17.38
17.39
17.43
17.43
17.41
17.43
17.45
17.5
17.55
17.48
17.48
17.51
17.58
17.49
17.44
17.43
17.33
17.24
17.24
17.24
17.0
16.58
16.1
15.82
15.88
15.91
15.84
15.82
15.78
15.66
15.54
15.34
15.27
15.17
15.08
14.74
14.29
14.03
14.04
14.07
14.07
13.84
13.7
13.66
13.71
13.77
13.55
13.17
12.88
12.62
12.43
12.28
12.03
11.87
11.72
11.54
11.37
11.28
3.55
3.71
3.84
3.85
3.77
3.72
3.65
3.73
3.9
3.95
4.07
4.43
4.81
5.32
5.73
6.01
6.05
5.9
5.58
6.09
7.13
7.63
7.6
7.61
7.72
7.7
7.29
7.28
7.5
7.68
7.71
7.88
8.33
9.14
9.72
9.96
10.04
10.07
10.17
10.51
11.38
12.05
12.19
12.41
13.0
13.66
14.48
14.94
15.32
15.5
15.51
15.59
15.58
15.57
15.2
14.98
14.57
13.7
13.14
13.17
13.1
13.15
13.43
13.04
12.55
13.13
14.05
14.42
14.23
14.31
14.72
15.2
15.2
15.17
15.13
15.5
16.17
16.5
16.56
16.74
16.93
17.45
17.95
18.51
18.26
17.56
17.5
17.58
17.66
17.65
17.65
17.83
18.14
18.22
17.92
17.62
17.41
17.63
18.05
17.96
17.68
17.46
17.37
17.48
17.53
17.26
17.01
16.66
16.22
15.97
16.03
16.08
16.03
15.76
15.56
15.4
15.24
15.06
14.86
14.79
14.79
14.85
14.79
14.67
14.52
14.47
14.45
14.12
13.64
13.33
13.2
13.17
13.31
13.21
13.0
12.6
12.2
11.8
11.45
11.28
11.14
11.05
11.02
10.89
10.8
10.71
10.56
10.38
10.27
10.19
10.2
10.12
10.08
2.95
3.43
4.24
4.86
5.16
5.27
5.28
5.6
5.77
6.37
7.34
7.74
8.09
8.7
9.17
9.46
9.79
10.27
10.65
10.76
10.98
10.92
10.8
10.93
11.52
12.4
12.97
13.15
13.62
13.55
14.2
14.99
15.3
15.9
16.42
16.81
16.81
16.68
16.7
16.94
16.9
17.07
17.59
17.84
17.87
17.64
17.25
16.82
16.48
16.6
16.87
17.04
17.26
17.46
17.53
17.34
16.99
16.79
16.72
16.86
17.28
17.91
18.45
19.41
19.78
19.35
18.7
18.44
18.55
18.72
18.83
18.72
18.63
18.59
18.43
18.38
18.33
18.2
18.28
18.48
18.5
18.54
18.38
18.16
18.05
17.99
17.62
17.4
17.52
17.7
17.79
17.9
18.19
18.61
19.53
20.22
20.09
19.6
18.91
18.54
18.37
18.27
18.06
17.95
17.85
17.69
17.63
17.54
17.48
17.48
17.57
17.75
17.77
17.7
17.6
17.35
16.92
16.65
16.76
16.84
16.8
17.24
17.68
17.84
17.69
17.2
16.79
16.44
16.0
15.76
15.53
15.32
15.05
14.84
14.63
14.32
14.12
13.89
13.7
13.65
13.53
13.46
13.46
13.34
13.21
13.22
13.19
13.19
13.11
13.09
12.55
12.06
11.92
