4.42
4.45
4.48
4.71
4.99
5.21
5.33
5.56
5.42
5.18
5.02
4.95
4.93
5.01
5.25
5.67
6.05
6.29
7.0
7.9
8.67
8.95
9.69
10.17
10.28
10.73
11.16
11.65
12.22
13.49
14.83
14.95
14.91
15.04
16.02
17.05
17.49
17.61
17.76
17.99
18.08
18.21
19.11
20.16
20.01
19.92
19.94
19.66
19.45
19.34
19.57
19.95
20.06
20.13
19.95
19.9
19.84
19.96
20.12
20.28
20.33
20.14
20.01
20.03
19.87
19.64
19.21
18.64
18.52
18.18
17.69
17.45
17.62
18.22
18.82
19.03
18.37
17.7
17.58
17.46
17.29
17.26
17.42
17.64
17.9
18.02
18.01
18.05
18.37
18.57
18.69
18.87
19.04
19.11
19.23
19.04
18.72
18.41
18.15
17.88
17.7
17.5
17.21
16.84
16.47
16.25
16.08
15.89
15.48
15.1
14.91
14.84
14.66
14.49
14.14
13.74
13.57
13.74
13.83
13.81
13.86
13.9
13.94
13.84
13.78
13.69
13.61
13.5
13.12
12.52
11.59
10.4
9.46
9.13
8.93
8.7
8.7
8.83
8.92
8.85
8.8
8.97
9.07
9.05
8.97
8.87
8.74
8.67
8.87
9.06
9.21
9.07
8.86
2.6
2.59
2.62
2.62
2.74
2.93
3.01
3.02
2.82
2.9
3.17
3.35
3.33
3.2
3.21
3.3
3.35
3.22
3.15
3.23
3.39
3.64
3.9
4.14
4.28
4.28
4.28
4.43
4.59
4.61
4.41
4.35
4.35
4.47
4.54
4.71
5.14
5.51
5.19
4.9
4.53
4.56
4.83
5.61
6.58
7.68
8.88
10.0
10.84
11.3
11.52
11.57
11.7
11.8
11.5
10.72
9.77
9.02
8.7
9.29
10.14
10.45
11.24
11.66
11.92
12.14
12.83
13.29
13.22
13.19
13.25
13.22
13.32
13.3
13.25
13.17
13.25
13.37
13.55
13.77
13.93
13.98
14.09
14.02
14.06
14.22
14.54
14.81
14.9
15.08
15.13
14.83
14.61
14.56
14.51
14.34
14.23
14.28
14.4
14.39
14.39
14.44
14.49
14.46
14.39
14.26
14.08
13.98
13.92
13.84
13.81
13.76
13.71
13.72
13.76
13.9
13.96
14.05
14.0
13.85
13.72
13.72
13.75
13.66
13.58
13.4
13.06
12.67
12.32
12.18
12.21
12.35
12.46
12.51
12.52
12.42
12.31
12.15
12.01
11.93
11.66
11.28
10.84
10.47
10.31
10.26
10.21
10.03
9.77
9.5
9.43
9.47
9.46
2.68
2.81
2.85
2.85
2.96
3.23
3.55
3.67
3.73
3.68
3.63
3.69
3.83
4.06
4.5
4.91
5.7
5.73
5.72
6.04
7.02
7.71
7.92
7.91
7.78
7.63
7.85
7.87
7.6
7.96
8.65
9.63
10.31
10.94
10.83
10.71
10.6
10.51
10.43
10.0
11.28
11.7
12.04
13.08
13.53
13.71
13.79
13.89
14.07
14.22
14.37
14.49
13.2
14.79
14.73
15.04
15.24
15.32
15.4
15.38
15.42
15.18
15.1
15.39
15.38
15.61
15.9
16.24
16.73
17.3
17.82
17.07
16.36
16.01
15.75
15.62
15.57
15.52
15.46
15.43
15.35
15.08
14.85
14.61
14.4
14.25
14.1
14.46
14.87
15.04
15.18
15.35
15.35
15.36
15.15
14.87
14.7
14.62
14.56
14.46
14.29
14.28
14.18
13.84
13.11
12.48
11.84
11.23
10.68
10.47
10.27
10.18
10.11
10.36
10.48
10.51
10.49
10.52
10.57
10.31
10.03
9.94
9.93
9.85
9.63
9.34
9.18
9.14
9.11
9.07
8.92
8.77
8.78
8.91
8.99
9.11
9.19
9.18
9.02
8.81
8.57
8.46
8.39
8.38
8.38
8.33
8.27
8.16
8.11
8.01
7.79
7.56
7.4
2.26
2.24
2.29
2.22
2.15
2.3
2.21
2.04
2.23
2.5
2.66
2.86
2.85
2.75
2.63
2.61
2.56
2.4
2.29
2.37
2.52
2.58
2.2
2.32
3.0
3.01
2.89
2.82
3.11
3.47
3.56
3.78
3.96
4.02
4.03
4.03
4.02
4.02
4.04
4.04
4.06
4.11
4.15
6.37
6.47
6.68
6.18
5.86
6.68
7.39
7.64
7.73
7.75
7.76
7.75
8.53
9.63
10.51
11.69
12.35
12.83
13.18
13.11
12.71
12.62
13.14
13.53
14.33
14.94
15.09
15.24
15.31
15.29
15.33
15.52
15.7
15.42
15.09
14.99
14.73
14.26
14.0
13.91
13.73
13.59
13.06
12.74
12.86
12.93
13.18
13.28
13.33
13.84
14.38
14.83
15.07
14.99
15.14
15.34
15.05
14.67
14.31
13.9
13.75
13.91
14.12
14.18
14.17
14.16
14.16
14.18
14.09
14.02
14.0
13.96
13.91
13.8
13.74
13.71
13.66
13.61
13.47
13.3
13.15
13.0
12.82
12.73
12.74
12.73
12.65
12.55
12.69
12.79
12.58
12.34
12.23
12.11
11.86
11.53
11.27
11.16
10.96
10.79
10.54
10.42
10.22
9.99
9.8
9.76
9.8
9.79
9.69
9.53
2.93
2.01
1.4
1.9
2.81
3.45
3.73
3.79
3.7
3.62
3.56
3.73
3.79
3.91
4.0
4.12
4.2
4.08
3.91
3.81
3.78
3.8
3.81
3.81
3.82
3.83
3.84
3.78
3.78
3.78
3.78
3.82
3.83
4.03
5.84
6.93
7.69
8.18
10.5
10.5
10.5
10.5
10.5
10.5
10.5
11.06
11.92
12.76
12.92
15.1
17.03
17.84
18.06
17.98
17.74
17.51
17.66
18.0
18.59
19.05
19.54
19.91
19.87
19.58
19.25
18.79
18.66
18.67
18.59
18.53
18.54
18.55
18.44
18.27
18.2
18.39
18.8
19.19
19.23
19.0
18.65
18.09
17.75
17.7
17.71
17.8
17.98
18.01
17.99
18.17
18.34
18.25
18.14
18.1
18.15
18.19
18.21
18.2
18.2
18.24
18.25
18.1
17.87
17.78
17.61
17.45
17.35
17.39
17.48
17.56
17.54
17.38
17.19
17.03
16.95
16.84
16.69
16.43
16.02
15.75
15.64
15.56
15.56
15.54
15.5
15.33
15.16
15.0
14.84
14.5
14.27
14.25
14.22
13.94
13.57
13.41
13.25
13.1
12.99
12.87
12.84
12.89
12.86
12.77
12.66
12.57
12.48
12.43
12.28
12.1
11.89
11.72
11.63
2.25
1.99
2.07
2.39
2.81
3.09
3.15
2.64
2.31
2.33
2.44
2.48
2.59
2.82
3.03
3.14
3.33
3.5
3.56
3.74
3.9
3.96
4.02
3.99
3.93
4.02
3.95
4.02
4.04
4.07
4.08
4.16
4.26
4.25
4.21
4.26
4.66
5.47
7.24
7.6
7.87
7.69
7.74
7.6
8.65
9.58
9.82
10.5
10.94
11.26
11.82
12.22
12.36
12.41
12.48
12.73
13.45
14.49
15.25
15.85
16.13
16.26
16.32
16.47
16.52
16.56
16.65
16.71
16.65
16.51
16.32
16.18
16.22
16.35
16.54
16.74
16.8
16.62
16.27
16.06
16.06
16.06
15.88
15.69
15.71
15.78
15.81
15.84
15.93
16.01
16.04
16.01
15.95
15.77
15.54
15.44
15.3
15.26
15.33
15.2
15.11
15.09
15.12
15.13
15.1
14.99
14.78
14.49
14.31
14.35
14.44
14.48
14.43
14.4
14.34
14.33
14.37
14.03
13.85
13.66
13.57
13.51
13.52
13.51
13.48
13.47
13.58
13.68
13.59
13.45
13.39
13.41
13.3
13.18
12.97
12.78
12.54
12.32
12.34
12.34
12.18
11.97
11.81
11.7
11.46
11.53
11.65
11.73
11.77
11.77
11.68
11.56
11.15
2.33
2.33
2.35
2.4
2.39
2.08
2.01
1.96
1.81
1.93
2.29
2.55
2.79
2.89
2.95
3.09
3.31
3.46
3.53
3.81
4.0
3.87
3.55
3.23
2.7
2.44
2.53
2.83
3.22
3.55
3.93
4.29
4.6
4.81
4.81
4.47
4.57
5.0
5.52
5.46
5.27
5.14
5.06
5.05
5.03
8.61
11.01
12.72
13.44
14.2
14.26
14.24
14.27
14.25
14.14
14.08
14.16
14.24
14.5
14.9
15.03
15.19
15.34
15.27
15.15
14.95
14.79
14.96
14.96
14.72
14.8
15.03
15.5
16.02
16.33
16.42
16.46
16.72
17.25
17.21
16.85
16.6
16.45
16.24
16.11
16.31
16.61
16.6
16.39
16.23
16.24
16.25
16.22
16.18
16.26
16.1
15.89
15.79
15.55
15.45
15.37
15.21
15.21
15.3
15.54
15.73
15.82
15.95
15.79
15.45
15.09
14.86
14.13
13.06
13.13
13.17
12.86
12.48
12.17
12.0
11.63
11.28
11.05
10.93
11.12
11.33
11.0
10.59
10.54
10.25
9.73
9.18
8.68
8.37
8.26
8.17
8.06
8.04
7.98
8.0
8.08
7.94
7.69
7.53
7.52
7.53
7.52
7.47
7.33
7.19
7.1
7.09
7.01
2.75
2.77
2.41
2.32
2.26
2.39
2.58
2.79
2.99
3.23
3.33
3.19
3.09
3.15
3.2
3.11
2.96
3.02
3.06
3.19
3.4
3.51
3.58
3.58
3.54
3.52
3.63
3.82
4.26
4.48
4.45
4.45
4.57
4.63
4.58
4.46
4.34
4.2
4.16
4.51
4.87
4.91
4.89
4.93
4.99
5.12
5.35
5.79
6.27
8.1
8.37
8.78
8.59
8.43
8.97
10.3
11.47
12.2
12.93
13.14
14.05
15.27
15.51
15.7
15.99
16.12
16.21
16.24
16.14
15.94
16.16
16.47
16.64
16.43
16.35
16.38
16.52
16.67
16.76
16.67
16.28
15.96
16.03
16.03
15.82
15.61
15.05
14.31
13.16
11.82
11.28
11.38
11.25
10.95
11.06
11.12
11.05
11.07
10.86
11.02
10.99
10.94
10.82
10.6
10.31
10.16
10.34
10.93
11.28
11.72
12.32
12.92
13.14
13.3
13.81
14.0
13.89
13.73
13.64
13.56
13.5
13.33
13.16
13.03
12.79
12.45
12.2
12.11
12.19
12.23
12.18
12.14
11.97
11.56
11.06
10.78
10.63
10.5
10.58
10.62
10.62
10.57
10.51
10.42
10.31
10.22
10.25
10.32
10.21
10.14
10.07
10.01
9.94
3.31
3.19
3.07
3.01
3.05
3.01
2.94
3.17
3.46
3.6
3.65
3.73
3.79
3.82
3.79
3.7
3.58
3.65
3.77
3.83
3.84
3.86
4.05
4.25
4.53
4.9
5.07
5.38
5.77
6.38
7.04
7.44
7.63
8.34
9.22
9.71
10.53
11.13
11.85
12.33
12.86
13.14
13.49
13.94
14.25
14.71
14.91
15.06
15.1
14.93
14.99
15.26
15.33
15.56
16.34
17.06
16.48
16.4
16.62
16.89
17.05
17.19
16.73
16.34
16.15
16.22
16.31
16.43
16.41
16.33
16.29
16.22
16.25
16.34
16.38
16.34
16.22
16.11
16.16
16.4
16.7
16.99
17.17
17.26
17.39
17.41
17.31
17.21
16.94
16.55
16.12
15.97
15.61
15.33
14.98
14.45
14.13
13.59
12.56
11.64
11.01
10.77
10.74
10.79
10.97
11.17
11.0
10.74
10.53
10.39
10.29
10.27
10.43
10.53
10.56
10.48
10.45
10.42
10.38
10.26
10.36
10.51
10.55
10.59
10.59
10.6
10.72
10.82
10.87
10.89
10.84
10.64
10.49
10.3
10.09
9.99
9.84
9.58
9.43
9.34
9.35
9.37
9.33
9.17
8.98
8.65
8.42
8.26
8.18
8.16
8.18
8.2
8.06
3.36
3.4
3.47
3.52
3.52
3.46
3.39
3.37
3.29
3.24
3.38
3.63
3.55
4.13
5.2
6.07
6.61
6.98
7.04
7.01
7.08
7.46
7.51
7.5
7.47
7.45
8.31
9.76
10.88
11.77
12.35
12.88
13.28
13.4
13.37
13.28
13.24
13.45
13.65
14.01
14.45
14.92
15.39
15.69
16.44
16.77
17.12
17.54
17.75
17.86
17.89
18.0
18.19
18.38
18.57
18.74
18.81
18.88
18.85
18.58
18.46
18.33
18.17
18.11
18.25
18.17
18.11
18.03
18.14
18.33
18.45
18.29
18.17
17.93
17.79
17.78
17.77
17.78
17.82
17.74
17.52
17.41
17.29
17.2
17.18
17.14
17.17
17.21
17.24
17.22
17.27
17.55
17.74
17.77
17.7
17.63
17.6
17.53
17.4
17.2
17.11
17.12
17.15
17.0
16.85
16.83
16.84
16.78
16.57
16.39
16.32
16.21
16.05
15.98
15.92
15.79
15.48
15.21
15.07
15.02
14.97
14.99
14.97
14.97
14.97
14.94
14.84
14.8
14.76
14.75
14.75
14.68
14.55
14.35
14.18
14.02
13.9
13.78
13.76
13.82
13.78
13.68
13.46
13.18
12.93
12.87
12.86
12.78
12.58
12.35
12.11
12.01
11.8
2.72
2.72
2.63
2.57
2.72
2.68
2.6
2.69
2.72
2.74
2.77
2.47
2.48
2.69
2.99
3.32
3.6
3.71
3.68
3.58
3.51
3.49
3.55
3.55
3.4
3.33
3.25
3.24
3.41
3.61
3.71
3.77
3.86
4.06
4.49
4.85
5.17
5.65
5.83
5.89
5.62
5.06
4.72
5.01
5.13
5.22
5.35
5.56
5.76
5.97
6.0
6.04
7.27
9.43
10.26
9.65
8.01
7.95
9.52
10.35
11.07
11.65
12.32
12.55
12.69
12.8
12.82
12.83
12.87
12.94
13.08
13.33
13.28
14.05
14.19
14.09
13.87
14.41
15.08
15.21
15.64
16.22
16.46
16.63
16.7
16.59
16.44
16.32
16.21
16.14
15.81
15.59
15.42
15.16
14.94
15.09
15.56
15.77
15.91
15.81
15.71
15.61
15.58
15.64
15.51
15.42
15.4
15.34
15.19
14.98
14.91
14.78
14.48
14.03
13.5
13.4
13.21
13.0
12.82
12.77
12.91
12.88
12.78
12.6
12.59
12.63
12.71
12.5
12.09
11.84
11.78
11.76
11.86
11.76
11.53
11.34
10.97
10.39
9.9
9.63
9.45
9.42
9.37
9.17
9.05
8.92
8.71
8.55
8.39
8.35
8.35
8.3
8.31
2.78
2.45
2.03
1.62
1.44
1.64
1.8
1.97
2.03
2.11
2.31
2.36
2.64
2.91
3.04
3.14
3.41
3.54
3.49
3.45
3.44
3.43
3.43
3.59
3.65
3.75
4.03
4.28
4.43
4.53
4.64
4.69
4.7
4.55
4.25
4.12
4.17
4.28
4.41
4.7
5.21
6.28
7.24
8.68
9.46
10.14
10.96
10.5
10.23
10.38
9.79
9.64
10.89
13.38
15.2
16.08
16.5
16.68
16.72
16.7
16.78
16.86
17.05
17.17
17.35
17.67
18.13
18.37
18.3
17.95
17.56
17.35
16.96
16.63
16.58
16.56
16.41
16.11
15.98
16.16
16.56
16.53
16.52
16.66
16.77
16.55
16.33
16.2
16.12
16.01
16.01
16.05
16.16
16.29
16.25
16.1
15.94
15.82
15.72
15.71
15.75
15.73
15.52
15.17
14.98
15.01
15.04
15.05
15.04
15.07
15.09
15.45
15.83
15.67
15.5
15.39
15.29
15.24
15.32
15.37
15.4
15.48
15.57
15.64
15.75
15.85
15.82
15.71
15.51
15.03
14.38
13.83
13.47
13.15
12.99
12.81
12.55
12.28
12.19
12.09
11.94
12.01
11.88
11.48
11.49
11.53
11.57
11.6
11.62
10.99
10.72
10.37
10.09
