    
    
    
    
    
    
    
    
    
    
    
    
    
    
    
    
    
    
    
    
    
    
    
    
    
    
    
    
    
    
    
    
    
    
    
    
    
    
    
    
    
    
    
    
    
    
    
    
    
    
    
    
    
    
    
    
    
    
    
    
    
    
    
    
    
    
    
    
    
    
    
    
    
    
    
    
    
    
    
    
    
    
    
    
    
    
    
    
    
    
    
    
    
    
    
    
    
    
    
    
    
    
    
    
    
    
    
    
    
    
    
    
    
    
    
    
    
    
    
    
    
    
    
    
    
    
    
    
    
    
    
    
    
    
    
    
    
    
    
    
    
    
    
    
    
    
    
    
    
    
    
    
    
    
    
    
    
    
    
    
    
    
    
    
    
    
    
    
    
    
    
    
    
    
    
    
    
    
    
    
    
    
    
    
    
    
    
    
    
    
    
    
    
    
    
    
    
    
    
    
    
    
    
    
    
    
    
    
    
    
    
    
    
    
    
    
    
    
    
    
    
    
    
    
    
    
    
    
    
    
    
    
    
    
    
    
    
    
    
    
    
    
    
    
    
    
    
    
    
    
    
    
    
    
    
    
    
    
    
    
    
    
    
    
    
    
    
    
    
    
    
    
    
    
    
    
    
    
    
    
    
    
    
    
    
    
    
    
    
    
    
    
    
    
    
    
    
    
    
    
    
    
    
    
    
    
    
    
    
    
    
    
    
    
    
    
    
    
    
    
    
    
    
    
    
    
    
    
    
    
    
    
    
    
    
    
    
    
    
    
    
    
    
    
    
    
    
    
    
    
    
    
    
    
    
    
    
    
    
    
    
    
    
    
    
    
    
    
    
    
    
    
    
    
    
    
    
    
    
    
    
    
    
    
    
    
    
    
    
    
    
    
    
    
    
    
    
    
    
    
    
    
    
    
    
    
    
    
    
    
    
    
    
    
    
    
    
    
    
    
    
    
    
    
    
    
    
    
    
    
    
    
    
    
    
    
    
    
    
    
    
    
    
    
    
    
    
    
    
    
    
    
    
    
    
    
    
    
    
    
    
    
    
    
    
    
    
    
    
    
    
    
    
    
    
    
    
    
    
    
    
    
    
    
    
    
    
    
    
    
    
    
    
    
    
    
    
    
    
    
    
    
    
    
    
    
    
    
    
    
    
    
    
    
    
    
    
    
    
    
    
    
    
    
    
    
    
    
    
    
    
    
    
    
    
    
    
    
    
    
    
    
    
    
    
    
    
    
    
    
    
    
    
    
    
    
    
    
    
    
    
    
    
    
    
    
    
    
    
    
    
    
    
    
    
    
    
    
    
    
    
    
    
    
    
    
    
    
    
    
    
    
    
    
    
    
    
    
    
    
    
    
    
    
    
    
    
    
    
    
    
    
    
    
    
    
    
    
    
    
    
    
    
    
    
    
    
    
    
    
    
    
    
    
    
    
    
    
    
    
    
    
    
    
    
    
    
    
    
    
    
    
    
    
    
    
    
    
    
    
    
    
    
    
    
    
    
    
    
    
    
    
    
    
    
    
    
    
    
    
    
    
    
    
    
    
    
    
    
    
    
    
    
    
    
    
    
    
    
    
    
    
    
    
    
    
    
    
    
    
    
    
    
    
    
    
    
    
    
    
    
    
    
    
    
    
    
    
    
    
    
    
    
    
    
    
    
    
    
    
    
    
    
    
    
    
    
    
    
    
    
    
    
    
    
    
    
    
    
    
    
    
    
    
    
    
    
    
    
    
    
    
    
    
    
    
    
    
    
    
    
    
    
    
    
    
    
    
    
    
    
    
    
    
    
    
    
    
    
    
    
    
    
    
    
    
    
    
    
    
    
    
    
    
    
    
    
    
    
    
    
    
    
    
    
    
    
    
    
    
    
    
    
    
    
    
    
    
    
    
    
    
    
    
    
    
    
    
    
    
    
    
    
    
    
    
    
    
    
    
    
    
    
    
    
    
    
    
    
    
    
    
    
    
    
    
    
    
    
    
    
    
    
    
    
    
    
    
    
    
    
    
    
    
    
    
    
    
    
    
    
    
    
    
    
    
    
    
    
    
    
    
    
    
    
    
    
    
    
    
    
    
    
    
    
    
    
    
    
    
    
    
    
    
    
    
    
    
    
    
    
    
    
    
    
    
    
    
    
    
    
    
    
    
    
    
    
    
    
    
    
    
    
    
    
    
    
    
    
    
    
    
    
    
    
    
    
    
    
    
    
    
    
    
    
    
    
    
    
    
    
    
    
    
    
    
    
    
    
    
    
    
    
    
    
    
    
    
    
    
    
    
    
    
    
19.0
19.09
18.95
18.85
18.8
18.8
18.89
19.02
19.07
19.39
19.16
19.17
19.13
18.86
18.65
18.42
18.06
17.85
17.41
17.26
17.06
17.02
16.84
16.47
16.30
15.94
15.52
15.25
14.99
14.84
14.60
14.35
14.42
14.27
13.28
12.70
12.75
12.11
12.05
12.13
12.18
12.24
11.93
10.78
10.00
10.05
10.24
10.51
10.60
10.42
10.09
9.86
10.48
11.09
10.76
10.45
10.02
10.22
10.31
10.50
10.74
10.95
11.08
11.26
11.47
11.74
11.99
12.17
12.04
12.26
12.59
12.36
12.34
12.49
12.68
12.82
13.20
13.31
13.34
13.54
13.93
14.11
14.35
14.64
14.85
15.40
15.74
15.92
16.01
16.06
16.26
16.33
16.32
16.38
16.74
17.06
17.30
17.62
17.89
17.81
18.10
18.84
18.88
18.74
19.1
19.34
19.20
18.99
18.68
18.72
19.04
19.34
19.83
19.21
18.50
18.05
18.07
18.22
18.56
18.92
18.62
19.08
19.16
19.28
18.93
18.44
18.48
18.83
18.72
18.23
17.95
18.18
18.75
19.01
19.61
19.28
19.33
18.66
17.78
17.87
17.75
17.88
18.09
18.18
18.19
18.02
17.68
17.47
17.62
17.50
15.07
15.10
15.29
15.02
15.70
15.75
15.59
15.01
14.93
14.57
14.43
15.01
15.25
15.34
15.25
14.96
15.18
15.36
15.26
15.46
15.63
15.77
15.75
15.56
15.54
15.15
14.91
14.45
14.31
14.35
14.46
14.55
14.60
14.56
14.18
13.98
13.95
14.05
14.07
13.36
13.51
13.66
13.10
13.07
12.75
12.38
12.18
12.40
11.96
11.7
11.82
11.75
11.65
11.09
10.93
10.43
10.40
10.28
10.20
11.13
11.73
11.93
11.83
12.28
12.19
11.63
11.16
11.82
12.16
12.24
12.16
12.07
11.91
12.05
12.76
13.02
13.10
13.45
13.55
13.69
14.17
14.09
13.8
13.77
14.19
14.37
14.71
14.95
15.18
15.25
15.40
15.42
15.81
16.49
17.13
17.47
17.81
18.43
18.41
18.07
17.74
17.85
18.17
18.61
18.83
18.97
19.23
19.52
18.86
18.46
17.79
17.57
17.70
17.94
18.49
18.71
18.54
18.46
18.36
18.40
18.56
18.38
18.23
18.21
18.38
18.67
18.70
19.29
20.04
20.15
20.01
19.76
19.52
19.14
19.45
19.48
19.04
18.73
19.02
19.33
18.79
18.36
18.31
18.63
18.79
18.68
19.27
19.28
19.12
18.91
18.84
18.84
18.94
18.89
18.42
18.34
18.15
17.75
17.20
16.85
16.57
15.87
16.50
16.86
16.96
17.03
17.07
16.56
15.83
15.79
15.66
15.67
15.84
15.74
15.16
14.53
14.21
14.25
14.45
14.42
14.57
14.51
14.07
13.88
14.14
13.80
13.66
13.46
13.20
12.76
12.96
12.33
12.32
11.74
11.84
11.85
11.90
12.22
12.08
11.84
11.53
10.87
9.89
9.57
9.65
9.70
9.49
9.75
8.84
8.48
9.07
8.73
12.35
12.43
12.64
12.96
13.56
13.86
14.28
14.68
15.11
15.19
15.18
15.24
15.33
15.79
15.42
15.50
15.85
16.34
15.97
16.00
15.62
15.15
15.36
15.94
16.32
16.20
16.13
16.32
16.55
17.00
16.92
16.97
17.79
17.97
18.21
18.24
17.64
17.28
17.69
17.86
17.96
17.80
18.08
18.41
18.52
18.60
18.58
18.63
19.09
19.43
19.00
    
18.56
19.33
19.55
19.25
19.86
20.00
20.20
19.86
19.98
19.76
19.50
19.59
19.68
19.73
19.70
19.55
19.00
18.90
19.07
19.91
19.71
19.41
19.17
18.86
19.11
19.27
19.31
19.33
19.44
19.62
19.68
19.55
18.99
18.23
18.07
17.68
17.75
17.91
18.09
17.99
17.99
18.08
18.09
18.06
18.13
17.92
18.22
18.09
17.79
17.83
17.88
17.90
17.96
17.77
17.71
17.81
18.29
18.03
17.68
17.84
18.03
17.66
17.52
17.40
17.24
16.98
16.94
16.68
16.47
16.46
16.49
16.50
16.52
16.48
16.45
16.44
16.41
16.40
16.41
16.39
16.36
16.32
16.15
16.03
15.98
15.86
15.53
15.29
15.32
15.25
14.25
14.25
14.35
14.16
13.54
13.23
13.10
12.77
12.62
12.81
    
11.65
11.79
11.78
11.82
11.99
12.08
12.20
12.19
12.21
12.41
12.66
12.73
12.90
13.03
13.06
13.57
13.58
13.41
13.19
13.18
14.26
15.06
14.87
15.23
15.67
16.13
15.47
15.42
15.54
15.42
15.50
15.31
15.24
15.10
14.85
14.71
14.84
14.97
15.11
15.68
17.19
17.09
16.58
16.53
16.57
16.77
16.92
17.21
17.71
17.58
17.29
17.22
17.44
18.14
17.48
17.27
17.36
17.21
16.87
16.73
16.99
17.25
16.88
16.19
15.72
16.02
16.43
16.53
16.34
16.51
16.63
16.55
16.62
16.65
16.63
16.75
16.75
16.79
17.05
17.23
17.18
17.08
17.11
17.25
17.31
17.26
17.32
17.56
18.17
18.40
18.47
18.26
17.97
17.92
17.88
17.57
17.39
17.25
17.2
17.25
17.71
17.98
17.86
17.81
17.68
17.6
17.53
17.49
17.4
17.31
17.32
17.3
17.34
17.21
17.1
17.04
17.01
16.94
16.83
16.67
16.46
16.37
16.3
16.26
16.16
16.1
16.06
16.05
16.03
15.78
15.53
15.43
15.32
15.22
14.94
14.89
14.68
14.53
14.31
14.10
13.87
13.61
13.17
12.88
13.06
13.02
12.55
12.44
12.68
12.85
12.85
12.88
13.01
10.72
10.88
10.91
11.03
11.81
11.74
11.92
11.98
12.20
12.47
12.50
12.57
12.85
12.99
13.21
13.25
13.65
13.84
13.84
13.88
13.98
14.20
14.42
14.81
14.78
14.80
14.94
15.33
15.36
15.66
15.82
15.85
16.05
17.14
17.12
16.69
16.70
16.77
16.80
17.03
16.40
16.02
16.12
16.13
16.33
16.10
16.11
15.64
15.59
14.75
15.05
15.32
15.58
15.51
15.76
16.17
16.68
17.31
17.22
17.18
17.07
17.26
17.68
17.84
17.93
17.68
17.57
17.76
17.72
18.02
18.22
18.25
18.46
18.25
18.10
17.98
18.23
18.67
18.61
18.55
18.56
18.36
18.07
17.87
17.87
17.94
18.06
17.86
17.87
18.08
18.02
18.03
18.06
18.26
18.49
18.70
18.73
19.05
19.02
18.71
18.45
18.31
18.34
18.36
18.20
18.08
18.03
18.01
17.93
17.85
17.76
17.7
17.68
17.66
17.68
17.68
17.67
17.58
17.48
17.39
17.34
17.4
17.30
17.21
17.22
17.20
17.2
17.14
16.96
16.77
16.62
16.43
16.3
16.14
15.99
15.8
15.62
15.47
15.18
15.04
14.9
14.85
14.72
14.66
14.52
14.30
13.98
14.04
14.08
13.89
13.82
13.65
13.42
